episode,steps,X,Y,yaw,steer,throttle,action,reward,done,all_wheels_on_track,progress,closest_waypoint,track_len,tstamp,episode_status,pause_duration,obstacle_crash_counter
380,1.0,0.2077540458366257,-2.172937089268032,179.97432184397996,-30.0,0.5,[-30.0 0.5],0.0,False,True,0.23334146357335295,0,59.99785047027138,2545.146,prepare,0.0,0
380,2.0,0.2077539011905872,-2.1729670099369005,179.9865076096849,-13.786306670062906,3.4706328814516905,[-13.786306670062906 3.4706328814516905],1.3352003975085298,False,True,0.23334169291509746,0,59.99785047027138,2545.207,in_progress,0.0,0
380,3.0,0.20053685283714337,-2.1724456438891884,179.7285929681612,-10.908112178820193,4.0,[-10.908112178820193 4.0],1.435555912392189,False,True,0.24537074207519696,0,59.99785047027138,2545.281,in_progress,0.0,0
380,4.0,0.1755793631878244,-2.167605045679567,178.5284098810338,2.6285280577554673,4.0,[2.6285280577554673 4.0],1.4238365587716624,False,True,0.28696994714315704,1,59.99785047027138,2545.345,in_progress,0.0,0
380,5.0,0.13302944297874655,-2.162957352738131,177.61955913423222,29.96762870842553,0.5,[29.96762870842553 0.5],0.30896636550044776,False,True,0.357890843750848,1,59.99785047027138,2545.42,in_progress,0.0,0
380,6.0,0.09141009044134604,-2.171650836520579,-179.8327943498759,24.627187835056922,2.5975817575218327,[24.627187835056922 2.5975817575218327],0.8197130069145045,False,True,0.4272555024144441,1,59.99785047027138,2545.484,in_progress,0.0,0
380,7.0,0.04603726341978537,-2.191151942737257,-175.2782932772128,-16.76620141169925,2.8152117003468344,[-16.76620141169925 2.8152117003468344],0.8808225571280487,False,True,0.502871933933354,1,59.99785047027138,2545.541,in_progress,0.0,0
380,8.0,-0.011176026623619106,-2.2086328903671384,-172.44282836220336,-30.0,4.0,[-30.0 4.0],1.180164556816058,False,True,0.5982732522175489,1,59.99785047027138,2545.621,in_progress,0.0,0
380,9.0,-0.0829121285388505,-2.207310768925281,-174.9274625871344,-21.384460960903144,2.4691725338922215,[-21.384460960903144 2.4691725338922215],0.8337944312428061,False,True,0.7178363782996217,1,59.99785047027138,2545.688,in_progress,0.0,0
380,10.0,-0.17207589981868987,-2.1814015504732067,177.88376850316024,-30.0,2.8381635134400094,[-30.0 2.8381635134400094],0.9495926447291391,False,True,0.8664223640078949,2,59.99785047027138,2545.751,in_progress,0.0,0
380,11.0,-0.25928851558393645,-2.139819667693905,169.21295365889117,23.88954379614927,1.1641530870251873,[23.88954379614927 1.1641530870251873],0.5707780981055158,False,True,1.0117408236787182,2,59.99785047027138,2545.823,in_progress,0.0,0
380,12.0,-0.3517871840137087,-2.089100267707438,160.14423428673172,6.3130960666685,3.919334741209566,[6.3130960666685 3.919334741209566],1.568624351833537,False,True,1.1659157724015237,2,59.99785047027138,2545.89,in_progress,0.0,0
380,13.0,-0.44598191718275626,-2.0469515640387597,157.33482382086225,30.0,0.5,[30.0 0.5],0.41766842093176043,False,True,1.3228986157999527,3,59.99785047027138,2545.964,in_progress,0.0,0
380,14.0,-0.5594762790179386,-2.0113300278976722,157.83101886575147,30.0,0.5,[30.0 0.5],0.4426511818908869,False,True,1.5120508267767583,3,59.99785047027138,2546.005,in_progress,0.0,0
380,15.0,-0.6098128711183752,-2.0042900915627864,160.87811120405613,6.579736859119464,1.0493031509196338,[6.579736859119464 1.0493031509196338],0.7055721074469878,False,True,1.5962248457189985,3,59.99785047027138,2546.095,in_progress,0.0,0
380,16.0,-0.7124348526720252,-1.9923567607085384,165.62923264601358,15.19814675517808,0.5,[15.19814675517808 0.5],0.4622091676054881,False,True,1.7672833085281274,3,59.99785047027138,2546.16,in_progress,0.0,0
380,17.0,-0.786449341195148,-1.9901340376479872,169.41295477124768,29.635435005647324,0.5,[29.635435005647324 0.5],0.4704835718982177,False,True,1.8906481043612815,4,59.99785047027138,2546.22,in_progress,0.0,0
380,18.0,-0.8468319811990578,-1.9915277605809232,172.21201191849022,14.051323085289937,0.5,[14.051323085289937 0.5],0.5928760262990641,False,True,1.9912875718486114,4,59.99785047027138,2546.285,in_progress,0.0,0
380,19.0,-0.9047162388193496,-1.9978706691303916,175.41712858070053,30.0,0.5,[30.0 0.5],0.4774451242080601,False,True,2.0877563875457956,4,59.99785047027138,2546.362,in_progress,0.0,0
380,20.0,-0.9578848352259747,-2.011549547749694,179.7356253685857,-30.0,1.8976571532244064,[-30.0 1.8976571532244064],0.7868165527128506,False,True,2.17619852948179,4,59.99785047027138,2546.399,in_progress,0.0,0
380,21.0,-0.9806691282772042,-2.0205238745620284,-177.81004603549587,22.996556939787297,0.5,[22.996556939787297 0.5],0.4731239802935779,False,True,2.2141706115462063,4,59.99785047027138,2546.495,in_progress,0.0,0
380,22.0,-1.0497739000115331,-2.0368267132774553,-174.75209297758548,30.0,1.2064268219011551,[30.0 1.2064268219011551],0.6352731739681303,False,True,2.3293437246569417,4,59.99785047027138,2546.538,in_progress,0.0,0
380,23.0,-1.081688039523425,-2.048342025997302,-172.68935258868774,-2.867265388098552,3.341430527215997,[-2.867265388098552 3.341430527215997],1.3775307828023564,False,True,2.3825318847686083,5,59.99785047027138,2546.633,in_progress,0.0,0
380,24.0,-1.165445544181976,-2.0768826454772937,-168.90437346908885,5.577956881378171,1.9304570572716924,[5.577956881378171 1.9304570572716924],1.0025126669569446,False,True,2.522122867418338,5,59.99785047027138,2546.664,in_progress,0.0,0
380,25.0,-1.195827447536817,-2.0825308488024796,-168.96925837956505,-23.227780669303502,1.1305880689691987,[-23.227780669303502 1.1305880689691987],0.6798161413139642,False,True,2.5727592354155204,5,59.99785047027138,2546.751,in_progress,0.0,0
380,26.0,-1.3078820470538095,-2.0932827422050284,-171.2195736689298,-12.865101757657115,4.0,[-12.865101757657115 4.0],1.7334781277384437,False,True,2.75936962623333,5,59.99785047027138,2546.812,in_progress,0.0,0
380,27.0,-1.39623312602549,-2.0903262417883943,-174.72277561791898,-30.0,2.271220895395703,[-30.0 2.271220895395703],0.9835777169263387,False,True,2.9066220778594607,6,59.99785047027138,2546.885,in_progress,0.0,0
380,28.0,-1.4945851617965438,-2.0707525278913477,179.18067171308115,-8.926647274876466,2.738741376089978,[-8.926647274876466 2.738741376089978],1.2714360995885465,False,True,3.0705177556180345,6,59.99785047027138,2546.954,in_progress,0.0,0
380,29.0,-1.6028681560800275,-2.032870748369103,171.3685410850647,30.0,1.4401294527339776,[30.0 1.4401294527339776],0.7459683277460023,False,True,3.251059455640357,6,59.99785047027138,2547.011,in_progress,0.0,0
380,30.0,-1.6878803655478911,-1.9991216565652825,166.04732584195528,6.415353226523635,0.5,[6.415353226523635 0.5],0.6852615453855828,False,True,3.392728852538075,6,59.99785047027138,2547.063,in_progress,0.0,0
380,31.0,-1.7891557484974943,-1.9697560831782333,164.47905020110315,30.0,0.5,[30.0 0.5],0.5605306928965995,False,True,3.5615074537280593,7,59.99785047027138,2547.159,in_progress,0.0,0
380,32.0,-1.9030200468957426,-1.9384778713102189,164.52542627083605,30.0,0.8653448698052006,[30.0 0.8653448698052006],0.5959920280786243,False,True,3.751736770397924,7,59.99785047027138,2547.213,in_progress,0.0,0
380,33.0,-1.9720803374692801,-1.9252194663732827,165.84928412080188,30.0,1.9896228884879543,[30.0 1.9896228884879543],0.8255536856628949,False,True,3.866858955005408,7,59.99785047027138,2547.282,in_progress,0.0,0
380,34.0,-2.051910267975999,-1.9215403407653622,169.44916578243416,-30.0,2.180030701145464,[-30.0 2.180030701145464],0.8702830006475989,False,True,3.999918451223081,8,59.99785047027138,2547.347,in_progress,0.0,0
380,35.0,-2.146210650682639,-1.9187765730398705,172.48175681459648,30.0,1.4461847175657487,[30.0 1.4461847175657487],0.7326604110491847,False,True,4.1570950081503275,8,59.99785047027138,2547.409,in_progress,0.0,0
380,36.0,-2.2234560442443314,-1.9130001541918438,173.428067459766,30.0,0.5,[30.0 0.5],0.5494536460085923,False,True,4.286027036679874,8,59.99785047027138,2547.491,in_progress,0.0,0
380,37.0,-2.3318390685216888,-1.915540671148041,176.5066372856867,30.0,0.5,[30.0 0.5],0.5607719272394004,False,True,4.466666641606432,8,59.99785047027138,2547.548,in_progress,0.0,0
380,38.0,-2.379966299616818,-1.924766651109689,179.3771062769535,-15.344180846290294,1.1846428491677714,[-15.344180846290294 1.1846428491677714],0.698610039112668,False,True,4.546862955021574,9,59.99785047027138,2547.604,in_progress,0.0,0
380,39.0,-2.440434552079362,-1.9331679950804983,-178.64917701978123,-5.581997833348748,3.648585230786421,[-5.581997833348748 3.648585230786421],1.4931000599065212,False,True,4.647630017679327,9,59.99785047027138,2547.684,in_progress,0.0,0
380,40.0,-2.5187320266574664,-1.9362935883571415,-178.38454196503176,-1.1096366968486535,1.537981375636858,[-1.1096366968486535 1.537981375636858],0.9729434463279454,False,True,4.777499445379796,9,59.99785047027138,2547.755,in_progress,0.0,0
380,41.0,-2.6173521835087357,-1.9317594276274623,-179.89308128340085,-1.8889535683398613,3.40900070292912,[-1.8889535683398613 3.40900070292912],1.4523343153334274,False,True,4.941869384950625,9,59.99785047027138,2547.822,in_progress,0.0,0
380,42.0,-2.7097820248597304,-1.92525906725676,178.55989664990022,2.5592071851416094,2.8932619516523537,[2.5592071851416094 2.8932619516523537],1.333640852584699,False,True,5.095920520559079,10,59.99785047027138,2547.882,in_progress,0.0,0
380,43.0,-2.810051356327052,-1.9180283882702487,177.39815485424802,2.5491896700982153,0.5,[2.5491896700982153 0.5],0.7469953383868837,False,True,5.263037478658247,10,59.99785047027138,2547.953,in_progress,0.0,0
380,44.0,-2.9316672064273757,-1.907416289762723,175.97372625240092,30.0,0.5,[30.0 0.5],0.610095216153013,False,True,5.4653058873537095,10,59.99785047027138,2548.026,in_progress,0.0,0
380,45.0,-3.019888362579326,-1.9070165639698462,177.36560040481493,-5.502664433966618,0.5,[-5.502664433966618 0.5],0.7716397949843548,False,True,5.612345390430249,11,59.99785047027138,2548.083,in_progress,0.0,0
380,46.0,-3.0913575125353447,-1.9102970636965775,178.8883730077449,-30.0,2.157721984268499,[-30.0 2.157721984268499],0.9534741992331677,False,True,5.731472128933408,11,59.99785047027138,2548.155,in_progress,0.0,0
380,47.0,-3.172522528608166,-1.9012169388648086,177.12930508634096,30.0,1.8735945545141852,[30.0 1.8735945545141852],0.9027102900277998,False,True,5.866570879166252,11,59.99785047027138,2548.225,in_progress,0.0,0
380,48.0,-3.2585720363169375,-1.8847985282476472,174.50659906186712,30.0,0.5,[30.0 0.5],0.6347624781471262,False,True,6.00994528192871,11,59.99785047027138,2548.29,in_progress,0.0,0
380,49.0,-3.346626565093776,-1.8893128520318463,177.6642591023222,30.0,0.5,[30.0 0.5],0.6417914152804669,False,True,6.156720628187123,12,59.99785047027138,2548.358,in_progress,0.0,0
380,50.0,-3.41499707219919,-1.8958312639247312,179.70240626127924,22.357925698336835,0.5,[22.357925698336835 0.5],0.6459192253050315,False,True,6.270693804179415,12,59.99785047027138,2548.416,in_progress,0.0,0
380,51.0,-3.4645937820199872,-1.9102549228908605,-176.81669386685573,-6.447998056304403,0.5,[-6.447998056304403 0.5],0.8092744437561948,False,True,6.353976977736095,12,59.99785047027138,2548.493,in_progress,0.0,0
380,52.0,-3.513153880796592,-1.926998578484766,-173.40550004825823,-30.0,3.834779054905991,[-30.0 3.834779054905991],1.3157455480772875,False,True,6.434923908427595,12,59.99785047027138,2548.563,in_progress,0.0,0
380,53.0,-3.56593008074734,-1.9322126597983151,-173.74158402310093,-15.651587880051048,2.2253712385982456,[-15.651587880051048 2.2253712385982456],0.9958961264037396,False,True,6.522890668627386,12,59.99785047027138,2548.598,in_progress,0.0,0
380,54.0,-3.6023231481045452,-1.9262255931925338,-175.99822623097273,14.408316783816993,0.5,[14.408316783816993 0.5],0.8132796189454918,False,True,6.583544181217748,13,59.99785047027138,2548.67,in_progress,0.0,0
380,55.0,-3.6822211260015054,-1.9113431938172467,179.30821427826058,-19.50928998920979,4.0,[-19.50928998920979 4.0],1.3565268093643903,False,True,6.716702871639191,13,59.99785047027138,2548.741,in_progress,0.0,0
380,56.0,-3.757236840086518,-1.8993594363955086,176.44453393081437,-6.60158337762612,0.5,[-6.60158337762612 0.5],0.8269453107017144,False,True,6.839467129914141,13,59.99785047027138,2548.823,in_progress,0.0,0
380,57.0,-3.8267124009429785,-1.8779610237052546,172.16030038352082,30.0,0.5,[30.0 0.5],0.6659990183567297,False,True,6.955072683197101,13,59.99785047027138,2548.879,in_progress,0.0,0
380,58.0,-3.87518806794398,-1.8633924108049542,170.28425107165586,5.2284979471884085,1.2561094120009446,[5.2284979471884085 1.2561094120009446],1.0235636586269987,False,True,7.035738156635124,13,59.99785047027138,2548.949,in_progress,0.0,0
380,59.0,-3.9370035223825472,-1.8525825585960918,170.2165928891917,30.0,1.1610306742689414,[30.0 1.1610306742689414],0.8032997659871914,False,True,7.138670389167539,14,59.99785047027138,2549.026,in_progress,0.0,0
380,60.0,-4.021830921140598,-1.8478760672267822,172.33289151027896,30.0,2.977618714016551,[30.0 2.977618714016551],1.1731508262214945,False,True,7.280010762088686,14,59.99785047027138,2549.076,in_progress,0.0,0
380,61.0,-4.0914020387974706,-1.8574891876109334,176.61628490920214,30.0,2.3153952530317228,[30.0 2.3153952530317228],1.0445960453406613,False,True,7.3881257527720585,14,59.99785047027138,2549.143,in_progress,0.0,0
380,62.0,-4.187001292381348,-1.8899577781340424,-174.9876583231635,-16.887662072605952,0.5,[-16.887662072605952 0.5],0.6895039827732488,False,True,7.548526608681843,14,59.99785047027138,2549.213,in_progress,0.0,0
380,63.0,-4.273271261543261,-1.928397895247602,-166.02465421544684,19.44355536900519,4.0,[19.44355536900519 4.0],1.396252667770541,False,True,7.693582809942462,15,59.99785047027138,2549.279,in_progress,0.0,0
380,64.0,-4.36594885060003,-1.9678614480007313,-161.0657673301975,-20.623951094932075,0.6652578086137697,[-20.623951094932075 0.6652578086137697],0.8109285888919949,False,True,7.854031202691409,15,59.99785047027138,2549.346,in_progress,0.0,0
380,65.0,-4.451498488489796,-2.0072200845896755,-158.06554306957625,-30.0,2.2174270742423383,[-30.0 2.2174270742423383],1.1595888404148649,False,True,7.997081953351789,15,59.99785047027138,2549.424,in_progress,0.0,0
380,66.0,-4.552204918410916,-2.037062153168607,-160.2171388324788,-29.048593195201946,1.2411473190483662,[-29.048593195201946 1.2411473190483662],0.95406126045814,False,True,8.165281490322556,16,59.99785047027138,2549.486,in_progress,0.0,0
380,67.0,-4.643722548422917,-2.0481749403787024,-164.71085396039064,-30.0,1.9222773893990772,[-30.0 1.9222773893990772],1.1134952597868444,False,True,8.33814061081236,16,59.99785047027138,2549.558,in_progress,0.0,0
380,68.0,-4.740734255846758,-2.049968114986448,-169.89632821995812,-17.441533002609525,1.827772281112992,[-17.441533002609525 1.827772281112992],1.1012474234449803,False,True,8.499029068077594,17,59.99785047027138,2549.62,in_progress,0.0,0
380,69.0,-4.837241768707148,-2.0377046741059615,-176.188256278621,-30.0,4.0,[-30.0 4.0],1.587729154553861,False,True,8.66102112216263,17,59.99785047027138,2549.687,in_progress,0.0,0
380,70.0,-4.957024471530349,-2.0066407587629467,175.0651434965307,-30.0,0.5,[-30.0 0.5],0.8309645794202107,False,True,8.880722612566784,19,59.99785047027138,2549.756,in_progress,0.0,0
380,71.0,-5.055383194311737,-1.9583389713635158,163.11522841295033,-30.0,0.5,[-30.0 0.5],0.8422201749212288,False,True,9.077109606461514,19,59.99785047027138,2549.813,in_progress,0.0,0
380,72.0,-5.13142482943646,-1.9097166250082769,153.09736281032005,-30.0,0.5,[-30.0 0.5],0.849026812717214,False,True,9.218892229726011,20,59.99785047027138,2549.894,in_progress,0.0,0
380,73.0,-5.189004709397293,-1.8723244974323419,148.70352006520994,-26.418420405561832,3.0628325483902548,[-26.418420405561832 3.0628325483902548],1.4178843368737049,False,True,9.33862398929118,20,59.99785047027138,2549.959,in_progress,0.0,0
380,74.0,-5.238842527144336,-1.8300965499292408,145.30373095054807,30.0,2.1097774994739424,[30.0 2.1097774994739424],1.1014214747065967,False,True,9.437027427941782,21,59.99785047027138,2550.03,in_progress,0.0,0
380,75.0,-5.30980721924047,-1.763180299734537,142.17336539707472,-17.023753310746145,0.5,[-17.023753310746145 0.5],0.791539488813395,False,True,9.661213446657722,22,59.99785047027138,2550.07,in_progress,0.0,0
380,76.0,-5.3422928433258035,-1.7429891235304888,143.2511579359257,15.094583382319598,0.5,[15.094583382319598 0.5],0.7920774563307011,False,True,9.72444601048613,22,59.99785047027138,2550.15,in_progress,0.0,0
380,77.0,-5.419192064677766,-1.7024922016173338,146.5070559127413,30.0,3.6511559214308376,[30.0 3.6511559214308376],1.4301872467867587,False,True,9.890683491856178,23,59.99785047027138,2550.214,in_progress,0.0,0
380,78.0,-5.486033028888063,-1.6757610999110826,149.74858614603636,-13.90294658349245,0.5,[-13.90294658349245 0.5],1.0099944345777865,False,True,10.059648968582033,23,59.99785047027138,2550.287,in_progress,0.0,0
380,79.0,-5.556249938510955,-1.6504822909030408,153.27011990251816,-30.0,0.5,[-30.0 0.5],0.8126467888812539,False,True,10.18066841258934,24,59.99785047027138,2550.35,in_progress,0.0,0
380,80.0,-5.601239846074233,-1.6215162107407013,152.00864512513743,-30.0,3.7433097318464723,[-30.0 3.7433097318464723],1.467848512124813,False,True,10.328743231595213,24,59.99785047027138,2550.41,in_progress,0.0,0
380,81.0,-5.647109904564338,-1.5826908997815032,148.95958402334432,-3.834070992623012,2.440059922669816,[-3.834070992623012 2.440059922669816],1.513005031714613,False,True,10.428899181108035,25,59.99785047027138,2550.494,in_progress,0.0,0
380,82.0,-5.709993689951285,-1.5087438584422561,142.2533023520796,-24.439655784208046,2.3633216138907907,[-24.439655784208046 2.3633216138907907],1.2079661654847726,False,True,10.669589675637939,25,59.99785047027138,2550.533,in_progress,0.0,0
380,83.0,-5.7367639864979,-1.472930051222895,139.36837354596364,-30.0,1.661689082357581,[-30.0 1.661689082357581],1.069073921937926,False,True,10.744068204718474,26,59.99785047027138,2550.616,in_progress,0.0,0
380,84.0,-5.792995306873971,-1.3595195574009094,129.15954044805946,-4.284043892383888,4.0,[-4.284043892383888 4.0],1.9416315767397085,False,True,11.039818485913825,27,59.99785047027138,2550.692,in_progress,0.0,0
380,85.0,-5.835922381762849,-1.2445944354898124,121.07573734171505,-30.0,0.9517709653298528,[-30.0 0.9517709653298528],0.9594277299909623,False,True,11.325397975265288,27,59.99785047027138,2550.759,in_progress,0.0,0
380,86.0,-5.866774874981455,-1.1477358831434217,114.7153049246614,-30.0,0.5,[-30.0 0.5],0.8768914537662756,False,True,11.494822530215302,28,59.99785047027138,2550.833,in_progress,0.0,0
380,87.0,-5.894937792111858,-1.0385824582097554,110.23715208427441,-6.586853806412133,0.5,[-6.586853806412133 0.5],1.113915828444135,False,True,11.760080122038362,28,59.99785047027138,2550.874,in_progress,0.0,0
380,88.0,-5.903012031124466,-1.002960834617379,109.05542610642294,1.4531084195388253,1.3751179413453816,[1.4531084195388253 1.3751179413453816],1.3332725522246942,False,True,11.820789658129268,29,59.99785047027138,2550.961,in_progress,0.0,0
380,89.0,-5.927583670957462,-0.8955556655431626,106.60593461906112,-30.0,0.5,[-30.0 0.5],0.9002596643070554,False,True,12.00389496460583,29,59.99785047027138,2551.008,in_progress,0.0,0
380,90.0,-5.938121288837067,-0.8431441621164898,105.4884455598369,12.752994012569424,0.5,[12.752994012569424 0.5],1.131499660940258,False,True,12.13132041663092,29,59.99785047027138,2551.096,in_progress,0.0,0
380,91.0,-5.963911781172854,-0.7571717835522692,106.11107135836347,30.0,0.5,[30.0 0.5],0.9113413114098781,False,True,12.276875106859995,29,59.99785047027138,2551.14,in_progress,0.0,0
380,92.0,-5.981130212282335,-0.723383913016381,107.8578927894251,2.838262851195566,0.5,[2.838262851195566 0.5],1.2535975120931964,False,True,12.334767513329444,30,59.99785047027138,2551.226,in_progress,0.0,0
380,93.0,-6.0112878117097,-0.6649654482250656,110.33380634707505,13.24350749075191,0.5,[13.24350749075191 0.5],1.2579638446426809,False,True,12.434899810674379,30,59.99785047027138,2551.289,in_progress,0.0,0
380,94.0,-6.037607003205867,-0.627832536111002,113.15120071529422,30.0,3.529419813500872,[30.0 3.529419813500872],1.6737863844447494,False,True,12.499242290334742,30,59.99785047027138,2551.355,in_progress,0.0,0
380,95.0,-6.074526024274181,-0.5871418299156377,118.14636647725075,30.0,0.5,[30.0 0.5],1.008350747538447,False,True,12.56434611941884,30,59.99785047027138,2551.397,in_progress,0.0,0
380,96.0,-6.097641793519145,-0.5696505076676927,121.20172166993963,-30.0,1.6272173266972,[-30.0 1.6272173266972],1.2550814035587157,False,True,12.596710827081234,30,59.99785047027138,2551.491,in_progress,0.0,0
380,97.0,-6.15337585865936,-0.5106259796405179,124.89347306986654,-30.0,1.5238543449033528,[-30.0 1.5238543449033528],1.3487605841368557,False,True,12.702727195844544,30,59.99785047027138,2551.55,in_progress,0.0,0
380,98.0,-6.180646499536184,-0.4477623932531707,121.81839267924934,-30.0,0.5,[-30.0 0.5],1.1076139875276356,False,True,12.811030498589613,31,59.99785047027138,2551.62,in_progress,0.0,0
380,99.0,-6.197442200067853,-0.3806600630542635,117.08454271556505,-18.91303237269159,2.887448284220782,[-18.91303237269159 2.887448284220782],1.685292204679337,False,True,12.920633026905593,31,59.99785047027138,2551.693,in_progress,0.0,0
380,100.0,-6.209987241117015,-0.3121242870870586,112.49835307820592,-30.0,2.93545721678852,[-30.0 2.93545721678852],1.7020154580412936,False,True,13.036759617911093,31,59.99785047027138,2551.755,in_progress,0.0,0
380,101.0,-6.21102280958479,-0.22904274945959477,105.50266628244614,-30.0,1.8401542139684202,[-30.0 1.8401542139684202],1.4459153580115411,False,True,13.17340423858414,32,59.99785047027138,2551.823,in_progress,0.0,0
380,102.0,-6.192388306427292,-0.1333241240061891,95.95986476491373,29.728876781237695,3.395982638412678,[29.728876781237695 3.395982638412678],1.825826474994597,False,True,13.30667639351765,32,59.99785047027138,2551.884,in_progress,0.0,0
380,103.0,-6.176626372865874,-0.039499088581655295,90.68903119844684,30.0,0.5,[30.0 0.5],1.0430228221390185,False,True,13.447113844575654,33,59.99785047027138,2551.963,in_progress,0.0,0
380,104.0,-6.18069193656697,0.061390277569482316,90.82094376408475,30.0,0.5,[30.0 0.5],1.0490937271462424,False,True,13.581934070296892,33,59.99785047027138,2552.015,in_progress,0.0,0
380,105.0,-6.189092761978078,0.121457254726863,92.58139205141796,17.032407007280433,0.5,[17.032407007280433 0.5],1.0525609898428754,False,True,13.679006698157828,34,59.99785047027138,2552.097,in_progress,0.0,0
380,106.0,-6.206201001842889,0.19820432145134478,95.60446274275635,30.0,0.5,[30.0 0.5],1.0547919679512143,False,True,13.757857998200862,34,59.99785047027138,2552.162,in_progress,0.0,0
380,107.0,-6.224967912513844,0.24435387188334357,98.99286023764047,-10.474370737812077,2.5287719393937684,[-10.474370737812077 2.5287719393937684],1.8794509990301904,False,True,13.83941356009368,35,59.99785047027138,2552.226,in_progress,0.0,0
380,108.0,-6.249098307992557,0.2952261120752,102.48000531708445,-6.0464611933122185,0.5,[-6.0464611933122185 0.5],1.322536620589602,False,True,13.896610182277206,35,59.99785047027138,2552.264,in_progress,0.0,0
380,109.0,-6.252214360917415,0.32353791063809634,101.96205699690472,30.0,0.5,[30.0 0.5],0.9611239483508552,False,True,13.929946223322656,35,59.99785047027138,2552.358,in_progress,0.0,0
380,110.0,-6.264469157449458,0.3821755366326681,102.03204464164317,30.0,4.0,[30.0 4.0],1.6638225754970344,False,True,14.018173374293976,36,59.99785047027138,2552.421,in_progress,0.0,0
380,111.0,-6.286503545745243,0.4233090647002741,105.08582341215076,30.0,1.267421498729095,[30.0 1.267421498729095],1.1192816755696897,False,True,14.09437588550487,36,59.99785047027138,2552.489,in_progress,0.0,0
380,112.0,-6.32899526852079,0.4715293795065505,111.24916923288224,-14.661172067893132,1.7979834734280062,[-14.661172067893132 1.7979834734280062],1.532149734263534,False,True,14.143339519935047,36,59.99785047027138,2552.558,in_progress,0.0,0
380,113.0,-6.374082505046447,0.5240306680635068,116.53309423054176,30.0,1.3069897456566242,[30.0 1.3069897456566242],1.1318830443787948,False,True,14.257945525605113,37,59.99785047027138,2552.621,in_progress,0.0,0
380,114.0,-6.412746648024145,0.5804806563501969,118.62854016253554,30.0,1.5516222278511258,[30.0 1.5516222278511258],1.1811626162038544,False,True,14.306627088981056,37,59.99785047027138,2552.675,in_progress,0.0,0
380,115.0,-6.465088297003857,0.634577560585145,123.13388785271745,30.0,2.152916170724251,[30.0 2.152916170724251],1.3063380545776149,False,True,14.430051018494417,38,59.99785047027138,2552.742,in_progress,0.0,0
380,116.0,-6.536397452474549,0.6895153381602961,129.771900017591,7.686979904390213,2.1319889104086744,[7.686979904390213 2.1319889104086744],1.629983770503801,False,True,14.502533957004632,38,59.99785047027138,2552.824,in_progress,0.0,0
380,117.0,-6.63525333411481,0.7582766919386034,136.64318399132526,30.0,1.9848420485162863,[30.0 1.9848420485162863],1.2839431206801653,False,True,14.699861783044257,39,59.99785047027138,2552.878,in_progress,0.0,0
380,118.0,-6.726310993381696,0.8172591468943075,140.83424418074165,30.0,1.8532570272464022,[30.0 1.8532570272464022],1.2628501113490036,False,True,14.828442179059643,39,59.99785047027138,2552.95,in_progress,0.0,0
380,119.0,-6.831556047881075,0.8654334196194338,146.98515002348384,29.207280390258973,2.0894883703818756,[29.207280390258973 2.0894883703818756],1.3189600216721158,False,True,15.017705793262342,40,59.99785047027138,2553.025,in_progress,0.0,0
380,120.0,-6.959217614052626,0.9056805899677745,154.48051909665205,30.0,3.0613483338638003,[30.0 3.0613483338638003],1.5235283567887818,False,True,15.229599653582682,41,59.99785047027138,2553.091,in_progress,0.0,0
380,121.0,-7.091034026246604,0.9291381270324947,162.56107010526637,13.044011478965224,0.5,[13.044011478965224 0.5],1.2789205734399922,False,True,15.470143951613084,41,59.99785047027138,2553.155,in_progress,0.0,0
380,122.0,-7.214107243317154,0.9348097532142272,172.18620281993287,-18.706449596997338,1.342806708230737,[-18.706449596997338 1.342806708230737],1.2006924845024776,False,True,15.662859367667844,42,59.99785047027138,2553.223,in_progress,0.0,0
380,123.0,-7.332626506433551,0.9395091647340449,178.22695360106587,-13.890836065417634,2.8982435076351694,[-13.890836065417634 2.8982435076351694],1.9043545425663833,False,True,15.901566797993619,42,59.99785047027138,2553.294,in_progress,0.0,0
380,124.0,-7.448937256482928,0.9588181243236782,177.3685868224125,-30.0,3.507331901029489,[-30.0 3.507331901029489],1.8190596359543232,False,True,16.08486820835128,42,59.99785047027138,2553.356,in_progress,0.0,0
380,125.0,-7.56442818793711,0.9926490138225584,171.44714006976284,4.269403808555381,0.5,[4.269403808555381 0.5],1.4592238764016865,False,True,16.27929701139907,43,59.99785047027138,2553.414,in_progress,0.0,0
380,126.0,-7.680104361398444,1.0327924708572402,164.82173212639657,-30.0,0.5035118290166589,[-30.0 0.5035118290166589],1.1812250815389107,False,True,16.52254069673264,43,59.99785047027138,2553.492,in_progress,0.0,0
380,127.0,-7.784670816971581,1.0676242702750363,161.74538850113612,-30.0,2.3305808799257424,[-30.0 2.3305808799257424],1.7360966313393396,False,True,16.691591775278884,44,59.99785047027138,2553.557,in_progress,0.0,0
380,128.0,-7.885362635626838,1.1112145033738337,159.11389612604464,-30.0,1.9082994780660631,[-30.0 1.9082994780660631],1.6440657193570367,False,True,16.865468028674208,44,59.99785047027138,2553.617,in_progress,0.0,0
380,129.0,-7.978014354681042,1.1728167448494011,153.78925375124675,-30.0,3.340006821353071,[-30.0 3.340006821353071],1.9983344235773242,False,True,17.05869103496012,44,59.99785047027138,2553.689,in_progress,0.0,0
380,130.0,-8.076256170032122,1.257274626391826,146.9288358760994,-30.0,4.0,[-30.0 4.0],2.168607789841285,False,True,17.269592110515738,45,59.99785047027138,2553.758,in_progress,0.0,0
380,131.0,-8.178017813307589,1.376477480355154,137.1617215572898,-30.0,4.0,[-30.0 4.0],2.1833916690017774,False,True,17.52253692580671,45,59.99785047027138,2553.805,in_progress,0.0,0
380,132.0,-8.224388366658705,1.4470758097335243,131.08482911346044,-30.0,1.3689281398684814,[-30.0 1.3689281398684814],1.5587838309571915,False,True,17.66213982002424,45,59.99785047027138,2553.89,in_progress,0.0,0
380,133.0,-8.310587764341888,1.6079166538046759,116.37284518116691,-6.7246551834468455,1.8032110288655465,[-6.7246551834468455 1.8032110288655465],2.1003995346515656,False,True,17.952272704717767,46,59.99785047027138,2553.959,in_progress,0.0,0
380,134.0,-8.35861887578688,1.7095821271102778,109.81432043742154,-19.16021563823302,3.6867640307115983,[-19.16021563823302 3.6867640307115983],2.1423422774244734,False,True,18.13729197192822,46,59.99785047027138,2554.023,in_progress,0.0,0
380,135.0,-8.402301280461657,1.8301749967401382,103.91483824595167,-26.161480087998793,1.3275889102869178,[-26.161480087998793 1.3275889102869178],1.5880512284267576,False,True,18.350602150751918,47,59.99785047027138,2554.09,in_progress,0.0,0
380,136.0,-8.43259817658059,1.954636292761596,97.49076082444724,-9.92421557961546,3.4679470998837125,[-9.92421557961546 3.4679470998837125],2.6404781182181645,False,True,18.545928628652113,47,59.99785047027138,2554.152,in_progress,0.0,0
380,137.0,-8.45102116837451,2.078372005374325,93.3019563237279,1.946157513807801,4.0,[1.946157513807801 4.0],2.814510629295866,False,True,18.754416400911573,48,59.99785047027138,2554.224,in_progress,0.0,0
380,138.0,-8.458911503225355,2.2161180302898105,89.9063221847565,6.604553682263635,3.310861891802967,[6.604553682263635 3.310861891802967],2.6239443936546945,False,True,18.98369596564647,48,59.99785047027138,2554.287,in_progress,0.0,0
380,139.0,-8.465754759841749,2.3580305721060437,88.99216941865357,-30.0,3.845692832172853,[-30.0 3.845692832172853],2.239949210633057,False,True,19.206001075793765,48,59.99785047027138,2554.359,in_progress,0.0,0
380,140.0,-8.465128123673306,2.529358589704312,88.96047981887278,28.778730741888637,1.8827155803797508,[28.778730741888637 1.8827155803797508],1.785571256775385,False,True,19.49154767467646,49,59.99785047027138,2554.427,in_progress,0.0,0
380,141.0,-8.454989153135877,2.687671447909373,87.46007255214535,-30.0,0.5,[-30.0 0.5],1.4679563678204859,False,True,19.74111017228847,49,59.99785047027138,2554.49,in_progress,0.0,0
380,142.0,-8.451264248407062,2.8276132386261397,88.01170811275657,-14.765114491974954,0.8463611995499675,[-14.765114491974954 0.8463611995499675],1.9551387938951867,False,True,19.97339507933646,50,59.99785047027138,2554.555,in_progress,0.0,0
380,143.0,-8.436255582080223,2.960033198579449,85.84221169743057,-3.8430274494867795,0.5,[-3.8430274494867795 0.5],1.7093555733311827,False,True,20.17354746521304,50,59.99785047027138,2554.616,in_progress,0.0,0
380,144.0,-8.414689328136957,3.063299529142742,82.83251455634131,-30.0,2.975776450481958,[-30.0 2.975776450481958],1.9205265484341059,False,True,20.34912203465309,51,59.99785047027138,2554.681,in_progress,0.0,0
380,145.0,-8.384060495697764,3.1806561305246865,79.48029904967434,-30.0,0.5,[-30.0 0.5],1.3858680924242384,False,True,20.551273333400125,51,59.99785047027138,2554.762,in_progress,0.0,0
380,146.0,-8.337387246244706,3.3087504764345246,74.27111405188033,-30.0,1.4141673335642653,[-30.0 1.4141673335642653],1.5968269713266108,False,True,20.750921521469415,51,59.99785047027138,2554.792,in_progress,0.0,0
380,147.0,-8.318129766492547,3.3557362528598333,72.84872974357957,-30.0,4.0,[-30.0 4.0],2.168423885042319,False,True,20.835526113009532,51,59.99785047027138,2554.889,in_progress,0.0,0
380,148.0,-8.23716620302142,3.5004207703115116,65.64253845269903,-30.0,0.5,[-30.0 0.5],1.4129085582379926,False,True,21.110632359445503,52,59.99785047027138,2554.96,in_progress,0.0,0
380,149.0,-8.165981212682325,3.5891994078295246,58.576756290420334,-23.258047498499025,2.410359255306494,[-23.258047498499025 2.410359255306494],2.007958950233602,False,True,21.271915609524456,52,59.99785047027138,2555.021,in_progress,0.0,0
380,150.0,-8.092893541587577,3.666693796047736,53.54074141769235,-30.0,4.0,[-30.0 4.0],2.398510449851609,False,True,21.446986367258386,53,59.99785047027138,2555.095,in_progress,0.0,0
380,151.0,-7.9710043559167545,3.7592476369428613,44.457940322745316,-13.209401342153907,0.8249923681972033,[-13.209401342153907 0.8249923681972033],2.0619956408966087,False,True,21.68267967189403,53,59.99785047027138,2555.145,in_progress,0.0,0
380,152.0,-7.898005823475687,3.8005706877521166,37.92453655163022,-27.77999969725804,3.038608395822827,[-27.77999969725804 3.038608395822827],2.187106678478947,False,True,21.816277534493803,53,59.99785047027138,2555.227,in_progress,0.0,0
380,153.0,-7.7302430611840185,3.872474079030831,24.176015705511674,6.899655078053229,3.199550148729191,[6.899655078053229 3.199550148729191],2.8021007821769564,False,True,22.09535074641454,54,59.99785047027138,2555.274,in_progress,0.0,0
380,154.0,-7.636443532902077,3.903871598456635,17.27206081581604,19.893975851844957,0.5,[19.893975851844957 0.5],1.4692046239255296,False,True,22.270266036834784,54,59.99785047027138,2555.356,in_progress,0.0,0
380,155.0,-7.464778887876485,3.97849089657565,7.949274120570343,-5.910021530225951,0.9242195727660285,[-5.910021530225951 0.9242195727660285],1.9731190185837275,False,True,22.572184110050408,55,59.99785047027138,2555.399,in_progress,0.0,0
380,156.0,-7.398333319269957,4.009370211610232,4.76584693721702,30.0,4.0,[30.0 4.0],2.262727355788673,False,True,22.736509725473567,55,59.99785047027138,2555.499,in_progress,0.0,0
380,157.0,-7.23814743116631,4.084463258817037,4.306599207683807,30.0,1.092291461153529,[30.0 1.092291461153529],1.6384653166586014,False,True,23.03059516705195,56,59.99785047027138,2555.541,in_progress,0.0,0
380,158.0,-7.1671132737222925,4.127423363925118,7.55572890797034,30.0,0.5,[30.0 0.5],1.5141217767012742,False,True,23.16888361306585,56,59.99785047027138,2555.628,in_progress,0.0,0
380,159.0,-7.046211543393176,4.2138282290642755,15.740304351624944,26.296505851888405,1.5600724915922521,[26.296505851888405 1.5600724915922521],1.7621062322848169,False,True,23.452731969165637,56,59.99785047027138,2555.66,in_progress,0.0,0
380,160.0,-6.9971779745806,4.25566573728404,20.984870210393325,-30.0,2.8858718542439363,[-30.0 2.8858718542439363],2.0575061992692194,False,True,23.5541872691304,57,59.99785047027138,2555.756,in_progress,0.0,0
380,161.0,-6.876647638648646,4.342332506041232,28.091972384090493,15.483189301954546,1.4469786229158914,[15.483189301954546 1.4469786229158914],1.9138701376398424,False,True,23.81648211699368,57,59.99785047027138,2555.826,in_progress,0.0,0
380,162.0,-6.777780829143385,4.3969425886912035,28.510749740455008,-30.0,1.463027174327459,[-30.0 1.463027174327459],1.9269975203739163,False,True,23.99728818771096,57,59.99785047027138,2555.892,in_progress,0.0,0
380,163.0,-6.680505581591662,4.449634202764651,28.40313207477803,-30.0,3.6085232951563526,[-30.0 3.6085232951563526],2.450969155742457,False,True,24.17480139921957,58,59.99785047027138,2555.959,in_progress,0.0,0
380,164.0,-6.564122006122101,4.499713000470038,26.09491710823599,-6.541120740677965,4.0,[-6.541120740677965 4.0],3.194924389250348,False,True,24.382409201948693,58,59.99785047027138,2556.008,in_progress,0.0,0
380,165.0,-6.486001074017668,4.528839531730562,24.229197837480683,-30.0,2.871914785213837,[-30.0 2.871914785213837],2.2914051397110464,False,True,24.51660842082545,58,59.99785047027138,2556.076,in_progress,0.0,0
380,166.0,-6.3266128716744054,4.576106018376016,19.817589841723258,-30.0,2.683723284579085,[-30.0 2.683723284579085],2.26143209713837,False,True,24.788503210001657,59,59.99785047027138,2556.159,in_progress,0.0,0
380,167.0,-6.166428398820974,4.599635313923979,13.321812462586006,-30.0,4.0,[-30.0 4.0],2.5916871264463524,False,True,25.04782869544838,59,59.99785047027138,2556.219,in_progress,0.0,0
380,168.0,-6.018710659164558,4.606226860435703,7.017085903359228,-30.0,2.103430304715646,[-30.0 2.103430304715646],2.149989706020883,False,True,25.294134566799727,60,59.99785047027138,2556.295,in_progress,0.0,0
380,169.0,-5.852751397258466,4.601768369488494,0.5747159908115419,-30.0,2.7337765646368792,[-30.0 2.7337765646368792],2.31655054806596,False,True,25.56843381648809,60,59.99785047027138,2556.353,in_progress,0.0,0
380,170.0,-5.692923297240861,4.584001511860625,-4.3190056162107355,-16.865475932111337,4.0,[-16.865475932111337 4.0],2.6351963428242096,False,True,25.835008533814918,61,59.99785047027138,2556.409,in_progress,0.0,0
380,171.0,-5.554328702706268,4.556454102423689,-8.098451592601547,-19.931327051355083,4.0,[-19.931327051355083 4.0],2.6476736982811726,False,True,26.06679921914167,61,59.99785047027138,2556.484,in_progress,0.0,0
380,172.0,-5.386758007336332,4.502867190730791,-14.17115511644425,6.854024389395249,4.0,[6.854024389395249 4.0],3.32899485889916,False,True,26.34593065733582,62,59.99785047027138,2556.567,in_progress,0.0,0
380,173.0,-5.144008518698847,4.415367872517808,-18.87641892639167,25.72602604213509,3.1682160423724084,[25.72602604213509 3.1682160423724084],2.279878625737781,False,True,26.75015256180634,63,59.99785047027138,2556.602,in_progress,0.0,0
380,174.0,-5.046684762728455,4.386301506466213,-18.234590524295452,30.0,0.5,[30.0 0.5],1.700180239035975,False,True,26.91310849432259,63,59.99785047027138,2556.697,in_progress,0.0,0
380,175.0,-4.783659599150047,4.330590990052245,-12.164581256145262,30.0,1.3625321685808909,[30.0 1.3625321685808909],1.9135031079057534,False,True,27.351627640982322,64,59.99785047027138,2556.741,in_progress,0.0,0
380,176.0,-4.6656056434166615,4.31037714832396,-10.961686242665182,12.96239740244635,1.0207506340150143,[12.96239740244635 1.0207506340150143],2.309444948913578,False,True,27.54788790541024,64,59.99785047027138,2556.829,in_progress,0.0,0
380,177.0,-4.46558706845966,4.289219637698609,-7.811573266625679,30.0,0.5,[30.0 0.5],1.5911773830738118,False,True,27.88125779276665,65,59.99785047027138,2556.875,in_progress,0.0,0
380,178.0,-4.366327401711978,4.283537989628987,-6.064608060952768,30.0,0.5,[30.0 0.5],1.5977573738307957,False,True,28.043783463986653,65,59.99785047027138,2556.963,in_progress,0.0,0
380,179.0,-4.200111175649372,4.288918176140883,-1.4107938368930375,30.0,0.8027889738450484,[30.0 0.8027889738450484],1.6710047298699628,False,True,28.32088003314287,66,59.99785047027138,2556.995,in_progress,0.0,0
380,180.0,-4.1504037547474395,4.2938304931106375,0.027993820760634773,20.18985301321716,1.9375809939347275,[20.18985301321716 1.9375809939347275],1.9002925283233012,False,True,28.403787930091323,66,59.99785047027138,2557.083,in_progress,0.0,0
380,181.0,-4.002651220619485,4.32268616627422,5.846651565554434,-4.492918923231073,1.0085375029388772,[-4.492918923231073 1.0085375029388772],2.372308596773413,False,True,28.646345799449318,66,59.99785047027138,2557.156,in_progress,0.0,0
380,182.0,-3.8801189652269743,4.352310510969295,10.045298760220678,-30.0,1.0919157002110338,[-30.0 1.0919157002110338],1.9259058268658014,False,True,28.85150020818793,67,59.99785047027138,2557.217,in_progress,0.0,0
380,183.0,-3.7832194149707346,4.3684030659437925,10.275583691849253,-30.0,2.1968515350234803,[-30.0 2.1968515350234803],2.176181928984327,False,True,29.013498956349252,67,59.99785047027138,2557.289,in_progress,0.0,0
380,184.0,-3.6710806006679824,4.375135914220981,7.435010911216152,-21.64320866052826,1.731296001240145,[-21.64320866052826 1.731296001240145],2.0827158671976935,False,True,29.205815230157643,67,59.99785047027138,2557.369,in_progress,0.0,0
380,185.0,-3.5318937530061287,4.363966342069182,1.6091639330802174,-4.435573977911066,0.5,[-4.435573977911066 0.5],2.2788966297449127,False,True,29.438268524209445,68,59.99785047027138,2557.411,in_progress,0.0,0
380,186.0,-3.4689282331450153,4.356274987850085,-0.7947270236732663,29.29535729794275,2.8082313639555974,[29.29535729794275 2.8082313639555974],2.3347946719348003,False,True,29.54324303815553,68,59.99785047027138,2557.494,in_progress,0.0,0
380,187.0,-3.320252234960747,4.351500679143287,-1.144543307905763,-14.773410037266906,1.726830980653065,[-14.773410037266906 1.726830980653065],2.6388261914799913,False,True,29.82567172276209,69,59.99785047027138,2557.535,in_progress,0.0,0
380,188.0,-3.2277992085390608,4.3563599414404965,0.4836626844228467,-30.0,0.651283203372737,[-30.0 0.651283203372737],1.881035938543187,False,True,29.977677691531934,70,59.99785047027138,2557.626,in_progress,0.0,0
380,189.0,-3.0952901447107584,4.352884283223625,-0.4140921030736575,-13.462656864944368,0.5,[-13.462656864944368 0.5],2.3234507500624737,False,True,30.205864909954183,71,59.99785047027138,2557.687,in_progress,0.0,0
380,190.0,-2.997063822922013,4.335320707814445,-4.110219969421922,-30.0,0.5755303518897612,[-30.0 0.5755303518897612],1.885710273230882,False,True,30.422571242366043,71,59.99785047027138,2557.755,in_progress,0.0,0
380,191.0,-2.9198893604549254,4.314013902066519,-7.573691849734802,-30.0,0.5,[-30.0 0.5],1.8745688134124692,False,True,30.555304128354443,72,59.99785047027138,2557.826,in_progress,0.0,0
380,192.0,-2.850116630992207,4.290302243974063,-10.819762842093876,-30.0,1.1105887953675482,[-30.0 1.1105887953675482],2.0147405861280903,False,True,30.69433460936178,72,59.99785047027138,2557.889,in_progress,0.0,0
380,193.0,-2.790328372682368,4.259216670912942,-15.247509506650697,20.05477050852263,0.5,[20.05477050852263 0.5],1.8847150907815309,False,True,30.806614854296434,73,59.99785047027138,2557.959,in_progress,0.0,0
380,194.0,-2.7298492650575517,4.2201773626967745,-20.237119177609447,-2.1300637921650143,0.6973141186053635,[-2.1300637921650143 0.6973141186053635],2.4198727062646563,False,True,30.979087922381126,74,59.99785047027138,2558.003,in_progress,0.0,0
380,195.0,-2.694696498848882,4.201602093336227,-21.724260737029244,-13.360315619246979,0.5,[-13.360315619246979 0.5],2.3675626059168224,False,True,31.043485139183037,74,59.99785047027138,2558.094,in_progress,0.0,0
380,196.0,-2.627077518577439,4.160413268981853,-24.800342792253918,-30.0,1.9191534143722024,[-30.0 1.9191534143722024],2.4136075251368934,False,True,31.188643727338704,74,59.99785047027138,2558.138,in_progress,0.0,0
380,197.0,-2.5970526344768707,4.13869855631243,-26.536226129141653,2.316102163120135,4.0,[2.316102163120135 4.0],3.643109201291724,False,True,31.24907117931275,75,59.99785047027138,2558.231,in_progress,0.0,0
380,198.0,-2.513639743112576,4.08181753440791,-29.113294053215505,-30.0,3.4675518786027237,[-30.0 3.4675518786027237],2.7958365320117853,False,True,31.431884825312036,75,59.99785047027138,2558.267,in_progress,0.0,0
380,199.0,-2.476828001096311,4.057340686133779,-29.835190294630394,-30.0,4.0,[-30.0 4.0],2.9253775947692846,False,True,31.49643581361033,76,59.99785047027138,2558.359,in_progress,0.0,0
380,200.0,-2.380417370386364,3.960855744703145,-37.27178053513907,-30.0,4.0,[-30.0 4.0],2.936373699383766,False,True,31.709060789921534,76,59.99785047027138,2558.418,in_progress,0.0,0
380,201.0,-2.321006529719794,3.8695062347393945,-45.4004812107297,-19.54224375626539,1.1691540330242391,[-19.54224375626539 1.1691540330242391],2.265803280282477,False,True,31.887060678756775,77,59.99785047027138,2558.496,in_progress,0.0,0
380,202.0,-2.266502760908593,3.7552612699013697,-55.11397586442663,-30.0,4.0,[-30.0 4.0],2.954441589158814,False,True,32.07158132123251,78,59.99785047027138,2558.542,in_progress,0.0,0
380,203.0,-2.238603005059676,3.688193667808567,-59.25471097952899,-30.0,0.5,[-30.0 0.5],1.942009091073623,False,True,32.17371337629296,78,59.99785047027138,2558.631,in_progress,0.0,0
380,204.0,-2.1973886768879036,3.5571707729357565,-68.37227766400643,-30.0,3.533683416344684,[-30.0 3.533683416344684],2.6200376902934295,False,True,32.39610672667305,79,59.99785047027138,2558.658,in_progress,0.0,0
380,205.0,-2.1849092624657547,3.4984605839653327,-71.7012844431297,-30.0,2.2513639736056534,[-30.0 2.2513639736056534],2.339164086927935,False,True,32.453519021133495,79,59.99785047027138,2558.759,in_progress,0.0,0
380,206.0,-2.1839352589651093,3.3472174385439564,-81.73791986413016,-30.0,4.0,[-30.0 4.0],2.7350936317777155,False,True,32.6867876896482,80,59.99785047027138,2558.808,in_progress,0.0,0
380,207.0,-2.194130323776747,3.262543888818703,-86.82429026728637,-16.121915348336945,0.5,[-16.121915348336945 0.5],1.9711391798154079,False,True,32.82877793432876,81,59.99785047027138,2558.892,in_progress,0.0,0
380,208.0,-2.230450529387483,3.1262652639966495,-98.46080382543757,-28.08959252055681,2.8364968474558747,[-28.08959252055681 2.8364968474558747],2.4940874778274615,False,True,33.0214732865764,81,59.99785047027138,2558.955,in_progress,0.0,0
380,209.0,-2.271902388767622,3.026093517145551,-107.1489030091943,-30.0,0.5,[-30.0 0.5],1.9882667564981693,False,True,33.2016850896141,82,59.99785047027138,2559.027,in_progress,0.0,0
380,210.0,-2.3267639510387914,2.9325420009149172,-118.75553226198458,-30.0,0.9781163597765479,[-30.0 0.9781163597765479],2.1006989425514635,False,True,33.36492078644175,83,59.99785047027138,2559.079,in_progress,0.0,0
380,211.0,-2.3670839618701542,2.8802057393010982,-126.59954781692416,-16.984003301772418,1.0028358118099896,[-16.984003301772418 1.0028358118099896],2.110145329679785,False,True,33.47080110538908,83,59.99785047027138,2559.153,in_progress,0.0,0
380,212.0,-2.424247520881046,2.813416857249709,-134.56894198712408,30.0,0.5512557845248555,[30.0 0.5512557845248555],2.0155524392046393,False,True,33.58981214516762,83,59.99785047027138,2559.22,in_progress,0.0,0
380,213.0,-2.4694743744517726,2.7583038090823853,-138.5673028857587,-30.0,0.8349077070088383,[-30.0 0.8349077070088383],2.271909641604229,False,True,33.70649357294184,84,59.99785047027138,2559.295,in_progress,0.0,0
380,214.0,-2.512469082211197,2.7036253738851506,-138.50204487816356,-22.82470291118875,3.953447653839266,[-22.82470291118875 3.953447653839266],3.023931042959537,False,True,33.79903600743896,84,59.99785047027138,2559.348,in_progress,0.0,0
380,215.0,-2.569023247773214,2.6595197992544564,-139.53671691063923,7.6694028748246055,3.8551819355203487,[7.6694028748246055 3.8551819355203487],3.756687742303374,False,True,33.91478036931221,85,59.99785047027138,2559.432,in_progress,0.0,0
380,216.0,-2.647104503656056,2.607986750971721,-141.94606870649045,-30.0,0.9359602873504611,[-30.0 0.9359602873504611],2.311103745603201,False,True,34.05270013768672,85,59.99785047027138,2559.485,in_progress,0.0,0
380,217.0,-2.70122671777108,2.5658765476926835,-141.4205253444889,-30.0,3.838410190490739,[-30.0 3.838410190490739],3.0125730094390555,False,True,34.16631406559043,86,59.99785047027138,2559.564,in_progress,0.0,0
380,218.0,-2.816646181115449,2.4902809438922047,-144.0285357526601,-7.070879387040442,2.8631758167872277,[-7.070879387040442 2.8631758167872277],3.487641715142469,False,True,34.389658569491026,87,59.99785047027138,2559.604,in_progress,0.0,0
380,219.0,-2.871317201907874,2.4634661433051237,-146.52488438090057,-30.0,4.0,[-30.0 4.0],3.0669709969448973,False,True,34.48910858094326,87,59.99785047027138,2559.696,in_progress,0.0,0
380,220.0,-3.022061990921582,2.411177031062453,-154.42105325999339,-11.109608260831301,0.5,[-11.109608260831301 0.5],2.801258742883172,False,True,34.752561220473375,88,59.99785047027138,2559.735,in_progress,0.0,0
380,221.0,-3.09242945336551,2.395631927281969,-158.74685259546183,-30.0,1.3853719184563706,[-30.0 1.3853719184563706],2.4587691626134074,False,True,34.872498395746234,88,59.99785047027138,2559.819,in_progress,0.0,0
380,222.0,-3.242712552201776,2.3690098917808493,-165.60245417839212,5.162294465102654,4.0,[5.162294465102654 4.0],3.8754428480750276,False,True,35.13685248060843,89,59.99785047027138,2559.894,in_progress,0.0,0
380,223.0,-3.369414080579911,2.347913836870878,-167.73943245574975,-30.0,4.0,[-30.0 4.0],3.1115643464307756,False,True,35.3543437206935,90,59.99785047027138,2559.964,in_progress,0.0,0
380,224.0,-3.50945716863178,2.330519370735279,-170.51074877889238,-30.0,2.0341521542555427,[-30.0 2.0341521542555427],2.652616283050335,False,True,35.599009309687574,91,59.99785047027138,2560.011,in_progress,0.0,0
380,225.0,-3.6027775877679646,2.329528714161018,-173.6814686082265,15.622063216454897,0.6021792299872246,[15.622063216454897 0.6021792299872246],2.3163750654989,False,True,35.7545573549129,92,59.99785047027138,2560.099,in_progress,0.0,0
380,226.0,-3.7795682231326326,2.3246698965186163,-177.36797402397892,-20.783633673549883,0.5,[-20.783633673549883 0.5],2.307758584460476,False,True,36.04973857959699,93,59.99785047027138,2560.141,in_progress,0.0,0
380,227.0,-3.8457761287622048,2.318270907180776,-176.6706313981485,-9.35944656240607,0.5,[-9.35944656240607 0.5],2.8906168036103996,False,True,36.16091615874833,93,59.99785047027138,2560.217,in_progress,0.0,0
380,228.0,-3.9771271029700213,2.31885307027788,-178.49200327971243,-18.914441452844883,2.2528691447989164,[-18.914441452844883 2.2528691447989164],2.7444492175657214,False,True,36.379843038091245,94,59.99785047027138,2560.296,in_progress,0.0,0
380,229.0,-4.08077321880857,2.3350635707087464,177.42179980406058,30.0,0.7878189714181826,[30.0 0.7878189714181826],2.4013158048652707,False,True,36.552803728213256,94,59.99785047027138,2560.336,in_progress,0.0,0
380,230.0,-4.134247787688118,2.349250250408363,174.3055670067898,30.0,3.14721318655316,[30.0 3.14721318655316],2.970220054260139,False,True,36.6293909988248,94,59.99785047027138,2560.412,in_progress,0.0,0
380,231.0,-4.26530843794914,2.3707293681250974,172.75675748150397,30.0,0.5,[30.0 0.5],2.1503150545763856,False,True,36.84255079870185,95,59.99785047027138,2560.481,in_progress,0.0,0
380,232.0,-4.367875754543644,2.367189721812504,177.15013716647772,30.0,0.5,[30.0 0.5],2.1556450150501067,False,True,36.97139997724751,95,59.99785047027138,2560.557,in_progress,0.0,0
380,233.0,-4.454323107570259,2.358644311075782,179.87491285277466,30.0,0.5,[30.0 0.5],2.1616433955961245,False,True,37.112287768204475,96,59.99785047027138,2560.624,in_progress,0.0,0
380,234.0,-4.520232896685989,2.347649865367874,-177.39686539439376,30.0,0.5,[30.0 0.5],2.165928793293693,False,True,37.222131465640814,96,59.99785047027138,2560.697,in_progress,0.0,0
380,235.0,-4.575408040099582,2.3219476425767973,-171.61989224536532,30.0,0.5,[30.0 0.5],2.1673836470739505,False,True,37.280600484448115,96,59.99785047027138,2560.735,in_progress,0.0,0
380,236.0,-4.603840044349578,2.305150873782847,-168.58271705161383,30.0,0.5,[30.0 0.5],2.168657926140104,False,True,37.33562354569978,96,59.99785047027138,2560.825,in_progress,0.0,0
380,237.0,-4.653650910576734,2.2758352581282866,-164.32004699148175,30.0,0.5,[30.0 0.5],2.1722162358865726,False,True,37.43192984601924,97,59.99785047027138,2560.892,in_progress,0.0,0
380,238.0,-4.68577866086521,2.2541836355280997,-161.55632318377192,30.0,0.5,[30.0 0.5],2.1731390393815126,False,True,37.48025466799798,97,59.99785047027138,2560.965,in_progress,0.0,0
380,239.0,-4.716009404299616,2.2193811006616015,-155.99070676071105,30.0,3.191772250872239,[30.0 3.191772250872239],2.7667069206098827,False,True,37.536673189417996,97,59.99785047027138,2560.999,in_progress,0.0,0
380,240.0,-4.73294613770848,2.1956576220468755,-152.28942138414627,15.335264530984155,0.5,[15.335264530984155 0.5],2.1753596898017133,False,True,37.583183724117546,97,59.99785047027138,2561.094,in_progress,0.0,0
380,241.0,-4.768450995337781,2.1462907075926063,-145.92722542600572,30.0,1.6935140637349142,[30.0 1.6935140637349142],2.4415648151187885,False,True,37.680312801437374,98,59.99785047027138,2561.142,in_progress,0.0,0
380,242.0,-4.784261909665815,2.1209926685532765,-143.00509790955007,18.438309647474647,1.4167813687998985,[18.438309647474647 1.4167813687998985],2.379706324127063,False,True,37.69333219223174,98,59.99785047027138,2561.219,in_progress,0.0,0
380,243.0,-4.815703834035829,2.060788359076754,-136.38054994172438,30.0,0.5,[30.0 0.5],2.380786298210711,False,True,37.80371825407165,99,59.99785047027138,2561.293,in_progress,0.0,0
380,244.0,-4.83543233307562,1.9998359290830552,-129.27563934686498,25.522573948089985,0.5,[25.522573948089985 0.5],2.383969839540649,False,True,37.88747340761332,99,59.99785047027138,2561.347,in_progress,0.0,0
380,245.0,-4.842210307163628,1.9571965700372067,-123.58842012176093,30.0,0.5,[30.0 0.5],2.3861256448331583,False,True,37.9539017312743,99,59.99785047027138,2561.427,in_progress,0.0,0
380,246.0,-4.8444042842652895,1.90215331110306,-116.88378356966108,30.0,0.5,[30.0 0.5],2.389100676909751,False,True,38.03392149814797,100,59.99785047027138,2561.477,in_progress,0.0,0
380,247.0,-4.841860456558677,1.8675641104239893,-112.54638852879215,-1.7399758399624652,0.6752291317295458,[-1.7399758399624652 0.6752291317295458],3.0402007464024434,False,True,38.0807758499528,100,59.99785047027138,2561.556,in_progress,0.0,0
380,248.0,-4.846115631830988,1.8172385227072403,-108.97445318941986,-5.443247345336346,3.354679907997988,[-5.443247345336346 3.354679907997988],3.8478437294785013,False,True,38.1617313653019,100,59.99785047027138,2561.632,in_progress,0.0,0
380,249.0,-4.863502435944346,1.7596112771997792,-108.41498596235759,9.9468187134528,1.8396510421016368,[9.9468187134528 1.8396510421016368],3.398541586864275,False,True,38.261374653679894,101,59.99785047027138,2561.679,in_progress,0.0,0
380,250.0,-4.872793515444179,1.7130358990117949,-107.08916866837608,28.188616756345446,1.561265712620801,[28.188616756345446 1.561265712620801],2.655406518222794,False,True,38.34782888167499,101,59.99785047027138,2561.762,in_progress,0.0,0
380,251.0,-4.879904960483696,1.6131941573450987,-102.2556872995727,13.976543616513275,3.5822269720016813,[13.976543616513275 3.5822269720016813],3.936444006705273,False,True,38.52390654948727,102,59.99785047027138,2561.808,in_progress,0.0,0
380,252.0,-4.876512599824548,1.5489596504302838,-98.22548005190993,10.147248260188718,2.193598896860009,[10.147248260188718 2.193598896860009],3.525537785391352,False,True,38.62976056615215,103,59.99785047027138,2561.898,in_progress,0.0,0
380,253.0,-4.851004165263743,1.4194862215891353,-89.29439564413494,-3.7005313999670477,4.0,[-3.7005313999670477 4.0],4.083368843198825,False,True,38.873444064357834,104,59.99785047027138,2561.942,in_progress,0.0,0
380,254.0,-4.831746370288774,1.3374178664505034,-85.11395018583192,11.573174620097276,0.5,[11.573174620097276 0.5],3.042375103508031,False,True,39.024108539394064,105,59.99785047027138,2562.023,in_progress,0.0,0
380,255.0,-4.796419700559964,1.2033815127944247,-80.27067932797898,-15.444406890994916,0.5,[-15.444406890994916 0.5],2.4471961161578477,False,True,39.27757158072316,106,59.99785047027138,2562.094,in_progress,0.0,0
380,256.0,-4.77403221219317,1.118009161671487,-78.3792178920219,30.0,3.9437696053129,[30.0 3.9437696053129],3.280841255045828,False,True,39.42721433300987,106,59.99785047027138,2562.17,in_progress,0.0,0
380,257.0,-4.749974879219132,1.0246609180719577,-76.83744739341172,24.297580921850326,0.5,[24.297580921850326 0.5],2.4618145580936552,False,True,39.58255738916162,107,59.99785047027138,2562.205,in_progress,0.0,0
380,258.0,-4.729454843462679,0.9804203757517049,-74.55824751563685,-7.484497541480238,1.6760044227466362,[-7.484497541480238 1.6760044227466362],3.433926377708818,False,True,39.66360439807577,107,59.99785047027138,2562.304,in_progress,0.0,0
380,259.0,-4.685787732806956,0.8558492618599978,-73.08297571082595,30.0,1.8820177861581384,[30.0 1.8820177861581384],2.8073968726173217,False,True,39.87534355626535,107,59.99785047027138,2562.342,in_progress,0.0,0
380,260.0,-4.668775538722492,0.8027525367819913,-72.92190318317473,30.0,0.5,[30.0 0.5],2.4791841790656326,False,True,39.96281611735009,107,59.99785047027138,2562.433,in_progress,0.0,0
380,261.0,-4.6171864672463165,0.7020837924746521,-68.40708241079246,30.0,0.5,[30.0 0.5],2.488441835145334,False,True,40.14827644979798,108,59.99785047027138,2562.47,in_progress,0.0,0
380,262.0,-4.591325574878655,0.6653325023255623,-65.6419355744406,20.351134751072387,0.5,[20.351134751072387 0.5],2.4908995005646095,False,True,40.21843193037231,108,59.99785047027138,2562.544,in_progress,0.0,0
380,263.0,-4.543950837318949,0.6074101872301698,-61.39699759352184,11.460275562052843,0.5,[11.460275562052843 0.5],3.1207225235065557,False,True,40.343145380953224,108,59.99785047027138,2562.636,in_progress,0.0,0
380,264.0,-4.495242115797386,0.5670780706852943,-55.83683596312396,-26.017927308585215,0.5,[-26.017927308585215 0.5],2.5010173539397424,False,True,40.44676915346358,108,59.99785047027138,2562.669,in_progress,0.0,0
380,265.0,-4.476856012263816,0.5515326549069979,-53.96901904625218,-0.2753339098882286,0.5,[-0.2753339098882286 0.5],3.127112535431715,False,True,40.486295215993664,109,59.99785047027138,2562.758,in_progress,0.0,0
380,266.0,-4.436689738716925,0.5106852059419853,-51.93249406346631,7.793130206043614,0.5,[7.793130206043614 0.5],3.1320532422676313,False,True,40.58145849569102,109,59.99785047027138,2562.824,in_progress,0.0,0
380,267.0,-4.404865289145324,0.4820039985658556,-50.177767815902996,18.120907539100195,0.5,[18.120907539100195 0.5],2.50816178490693,False,True,40.65214420446247,109,59.99785047027138,2562.894,in_progress,0.0,0
380,268.0,-4.3704901725583305,0.45883003766641595,-47.38119498072284,-30.0,0.5,[-30.0 0.5],2.5104335297174316,False,True,40.71850427393549,109,59.99785047027138,2562.96,in_progress,0.0,0
380,269.0,-4.339070915138116,0.43743637009878417,-45.10886809950311,9.540406576777478,1.419044101436028,[9.540406576777478 1.419044101436028],3.416134769153549,False,True,40.77847552803737,109,59.99785047027138,2563.022,in_progress,0.0,0
380,270.0,-4.298291851836674,0.40484185238682024,-43.71536959952172,-26.62657170191541,1.0932423735980767,[-26.62657170191541 1.0932423735980767],2.6581338070873173,False,True,40.864160230478596,109,59.99785047027138,2563.073,in_progress,0.0,0
380,271.0,-4.272341218852538,0.38713119482256086,-42.378149324344946,-6.144747152658077,3.0386785617369805,[-6.144747152658077 3.0386785617369805],3.908017890270985,False,True,40.91489435321136,109,59.99785047027138,2563.163,in_progress,0.0,0
380,272.0,-4.203789664140994,0.32250214318646825,-42.81772249351146,-3.9477447442275846,0.5,[-3.9477447442275846 0.5],3.155873290088012,False,True,41.071241651352715,110,59.99785047027138,2563.203,in_progress,0.0,0
380,273.0,-4.168202940145404,0.28290249854102334,-44.801228053402006,-19.277595378286314,0.5,[-19.277595378286314 0.5],2.5283091426833324,False,True,41.15997412021164,110,59.99785047027138,2563.295,in_progress,0.0,0
380,274.0,-4.1257073590163005,0.22275316958060165,-47.70955678396702,-9.174356389452896,1.328591277124279,[-9.174356389452896 1.328591277124279],3.415867090258267,False,True,41.28132683871992,110,59.99785047027138,2563.329,in_progress,0.0,0
380,275.0,-4.107538841527825,0.19488576727987073,-49.097753410407186,30.0,0.5456239173918704,[30.0 0.5456239173918704],2.5463654695225904,False,True,41.335239415934865,110,59.99785047027138,2563.417,in_progress,0.0,0
380,276.0,-4.066336988357413,0.14311106197431955,-49.84420842031394,-11.662081520354363,1.8159174025511982,[-11.662081520354363 1.8159174025511982],3.570068491192646,False,True,41.444423140868366,110,59.99785047027138,2563.492,in_progress,0.0,0
380,277.0,-4.029097932082501,0.09752060390629938,-50.27024149473532,-10.32133986557404,0.5,[-10.32133986557404 0.5],3.180454001979336,False,True,41.54172645711319,111,59.99785047027138,2563.553,in_progress,0.0,0
380,278.0,-4.002826571427647,0.04864029297376647,-52.8357213321807,17.238239759775382,0.5,[17.238239759775382 0.5],2.547940551550162,False,True,41.629511669278216,111,59.99785047027138,2563.638,in_progress,0.0,0
380,279.0,-3.9710043349576107,-0.007461628039613852,-54.89763489750078,-0.6310769129224383,0.5,[-0.6310769129224383 0.5],3.19049530907005,False,True,41.73228855586343,111,59.99785047027138,2563.662,in_progress,0.0,0
380,280.0,-3.957331033193591,-0.027045436708646342,-54.91935961852336,-2.5137537091423745,1.6673188547503472,[-2.5137537091423745 1.6673188547503472],3.541619963594972,False,True,41.771272253897024,111,59.99785047027138,2563.766,in_progress,0.0,0
380,281.0,-3.91725866941368,-0.09580615917719812,-56.42677297636494,30.0,2.5267229044275608,[30.0 2.5267229044275608],2.7903333892226465,False,True,41.87374579811938,111,59.99785047027138,2563.803,in_progress,0.0,0
380,282.0,-3.8989475918583945,-0.12883546788355738,-57.24391310474262,30.0,0.5,[30.0 0.5],2.3460807335574985,False,True,41.93021783705089,111,59.99785047027138,2563.888,in_progress,0.0,0
380,283.0,-3.8463759700221685,-0.19564360713965806,-56.1949859348032,25.264800587466937,0.5,[25.264800587466937 0.5],2.3519244693342585,False,True,42.06570753771996,112,59.99785047027138,2563.962,in_progress,0.0,0
380,284.0,-3.801547582395112,-0.23279008107875857,-52.280800066955756,30.0,0.5,[30.0 0.5],2.355702221785006,False,True,42.16239349201098,112,59.99785047027138,2564.005,in_progress,0.0,0
380,285.0,-3.7750654495212435,-0.2477446819747641,-49.365158442105184,30.0,2.5416262696179297,[30.0 2.5416262696179297],2.806181010471313,False,True,42.21286416910374,112,59.99785047027138,2564.091,in_progress,0.0,0
380,286.0,-3.7014705336673264,-0.280120688071702,-41.521276869709666,30.0,3.6412404929697963,[30.0 3.6412404929697963],3.051430426307121,False,True,42.301061542050746,112,59.99785047027138,2564.138,in_progress,0.0,0
380,287.0,-3.6489807387379534,-0.2953051270681549,-35.95603739272516,30.0,0.9729060772842486,[30.0 0.9729060772842486],2.467845469692941,False,True,42.3913379189418,112,59.99785047027138,2564.22,in_progress,0.0,0
380,288.0,-3.5603557832103885,-0.30720002849111655,-26.379218368969486,28.852331741778443,0.5,[28.852331741778443 0.5],2.370071039693509,False,True,42.53454874130138,112,59.99785047027138,2564.297,in_progress,0.0,0
380,289.0,-3.489047637239825,-0.30792721895152303,-19.276711695225863,4.995449864966133,0.5,[4.995449864966133 0.5],3.2380027774737137,False,True,42.643847879398905,113,59.99785047027138,2564.347,in_progress,0.0,0
380,290.0,-3.4470210324286588,-0.3075759375121729,-15.78929823438106,30.0,3.2879222959193437,[30.0 3.2879222959193437],3.2617475403855125,False,True,42.7077422308391,113,59.99785047027138,2564.432,in_progress,0.0,0
380,291.0,-3.362026142494937,-0.303865652536565,-9.531134708664018,30.0,4.0,[30.0 4.0],3.4381209332132863,False,True,42.82737408252128,113,59.99785047027138,2564.474,in_progress,0.0,0
380,292.0,-3.317858936130186,-0.2938793044908467,-5.357768549306196,30.0,0.5,[30.0 0.5],2.6006349242585802,False,True,42.895776251638566,113,59.99785047027138,2564.553,in_progress,0.0,0
380,293.0,-3.23888300642398,-0.25717397102345807,6.130545975573795,-22.121729902394392,2.69890080891986,[-22.121729902394392 2.69890080891986],3.133620526590525,False,True,43.011416769081286,113,59.99785047027138,2564.625,in_progress,0.0,0
380,294.0,-3.17100895754435,-0.22274845307956562,12.36073259264974,-2.232050600723664,3.5905523973984605,[-2.232050600723664 3.5905523973984605],3.8406849501484497,False,True,43.10978217950538,114,59.99785047027138,2564.692,in_progress,0.0,0
380,295.0,-3.0854905293439234,-0.19738150025384651,13.85012283993933,-6.353186756941852,2.9574782796722343,[-6.353186756941852 2.9574782796722343],3.6735801211380417,False,True,43.24009110784169,114,59.99785047027138,2564.763,in_progress,0.0,0
380,296.0,-2.9909591377496154,-0.18034330328668025,12.501761559799306,-30.0,0.5,[-30.0 0.5],2.407142540602244,False,True,43.43336736432815,114,59.99785047027138,2564.797,in_progress,0.0,0
380,297.0,-2.936571034639542,-0.17359907464204224,11.372096829136407,-30.0,0.6244294298105902,[-30.0 0.6244294298105902],2.4379727569002747,False,True,43.52325343689052,114,59.99785047027138,2564.888,in_progress,0.0,0
380,298.0,-2.835676009581646,-0.17713147729369794,5.990168514604879,-1.1571034553259913,3.139815318892336,[-1.1571034553259913 3.139815318892336],3.7486946222232316,False,True,43.69148531014555,115,59.99785047027138,2564.965,in_progress,0.0,0
380,299.0,-2.737754142127817,-0.1872574453242062,1.5026070392982327,-30.0,0.5,[-30.0 0.5],2.426953217586727,False,True,43.88168972702134,115,59.99785047027138,2565.006,in_progress,0.0,0
380,300.0,-2.6864657345392295,-0.1898425283397891,0.48941352837421587,-10.364200018695719,1.7814929087329177,[-10.364200018695719 1.7814929087329177],3.3901236477128855,False,True,43.96696763743195,115,59.99785047027138,2565.084,in_progress,0.0,0
380,301.0,-2.571426469097247,-0.20946886353868308,-4.015101614241007,-22.87988900869546,0.5,[-22.87988900869546 0.5],2.438938886318751,False,True,44.15742991387888,116,59.99785047027138,2565.16,in_progress,0.0,0
380,302.0,-2.4812009861668676,-0.23454354756355408,-7.9536283912169115,30.0,0.5,[30.0 0.5],2.445509081325523,False,True,44.30623914610778,116,59.99785047027138,2565.234,in_progress,0.0,0
380,303.0,-2.409620215742042,-0.2560827193983121,-10.515997224662023,8.883983981463693,3.89472731943866,[8.883983981463693 3.89472731943866],4.360512172588244,False,True,44.4320773321438,116,59.99785047027138,2565.269,in_progress,0.0,0
380,304.0,-2.368985269102214,-0.26536360319088664,-11.000584065498074,26.443726242785054,0.5,[26.443726242785054 0.5],2.6760928233011323,False,True,44.498191273221764,117,59.99785047027138,2565.366,in_progress,0.0,0
380,305.0,-2.2757853477465946,-0.2777835242983443,-9.928038681985141,16.38163676999337,0.6259803054132862,[16.38163676999337 0.6259803054132862],2.713880736830391,False,True,44.653660737736104,117,59.99785047027138,2565.402,in_progress,0.0,0
380,306.0,-2.251461603149383,-0.27551801926957764,-8.324692219473459,30.0,1.61824384784546,[30.0 1.61824384784546],2.9529908050654954,False,True,44.694367077988964,117,59.99785047027138,2565.484,in_progress,0.0,0
380,307.0,-2.169339482418661,-0.2507372421160798,-0.1847303756559391,30.0,4.0,[30.0 4.0],3.5313211023054287,False,True,44.83508262624956,118,59.99785047027138,2565.56,in_progress,0.0,0
380,308.0,-2.0949143086103215,-0.21001447641547896,9.147375335389102,17.445734430309557,1.051256134742025,[17.445734430309557 1.051256134742025],2.5948791639915547,False,True,44.983571669969656,118,59.99785047027138,2565.619,in_progress,0.0,0
380,309.0,-2.024780313007152,-0.15722043320490448,18.99838448632916,14.935012075607766,0.8676801240420128,[14.935012075607766 0.8676801240420128],3.200919897770339,False,True,45.12606573632548,119,59.99785047027138,2565.7,in_progress,0.0,0
380,310.0,-1.958384535850704,-0.09600057719647645,27.033059222539958,30.0,1.4841582224071679,[30.0 1.4841582224071679],2.7021279281757344,False,True,45.25947562396196,120,59.99785047027138,2565.741,in_progress,0.0,0
380,311.0,-1.9260300690523138,-0.059842263523244135,31.217561513770917,-8.132531912686915,0.5,[-8.132531912686915 0.5],3.112294026481625,False,True,45.36342796980776,120,59.99785047027138,2565.832,in_progress,0.0,0
380,312.0,-1.8554512958974059,0.019977993524902454,39.51386444150918,27.694014667966535,0.6237532248419977,[27.694014667966535 0.6237532248419977],2.2971252614983277,False,True,45.573274462055466,121,59.99785047027138,2565.863,in_progress,0.0,0
380,313.0,-1.831811788813322,0.04251260876431114,41.10669780961888,-26.055508676922763,0.5,[-26.055508676922763 0.5],2.273767919071807,False,True,45.62587744575851,122,59.99785047027138,2565.956,in_progress,0.0,0
380,314.0,-1.77468274200863,0.09776911776939322,42.399847721328726,-20.2857834656098,2.4164364226164103,[-20.2857834656098 2.4164364226164103],2.6648358192026236,False,True,45.81251922826617,122,59.99785047027138,2565.995,in_progress,0.0,0
380,315.0,-1.7514897123023017,0.11745305883798629,42.12267301272495,13.762072206400454,0.5,[13.762072206400454 0.5],2.8535639293958743,False,True,45.8630958345264,123,59.99785047027138,2566.107,in_progress,0.0,0
380,316.0,-1.681268323567885,0.17678754844575104,41.085074163244954,0.38581667955945065,1.2331069420276441,[0.38581667955945065 1.2331069420276441],3.0476232066862887,False,True,46.067524210284496,124,59.99785047027138,2566.139,in_progress,0.0,0
380,317.0,-1.6635018966263309,0.1984459138661425,42.21220733612312,24.919549219045955,1.0581720739684073,[24.919549219045955 1.0581720739684073],2.4086187993159798,False,True,46.20641761098484,124,59.99785047027138,2566.227,in_progress,0.0,0
380,318.0,-1.6254549021359914,0.2651543868755949,47.56337869749734,30.0,0.5,[30.0 0.5],2.301946040741313,False,True,46.333824999767735,125,59.99785047027138,2566.282,in_progress,0.0,0
380,319.0,-1.6110340893634576,0.3216414693347038,53.96956192235172,-30.0,0.5,[-30.0 0.5],2.3068654883990445,False,True,46.46032607155883,125,59.99785047027138,2566.374,in_progress,0.0,0
380,320.0,-1.5911893069971725,0.3816458963774889,58.227017474516344,-26.903035675980945,3.023644124855272,[-26.903035675980945 3.023644124855272],2.815387295094597,False,True,46.56308194945258,125,59.99785047027138,2566.413,in_progress,0.0,0
380,321.0,-1.5744394682377207,0.4056914476415597,57.84545256270277,-30.0,2.290191098849275,[-30.0 2.290191098849275],2.669928039187483,False,True,46.611814257361004,126,59.99785047027138,2566.487,in_progress,0.0,0
380,322.0,-1.5216388096834277,0.45068662916635027,53.195977123317675,-17.30406608616709,0.5,[-17.30406608616709 0.5],2.3187594262369835,False,True,46.779327328625705,126,59.99785047027138,2566.556,in_progress,0.0,0
380,323.0,-1.4598689415704416,0.4808300296789704,45.6297029383017,-4.857281263079994,2.723391068806216,[-4.857281263079994 2.723391068806216],3.4581529332302328,False,True,46.86702467673396,126,59.99785047027138,2566.621,in_progress,0.0,0
380,324.0,-1.3948792489793016,0.5133509023637204,40.29221254006066,15.022243675265976,2.3996715598310017,[15.022243675265976 2.3996715598310017],2.975654615991178,False,True,46.96052146807651,127,59.99785047027138,2566.689,in_progress,0.0,0
380,325.0,-1.3233062838157978,0.5608615781577899,38.10084939080941,-9.172463577421645,0.5,[-9.172463577421645 0.5],3.203561687715911,False,True,47.08130523765364,127,59.99785047027138,2566.753,in_progress,0.0,0
380,326.0,-1.2600608263059827,0.6101700822430949,39.197060144092234,21.005126384217036,2.0170255424465813,[21.005126384217036 2.0170255424465813],2.9016333234191785,False,True,47.20045097688891,127,59.99785047027138,2566.828,in_progress,0.0,0
380,327.0,-1.1949859318936613,0.6668009977960992,40.388401169153035,5.901837657090432,3.731086570975771,[5.901837657090432 3.731086570975771],4.478622527393903,False,True,47.3302951203258,127,59.99785047027138,2566.879,in_progress,0.0,0
380,328.0,-1.1360724285640633,0.7349586050714418,43.636892500726894,-5.617989218129061,2.3463382048581556,[-5.617989218129061 2.3463382048581556],4.071789186185718,False,True,47.473653017806406,128,59.99785047027138,2566.955,in_progress,0.0,0
380,329.0,-1.0571550308639197,0.8212352418126196,45.59943020381539,26.942148883174646,2.4200482861348953,[26.942148883174646 2.4200482861348953],3.284308553802437,False,True,47.65779906479276,128,59.99785047027138,2567.014,in_progress,0.0,0
380,330.0,-0.9901652521604165,0.904010042044284,47.87226042734086,17.296152164978466,0.5482461687438681,[17.296152164978466 0.5482461687438681],2.843595178180826,False,True,47.83020717885979,128,59.99785047027138,2567.097,in_progress,0.0,0
380,331.0,-0.9249732138128184,1.0185417238610301,53.94014744688859,30.0,0.5,[30.0 0.5],2.843174541760018,False,True,48.049210664558146,129,59.99785047027138,2567.136,in_progress,0.0,0
380,332.0,-0.900130937408838,1.0694357114910606,56.239673660511,5.040961036495403,2.2004456546409648,[5.040961036495403 2.2004456546409648],4.069214739643844,False,True,48.14351091614791,129,59.99785047027138,2567.214,in_progress,0.0,0
380,333.0,-0.8442234359537935,1.18568852959302,59.79397913563944,30.0,2.7254022712118644,[30.0 2.7254022712118644],3.3922883261563017,False,True,48.358505439713504,130,59.99785047027138,2567.296,in_progress,0.0,0
380,334.0,-0.8032555283980352,1.2943681230454314,63.98565104337703,30.0,0.5,[30.0 0.5],2.86786938994848,False,True,48.551489748562275,130,59.99785047027138,2567.355,in_progress,0.0,0
380,335.0,-0.7812762073385443,1.3973220929587156,69.851111992314,-30.0,1.5526803210003304,[-30.0 1.5526803210003304],3.1289380702627043,False,True,48.72238270848074,130,59.99785047027138,2567.432,in_progress,0.0,0
380,336.0,-0.7581414457887273,1.4999288936635455,72.61102912916522,-30.0,1.2187255511716495,[-30.0 1.2187255511716495],3.0572305313619172,False,True,48.89358556308791,131,59.99785047027138,2567.474,in_progress,0.0,0
380,337.0,-0.7347873002930779,1.55629510156028,71.39045247314786,-30.0,3.1476508139029136,[-30.0 3.1476508139029136],3.524678010921934,False,True,48.995170313432226,131,59.99785047027138,2567.557,in_progress,0.0,0
380,338.0,-0.6691116991940426,1.6729419866222286,66.06575506969654,-13.248450710916973,4.0,[-13.248450710916973 4.0],4.675720448868177,False,True,49.21759532858448,131,59.99785047027138,2567.619,in_progress,0.0,0
380,339.0,-0.6006693128649779,1.75953275533507,60.05364205707806,-30.0,2.4267595104537243,[-30.0 2.4267595104537243],3.371890157951348,False,True,49.39682696096013,132,59.99785047027138,2567.694,in_progress,0.0,0
380,340.0,-0.4891537661206816,1.8627505527268646,50.2583882840779,2.6781493972367585,4.0,[2.6781493972367585 4.0],4.701879716993197,False,True,49.63179482521531,132,59.99785047027138,2567.738,in_progress,0.0,0
380,341.0,-0.4187719952517822,1.9179808613390705,45.132534292093275,-19.51895437740899,0.7666941692737222,[-19.51895437740899 0.7666941692737222],2.742544941827166,False,True,49.76618616060243,132,59.99785047027138,2567.826,in_progress,0.0,0
380,342.0,-0.27862545418681667,2.01610509293806,35.44355547148743,26.870620179656974,3.9401607081029293,[26.870620179656974 3.9401607081029293],3.4524350200427047,False,True,50.01470137836682,133,59.99785047027138,2567.885,in_progress,0.0,0
380,343.0,-0.18057285102492787,2.080931784617882,31.634183892807798,30.0,4.0,[30.0 4.0],3.157462885297301,False,True,50.18361587514055,133,59.99785047027138,2567.951,in_progress,0.0,0
380,344.0,-0.07977034155756745,2.170123788180854,34.43276201424178,30.0,4.0,[30.0 4.0],3.1661626273626626,False,True,50.390500397538176,133,59.99785047027138,2568.029,in_progress,0.0,0
380,345.0,0.033421481610743084,2.30040586597361,43.19032241450929,30.0,0.5,[30.0 0.5],2.4781762879890783,False,True,50.66804160370819,134,59.99785047027138,2568.073,in_progress,0.0,0
380,346.0,0.09435518611933762,2.384169317441301,49.27021940126388,30.0,1.0811814677083562,[30.0 1.0811814677083562],2.3841112648573084,False,True,50.816130768150245,134,59.99785047027138,2568.155,in_progress,0.0,0
380,347.0,0.18251374899912054,2.5152580045713986,57.988859790326615,30.0,0.5,[30.0 0.5],1.1976267472669377,False,False,51.07525833932529,135,59.99785047027138,2568.223,in_progress,0.0,0
380,348.0,0.2460544566912506,2.613300674683675,62.16643947408111,17.096223237576098,4.0,[17.096223237576098 4.0],1.2015577721036068,False,False,51.26450641371133,135,59.99785047027138,2568.291,in_progress,0.0,0
380,349.0,0.30539063406894057,2.7132210231080154,62.807325317435534,30.0,1.8706843211443345,[30.0 1.8706843211443345],1.2055558503260417,False,False,51.45665214806275,135,59.99785047027138,2568.349,in_progress,0.0,0
380,350.0,0.3438213871089181,2.8217619853044558,66.3671092468099,29.02454766363269,0.5,[29.02454766363269 0.5],1.2095368426218363,False,False,51.64810605356015,136,59.99785047027138,2568.421,in_progress,0.0,0
380,351.0,0.3648549859421754,2.9327504996468274,72.76317203950755,-3.6102556418953604,2.81251144811422,[-3.6102556418953604 2.81251144811422],1.518408004410195,False,False,51.89122500508627,136,59.99785047027138,2568.476,in_progress,0.0,0
380,352.0,0.3784584141017346,3.0285712029036223,76.32287133639721,-30.0,0.5,[-30.0 0.5],1.217759127172187,False,False,52.04224841304866,137,59.99785047027138,2568.544,in_progress,0.0,0
380,353.0,0.4038683789736807,3.144655870304104,78.27421896869457,-11.968405103424764,0.5,[-11.968405103424764 0.5],1.529872519543661,False,False,52.32607458149333,137,59.99785047027138,2568.616,in_progress,0.0,0
380,354.0,0.4337828694648328,3.2309539673686283,76.21185826413866,-30.0,0.5,[-30.0 0.5],2.553507598603178,False,True,52.469590211092054,137,59.99785047027138,2568.673,in_progress,0.0,0
380,355.0,0.4649438315019415,3.296925050987191,72.93781665092668,-30.0,0.5,[-30.0 0.5],2.558042325236925,False,True,52.587924746655354,138,59.99785047027138,2568.761,in_progress,0.0,0
380,356.0,0.5024578482962535,3.359892605757529,69.12859313375117,-7.018545838956555,0.5,[-7.018545838956555 0.5],3.203380043363926,False,True,52.70895326047585,138,59.99785047027138,2568.799,in_progress,0.0,0
380,357.0,0.5174686025686664,3.384725734349261,67.85992326440581,-30.0,0.8227423644561433,[-30.0 0.8227423644561433],2.6335269958350636,False,True,52.864492297481625,138,59.99785047027138,2568.883,in_progress,0.0,0
380,358.0,0.5581235938674275,3.441094339330858,64.10680220249219,-26.7667693930335,0.5,[-26.7667693930335 0.5],2.57316583654933,False,True,52.9753302697619,138,59.99785047027138,2568.961,in_progress,0.0,0
380,359.0,0.5991526498256431,3.482257725922648,59.79121577516351,10.23711821028894,0.5,[10.23711821028894 0.5],3.2208261204894826,False,True,53.071304922676845,139,59.99785047027138,2569.002,in_progress,0.0,0
380,360.0,0.6193402438702926,3.4991657275000874,57.56245525844759,-18.612772821140986,3.7327715657605585,[-18.612772821140986 3.7327715657605585],3.224280326584685,False,True,53.11514791265789,139,59.99785047027138,2569.08,in_progress,0.0,0
380,361.0,0.6682564971984887,3.5448820728151826,53.5176598264703,-21.097330596332256,0.5,[-21.097330596332256 0.5],2.581927862884917,False,True,53.22617810215283,139,59.99785047027138,2569.155,in_progress,0.0,0
380,362.0,0.7234726028083976,3.57060721667756,46.51482551814445,-30.0,2.047485525439746,[-30.0 2.047485525439746],2.900621223295533,False,True,53.44432948636837,139,59.99785047027138,2569.219,in_progress,0.0,0
380,363.0,0.7828672942485126,3.5899564062490827,39.5922782542666,-30.0,0.5,[-30.0 0.5],2.5950022024934807,False,True,53.54839632710065,139,59.99785047027138,2569.282,in_progress,0.0,0
380,364.0,0.8414638355508633,3.598143788791636,32.395913759686245,13.640293114944377,0.5,[13.640293114944377 0.5],3.248162678552213,False,True,53.644911890426236,140,59.99785047027138,2569.356,in_progress,0.0,0
380,365.0,0.891991534895783,3.608469227772425,27.634743780524925,-30.0,3.240115298926144,[-30.0 3.240115298926144],3.1495500015130884,False,True,53.72998008640825,140,59.99785047027138,2569.429,in_progress,0.0,0
380,366.0,0.9406543626044422,3.6233661799764905,25.185227534606863,-30.0,0.5,[-30.0 0.5],2.6112345376578205,False,True,53.959196447331394,140,59.99785047027138,2569.488,in_progress,0.0,0
380,367.0,0.9913508634663364,3.6204233655950953,18.749818748700942,-25.773457242098743,2.0576878966591923,[-25.773457242098743 2.0576878966591923],2.925745085747074,False,True,54.043712754720005,140,59.99785047027138,2569.56,in_progress,0.0,0
380,368.0,1.048006461340457,3.6086031044387727,11.944084367370692,-30.0,0.5,[-30.0 0.5],2.6176473457810876,False,True,54.13822089704087,141,59.99785047027138,2569.621,in_progress,0.0,0
380,369.0,1.1011995854668586,3.5906795115172034,5.361948289491482,-24.99508841630686,0.5,[-24.99508841630686 0.5],2.620822663476382,False,True,54.22699915617798,141,59.99785047027138,2569.685,in_progress,0.0,0
380,370.0,1.1428295414093548,3.5705402264120556,-0.3825450226931701,-30.0,1.3100363369799535,[-30.0 1.3100363369799535],2.7928811721753988,False,True,54.463701779185634,141,59.99785047027138,2569.751,in_progress,0.0,0
380,371.0,1.1885006467996126,3.5462752704629215,-5.990956918109777,-30.0,0.5,[-30.0 0.5],2.633889717176334,False,True,54.549014744768286,141,59.99785047027138,2569.817,in_progress,0.0,0
380,372.0,1.2301183591698284,3.510088536606655,-14.077884445089436,-23.660628440685382,0.5,[-23.660628440685382 0.5],2.6369244340799076,False,True,54.63468902493103,142,59.99785047027138,2569.897,in_progress,0.0,0
380,373.0,1.2662270890229885,3.4707268517434238,-21.140846889867287,-10.767180366407988,0.5,[-10.767180366407988 0.5],3.2995540195012674,False,True,54.713511672510315,142,59.99785047027138,2569.941,in_progress,0.0,0
380,374.0,1.2855596065488455,3.448922056068168,-24.404093056834334,-30.0,3.490970571312718,[-30.0 3.490970571312718],3.238878310155969,False,True,54.75612491149623,142,59.99785047027138,2570.034,in_progress,0.0,0
380,375.0,1.331252377324902,3.3926498580331743,-31.997348777180104,7.3192370018741855,4.0,[7.3192370018741855 4.0],1.5950414658338388,False,False,55.02161386729571,142,59.99785047027138,2570.088,in_progress,0.0,0
380,376.0,1.358645967689428,3.3493593605711958,-37.271142126618706,15.682802079626065,0.5,[15.682802079626065 0.5],1.277380629991843,False,False,55.099828090037164,142,59.99785047027138,2570.16,in_progress,0.0,0
380,377.0,1.408614901942896,3.306944842265051,-38.69299022683798,15.189744296242665,1.8309783626126621,[15.189744296242665 1.8309783626126621],1.2794330049832545,False,False,55.20841048900345,143,59.99785047027138,2570.211,in_progress,0.0,0
380,378.0,1.4410097712995047,3.2854815200198835,-37.85082861136121,30.0,2.1209312597725978,[30.0 2.1209312597725978],1.2804709623556105,False,False,55.273177076626,143,59.99785047027138,2570.296,in_progress,0.0,0
380,379.0,1.5294711651526232,3.241898228209208,-33.511406704680404,-1.0445913486227063,3.9037783373551664,[-1.0445913486227063 3.9037783373551664],1.607312593543083,False,False,55.52534414057922,143,59.99785047027138,2570.35,in_progress,0.0,0
380,380.0,1.5926663001845103,3.216254484793235,-30.434823238690402,30.0,0.6655657963263293,[30.0 0.6655657963263293],1.287867322099854,False,False,55.632363913837224,143,59.99785047027138,2570.422,in_progress,0.0,0
380,381.0,1.6784036280605763,3.1709368648710545,-29.68868369160993,-5.8742350050243,1.6902600821804519,[-5.8742350050243 1.6902600821804519],1.6137989532482773,False,False,55.78924888152416,144,59.99785047027138,2570.489,in_progress,0.0,0
380,382.0,1.7472794520695731,3.131666496573191,-29.830294529374008,-30.0,3.2863313129586,[-30.0 3.2863313129586],1.2935706880077458,False,False,55.918462021102336,144,59.99785047027138,2570.563,in_progress,0.0,0
380,383.0,1.83290997678767,3.062751458470192,-33.588591325133144,-9.048197756135572,4.0,[-9.048197756135572 4.0],4.2449813084949835,False,True,56.12940641721054,144,59.99785047027138,2570.607,in_progress,0.0,0
380,384.0,1.8711176318199678,3.022398950447511,-36.578063442753326,-20.40581779400026,1.4752594415210747,[-20.40581779400026 1.4752594415210747],2.894405932109607,False,True,56.221983531745835,145,59.99785047027138,2570.687,in_progress,0.0,0
380,385.0,1.9518477376754932,2.916267069061392,-44.09720036940448,28.768644129267557,0.5,[28.768644129267557 0.5],2.708619122909387,False,True,56.44209537236677,145,59.99785047027138,2570.764,in_progress,0.0,0
380,386.0,2.00900562980068,2.826814248764198,-50.3559058961799,8.161092607784525,0.5,[8.161092607784525 0.5],3.3950015149890396,False,True,56.62150274276324,145,59.99785047027138,2570.804,in_progress,0.0,0
380,387.0,2.0465666690986866,2.778763422544752,-50.956244832189256,30.0,2.1625528921713935,[30.0 2.1625528921713935],2.619760379309481,False,True,56.72249035558473,145,59.99785047027138,2570.887,in_progress,0.0,0
380,388.0,2.1197389757237746,2.7138810898438823,-47.31161458657212,30.0,4.0,[30.0 4.0],3.4263668736446955,False,True,56.88511769753822,146,59.99785047027138,2570.959,in_progress,0.0,0
380,389.0,2.2084540853339925,2.660651742284603,-41.02336354806599,30.0,3.4966010498267908,[30.0 3.4966010498267908],3.3326520493165477,False,True,57.055523185942434,146,59.99785047027138,2571.025,in_progress,0.0,0
380,390.0,2.3086384257994474,2.6206542691498043,-33.31824677670993,9.278699760199942,0.5,[9.278699760199942 0.5],3.4250139253698473,False,True,57.219753650537044,146,59.99785047027138,2571.089,in_progress,0.0,0
380,391.0,2.415239303252328,2.591432762235673,-23.053786309707174,-30.0,2.7201917903606736,[-30.0 2.7201917903606736],3.190478563937809,False,True,57.37857083514072,147,59.99785047027138,2571.148,in_progress,0.0,0
380,392.0,2.509984931575179,2.5676747848944528,-17.61304562461685,-2.4002030745108485,2.8672683381908417,[-2.4002030745108485 2.8672683381908417],4.43490612848206,False,True,57.51708139046657,147,59.99785047027138,2571.227,in_progress,0.0,0
380,393.0,2.6287289299008223,2.5274540922120394,-17.076372495501754,-29.135194739920188,3.5772164487371585,[-29.135194739920188 3.5772164487371585],3.712570531596594,False,True,57.70322725633365,147,59.99785047027138,2571.275,in_progress,0.0,0
380,394.0,2.733888424033885,2.484639865506675,-19.36431272652751,-4.900926947231149,0.5,[-4.900926947231149 0.5],4.150077436765346,False,True,57.876578297520574,148,59.99785047027138,2571.341,in_progress,0.0,0
380,395.0,2.844341944270238,2.4239827557952967,-25.44462621753095,-30.0,0.5,[-30.0 0.5],3.330084317755568,False,True,58.077183380446115,148,59.99785047027138,2571.416,in_progress,0.0,0
380,396.0,2.9494469239340395,2.360050300706341,-29.909631036652904,30.0,3.189886071568591,[30.0 3.189886071568591],3.985570700563466,False,True,58.27585809740338,148,59.99785047027138,2571.49,in_progress,0.0,0
380,397.0,3.046850161590503,2.3047161270163143,-28.80332511064789,30.0,0.5,[30.0 0.5],3.34884818394861,False,True,58.455311918283606,149,59.99785047027138,2571.549,in_progress,0.0,0
380,398.0,3.1406488524918226,2.2723777563307217,-23.30180517136054,-30.0,0.5,[-30.0 0.5],3.3560634570237826,False,True,58.605179709172525,149,59.99785047027138,2571.621,in_progress,0.0,0
380,399.0,3.2235959223235606,2.245343718311717,-19.142764574766424,-30.0,0.6928246953442557,[-30.0 0.6928246953442557],3.1244304565392267,False,True,58.73535619690692,149,59.99785047027138,2571.693,in_progress,0.0,0
380,400.0,3.3058965082618315,2.209314294771091,-18.93980394789155,-13.612387402238099,0.5,[-13.612387402238099 0.5],3.860149865486565,False,True,58.87527493828091,150,59.99785047027138,2571.755,in_progress,0.0,0
380,401.0,3.3601029658998183,2.178291863734343,-21.56515954133557,-24.42214136409801,0.5,[-24.42214136409801 0.5],3.092246614998772,False,True,58.975951359184684,150,59.99785047027138,2571.822,in_progress,0.0,0
380,402.0,3.4026022353279655,2.1422669258139635,-26.094865804436377,-14.291310530317554,4.0,[-14.291310530317554 4.0],4.832458640969771,False,True,59.068558111557735,150,59.99785047027138,2571.89,in_progress,0.0,0
380,403.0,3.4483297602542238,2.0927634697329203,-31.724600996273875,-30.0,1.2091945073912156,[-30.0 1.2091945073912156],3.2567377369826147,False,True,59.181467374806275,150,59.99785047027138,2571.951,in_progress,0.0,0
380,404.0,3.4873323530573233,2.0403275517164694,-37.09632537937733,-30.0,2.288395718090232,[-30.0 2.288395718090232],3.498641763551622,False,True,59.28904475838549,150,59.99785047027138,2572.023,in_progress,0.0,0
380,405.0,3.52800200714652,1.9637601257308248,-45.2182762914507,30.0,4.0,[30.0 4.0],3.8811958753394737,False,True,59.426722853483525,151,59.99785047027138,2572.091,in_progress,0.0,0
380,406.0,3.5748995330762354,1.8706853279227358,-51.6702765525515,-30.0,3.7105475987854426,[-30.0 3.7105475987854426],4.172578356720705,False,True,59.59105557351736,151,59.99785047027138,2572.134,in_progress,0.0,0
380,407.0,3.609877893157224,1.819023738216242,-52.785780911201364,-30.0,2.0953727091846632,[-30.0 2.0953727091846632],3.7893828182852314,False,True,59.69058467668324,151,59.99785047027138,2572.22,in_progress,0.0,0
380,408.0,3.6597223866142916,1.6934061214549363,-60.3026048905383,-15.247934865784043,4.0,[-15.247934865784043 4.0],4.256892481660953,False,True,59.89823316450469,152,59.99785047027138,2572.287,in_progress,0.0,0
380,409.0,3.6901988113378406,1.5707096663811135,-67.6171470353581,30.0,2.9403127346955156,[30.0 2.9403127346955156],4.011529525611102,False,True,60.07980196837379,152,59.99785047027138,2572.353,in_progress,0.0,0
380,410.0,3.7193198089081316,1.440759566504775,-74.02027106445142,-16.107270629526166,0.5,[-16.107270629526166 0.5],3.149042847804873,False,True,60.27053708009085,152,59.99785047027138,2572.423,in_progress,0.0,0
380,411.0,3.752801609695109,1.3230033631296887,-76.91769930126632,23.705401962745285,1.2291903141925566,[23.705401962745285 1.2291903141925566],3.3176098999336427,False,True,60.450764093521144,153,59.99785047027138,2572.492,in_progress,0.0,0
380,412.0,3.784114627374635,1.208104591549156,-78.59406431387163,-13.688646067688339,3.046749900510733,[-13.688646067688339 3.046749900510733],4.233315764074616,False,True,60.62505214947498,153,59.99785047027138,2572.562,in_progress,0.0,0
380,413.0,3.8181798629557724,1.092298248853818,-77.13928918620148,30.0,1.120312718825305,[30.0 1.120312718825305],3.008658024481153,False,True,60.80287600297795,153,59.99785047027138,2572.597,in_progress,0.0,0
380,414.0,3.829495292070147,1.0330834636975263,-78.12492518951399,27.51648905070205,0.5,[27.51648905070205 0.5],2.887599798727139,False,True,60.88704823535592,153,59.99785047027138,2572.689,in_progress,0.0,0
380,415.0,3.866359738362604,0.9004386259328355,-76.28544312493135,-3.97764038576414,0.5,[-3.97764038576414 0.5],3.494990801155432,False,True,61.08891484372519,154,59.99785047027138,2572.755,in_progress,0.0,0
380,416.0,3.889212045692261,0.8303276961174987,-74.83711046502239,-30.0,0.5,[-30.0 0.5],1.4001038218768873,False,False,61.19950667952432,154,59.99785047027138,2572.825,in_progress,0.0,0
380,417.0,3.903618314490166,0.7527433862893117,-76.21899556515245,-7.808829130913974,2.8959271711102694,[-7.808829130913974 2.8959271711102694],1.7521121382964242,False,False,61.28726977472011,154,59.99785047027138,2572.863,in_progress,0.0,0
380,418.0,3.908509904428663,0.7103521481415366,-77.45292673065065,-30.0,4.0,[-30.0 4.0],1.4025340658122818,False,False,61.34256509137224,154,59.99785047027138,2572.954,in_progress,0.0,0
380,419.0,3.9011575765663355,0.6051632396892052,-83.94681612206239,14.519577487609567,0.5,[14.519577487609567 0.5],1.755902360026524,False,False,61.45658260092834,154,59.99785047027138,2573.018,in_progress,0.0,0
380,420.0,3.885796383786622,0.5238716050254922,-90.69226277832001,-19.435820467931187,0.5104048666746492,[-19.435820467931187 0.5104048666746492],1.4060550840316735,False,False,61.5331798729038,155,59.99785047027138,2573.086,in_progress,0.0,0
380,421.0,3.87786587996957,0.4584108258695543,-92.2875217214899,30.0,0.5,[30.0 0.5],1.407169136491393,True,False,61.60014269702986,155,59.99785047027138,2573.153,off_track,0.0,0
381,1.0,-2.792138036283153,-2.1727249373147526,-179.99224299200839,-1.9368281874919546,2.448942455908255,[-1.9368281874919546 2.448942455908255],0.0,False,True,0.23334183739219388,10,59.99785047027138,2573.249,prepare,0.0,0
381,2.0,-2.7921379369531376,-2.1727582917055543,-179.97827537860488,-30.0,1.6017515949104748,[-30.0 1.6017515949104748],0.6196288092369331,False,True,0.23334169291509832,10,59.99785047027138,2573.354,in_progress,0.0,0
381,3.0,-2.805775349359631,-2.1678756939165864,179.1689541498083,-17.105663409434563,1.6221249536695614,[-17.105663409434563 1.6221249536695614],0.5859705512839929,False,True,0.25606844062929446,10,59.99785047027138,2573.418,in_progress,0.0,0
381,4.0,-2.833937578302718,-2.1580807655741934,176.861969274701,-30.0,4.0,[-30.0 4.0],1.1490579124578773,False,True,0.30297742381070053,10,59.99785047027138,2573.477,in_progress,0.0,0
381,5.0,-2.8742998727869327,-2.142194798694383,173.6004349525563,-15.15621977958912,1.881102651552794,[-15.15621977958912 1.881102651552794],0.6469380391017211,False,True,0.3702147778959289,10,59.99785047027138,2573.56,in_progress,0.0,0
381,6.0,-2.933391993682367,-2.116587916451215,169.3251003471449,18.018274059415553,0.5,[18.018274059415553 0.5],0.3353102282649511,False,True,0.46864788490505527,10,59.99785047027138,2573.633,in_progress,0.0,0
381,7.0,-2.9972992886312064,-2.092129077811296,166.21311203110648,30.0,4.0,[30.0 4.0],1.1946445237499095,False,True,0.5751091268380137,11,59.99785047027138,2573.659,in_progress,0.0,0
381,8.0,-3.0270355375227753,-2.0847633718683665,166.18951482705606,30.0,0.5,[30.0 0.5],0.3498729734194081,False,True,0.6246548190744785,11,59.99785047027138,2573.756,in_progress,0.0,0
381,9.0,-3.1015372464456252,-2.087463679656234,171.28675758838145,5.1099945383470455,1.36991611927075,[5.1099945383470455 1.36991611927075],0.7254854110482053,False,True,0.7488347030166196,11,59.99785047027138,2573.818,in_progress,0.0,0
381,10.0,-3.1506017686448535,-2.09304030472647,174.38835519645158,14.645570162397242,4.0,[14.645570162397242 4.0],1.5216597614457326,False,True,0.8305768488035347,11,59.99785047027138,2573.887,in_progress,0.0,0
381,11.0,-3.214888035872789,-2.095357923654514,176.42498043900966,-9.310238495470319,4.0,[-9.310238495470319 4.0],1.5375831091087429,False,True,0.9377308586353973,11,59.99785047027138,2573.957,in_progress,0.0,0
381,12.0,-3.2995034133875527,-2.0930612072772825,177.09832410080645,-6.720027175000467,2.6188911802960293,[-6.720027175000467 2.6188911802960293],1.1491247575557988,False,True,1.0787548504728017,12,59.99785047027138,2574.017,in_progress,0.0,0
381,13.0,-3.3884933594146163,-2.0786690210181042,174.9907322168757,-20.85311818312448,0.5,[-20.85311818312448 0.5],0.39537348649602433,False,True,1.2270358755971558,12,59.99785047027138,2574.092,in_progress,0.0,0
381,14.0,-3.4830440122674315,-2.0504548095452275,170.75482961372242,-1.8631195993646479,2.209148552234688,[-1.8631195993646479 2.209148552234688],0.9883404461860524,False,True,1.3848167066236843,12,59.99785047027138,2574.156,in_progress,0.0,0
381,15.0,-3.5609407821475734,-2.0209933355685163,167.07168479620208,-30.0,0.5,[-30.0 0.5],0.42655782771658335,False,True,1.5146307546248003,12,59.99785047027138,2574.217,in_progress,0.0,0
381,16.0,-3.637600863460117,-1.9946492274755068,165.2590508032103,30.0,0.842426279250492,[30.0 0.842426279250492],0.5126515591575256,False,True,1.6423855434713974,13,59.99785047027138,2574.302,in_progress,0.0,0
381,17.0,-3.73295784648118,-1.9664565279884316,164.75846277351147,30.0,1.3307049848245742,[30.0 1.3307049848245742],0.636203303821683,False,True,1.8013017858056466,13,59.99785047027138,2574.335,in_progress,0.0,0
381,18.0,-3.7659046583190987,-1.9606727407490536,165.4858257973498,30.0,0.5,[30.0 0.5],0.449268020715172,False,True,1.8544569601807448,13,59.99785047027138,2574.413,in_progress,0.0,0
381,19.0,-3.851848363952302,-1.959362964866321,169.96228525169548,30.0,0.5,[30.0 0.5],0.4615930836433735,False,True,1.99768797524644,13,59.99785047027138,2574.48,in_progress,0.0,0
381,20.0,-3.901551446411709,-1.9589899111495443,171.82972384309966,19.626991046864177,0.5,[19.626991046864177 0.5],0.46309480393056135,False,True,2.0805249389847886,13,59.99785047027138,2574.551,in_progress,0.0,0
381,21.0,-3.9440399783887905,-1.957588247879865,172.96743341123596,30.0,1.422470921204654,[30.0 1.422470921204654],0.6657614404018832,False,True,2.1513282788832884,14,59.99785047027138,2574.625,in_progress,0.0,0
381,22.0,-4.0037968661338885,-1.9718975024880785,177.95716810029046,30.0,0.5,[30.0 0.5],0.46742791106362325,False,True,2.251052013817999,14,59.99785047027138,2574.683,in_progress,0.0,0
381,23.0,-4.046099395225852,-1.997251387171224,-175.3153379999891,-30.0,3.317243367178662,[-30.0 3.317243367178662],1.087348024247972,False,True,2.3217823601861447,14,59.99785047027138,2574.755,in_progress,0.0,0
381,24.0,-4.100653920855657,-2.028330148620976,-169.46287055719085,-30.0,0.5,[-30.0 0.5],0.4704325285851743,False,True,2.409308346157582,14,59.99785047027138,2574.823,in_progress,0.0,0
381,25.0,-4.151480238080769,-2.0383110191300453,-168.86911804323643,-30.0,2.071992118222082,[-30.0 2.071992118222082],0.8188608714547607,False,True,2.4943413693428824,14,59.99785047027138,2574.886,in_progress,0.0,0
381,26.0,-4.203200169793534,-2.0402870810157396,-170.78067873481027,-30.0,2.9908430224461826,[-30.0 2.9908430224461826],1.0238562566409646,False,True,2.5805933584053586,14,59.99785047027138,2574.959,in_progress,0.0,0
381,27.0,-4.27882114999879,-2.0272351137036866,-176.4192189648132,-17.11397649015674,1.2515457783157509,[-17.11397649015674 1.2515457783157509],0.6495642435538718,False,True,2.706166535403766,15,59.99785047027138,2575.024,in_progress,0.0,0
381,28.0,-4.3504423754684804,-2.0025338466612115,176.93068167788266,-30.0,1.1863980989104501,[-30.0 1.1863980989104501],0.6424369805145258,False,True,2.824681451448563,15,59.99785047027138,2575.085,in_progress,0.0,0
381,29.0,-4.423530320446626,-1.9710433083251218,170.77350869735068,-6.624005822897722,0.648267731764054,[-6.624005822897722 0.648267731764054],0.6650300686745269,False,True,2.9500390450873453,15,59.99785047027138,2575.15,in_progress,0.0,0
381,30.0,-4.488757527354742,-1.939888992249325,166.1762348135842,3.752125214496651,0.5,[3.752125214496651 0.5],0.5738916880981105,False,True,3.0583829298992145,15,59.99785047027138,2575.225,in_progress,0.0,0
381,31.0,-4.5574886558578385,-1.9212751506874435,165.91998531564636,30.0,0.5,[30.0 0.5],0.4648622696114355,False,True,3.172715387925526,16,59.99785047027138,2575.286,in_progress,0.0,0
381,32.0,-4.614345962053925,-1.916066066201607,167.90571108507783,-27.66432996835038,0.5,[-27.66432996835038 0.5],0.468326987009746,False,True,3.267416820247747,16,59.99785047027138,2575.344,in_progress,0.0,0
381,33.0,-4.6622986317511455,-1.91338935157659,169.60582502535715,30.0,0.5,[30.0 0.5],0.4746295687930395,False,True,3.3876078029157832,16,59.99785047027138,2575.416,in_progress,0.0,0
381,34.0,-4.713201217209037,-1.9103616170038473,171.08299730454277,30.0,1.3465967068577323,[30.0 1.3465967068577323],0.6463417589721967,False,True,3.4725748989533582,16,59.99785047027138,2575.494,in_progress,0.0,0
381,35.0,-4.781927644350972,-1.9222595435961125,176.13919386502135,7.9737353989482,4.0,[7.9737353989482 4.0],1.4780115013621067,False,True,3.5850862602158,17,59.99785047027138,2575.537,in_progress,0.0,0
381,36.0,-4.818068066595223,-1.933638804678462,179.4265930146725,-2.2648788346590543,2.4396705806756898,[-2.2648788346590543 2.4396705806756898],1.0875173334905712,False,True,3.6435440140002067,17,59.99785047027138,2575.614,in_progress,0.0,0
381,37.0,-4.9060556166115985,-1.9412589368307325,-178.6754786727444,-26.396599963592394,0.5,[-26.396599963592394 0.5],0.5426884483887066,False,True,3.8131171240192137,18,59.99785047027138,2575.683,in_progress,0.0,0
381,38.0,-4.987311560508429,-1.9413982928473514,-178.36507996765957,-30.0,3.6441804545164143,[-30.0 3.6441804545164143],1.242566431806389,False,True,3.946974871602002,19,59.99785047027138,2575.743,in_progress,0.0,0
381,39.0,-5.0602491686975855,-1.937505532435494,-179.49949074026415,-8.613721504979793,0.5,[-8.613721504979793 0.5],0.7002684460886415,False,True,4.09286142609921,19,59.99785047027138,2575.811,in_progress,0.0,0
381,40.0,-5.141244639077094,-1.9216020316799391,176.72548064045446,-30.0,0.6479033735253032,[-30.0 0.6479033735253032],0.602171613133437,False,True,4.240537288315184,20,59.99785047027138,2575.889,in_progress,0.0,0
381,41.0,-5.200951496577826,-1.9053326173433427,173.8007816766983,-19.598424615163715,0.5,[-19.598424615163715 0.5],0.5741531476862076,False,True,4.343679189576808,20,59.99785047027138,2575.953,in_progress,0.0,0
381,42.0,-5.250921548711351,-1.8842841247784745,170.1768075985876,-30.0,1.0385163451135409,[-30.0 1.0385163451135409],0.6957116972745472,False,True,4.433194695064305,21,59.99785047027138,2576.017,in_progress,0.0,0
381,43.0,-5.293850550196202,-1.8513040919859627,164.29724272053923,-30.0,1.674849638641708,[-30.0 1.674849638641708],0.8443702390979912,False,True,4.575993448046301,21,59.99785047027138,2576.09,in_progress,0.0,0
381,44.0,-5.341381992000792,-1.8049525692454782,157.01743646137334,3.7708788540432963,2.7942716256553,[3.7708788540432963 2.7942716256553],1.2445857642184128,False,True,4.680153066896467,22,59.99785047027138,2576.155,in_progress,0.0,0
381,45.0,-5.398813375303922,-1.7487764839905786,150.6627392930012,-21.763584168588523,2.423798718328059,[-21.763584168588523 2.423798718328059],0.9295262596330055,False,True,4.825297107193421,22,59.99785047027138,2576.205,in_progress,0.0,0
381,46.0,-5.4540602381825645,-1.6976524952323098,146.6714492821105,-30.0,1.3279365817105093,[-30.0 1.3279365817105093],0.7159972835631383,False,True,4.946090761539419,23,59.99785047027138,2576.275,in_progress,0.0,0
381,47.0,-5.521681345929586,-1.618505470414206,140.5459597412644,-17.25131042682611,1.1881841510394087,[-17.25131042682611 1.1881841510394087],0.7021795746071269,False,True,5.161586048880502,24,59.99785047027138,2576.351,in_progress,0.0,0
381,48.0,-5.573962165522173,-1.545911620926567,135.62650972226484,-10.479838710983131,0.5,[-10.479838710983131 0.5],0.7230440333118817,False,True,5.376909657299487,24,59.99785047027138,2576.413,in_progress,0.0,0
381,49.0,-5.613285364008341,-1.476148358045357,130.6096396398104,-11.297052626859873,2.268313432230211,[-11.297052626859873 2.268313432230211],1.1842815632380224,False,True,5.61093822891336,25,59.99785047027138,2576.49,in_progress,0.0,0
381,50.0,-5.651889880498067,-1.3916249127368758,124.99013557886977,-30.0,2.7453710733313414,[-30.0 2.7453710733313414],0.25077508090850054,False,False,5.761049156006093,26,59.99785047027138,2576.556,in_progress,0.0,0
381,51.0,-5.682292304518289,-1.2879030404836258,117.38981041636768,-30.0,1.2460706337337553,[-30.0 1.2460706337337553],0.2609841924467138,False,False,6.058561610370142,27,59.99785047027138,2576.621,in_progress,0.0,0
381,52.0,-5.700709427216022,-1.1896802543497709,110.52274352528435,-7.814687710462962,0.7615911493622014,[-7.814687710462962 0.7615911493622014],0.3380673416529772,False,False,6.342502338976209,27,59.99785047027138,2576.694,in_progress,0.0,0
381,53.0,-5.711979307025512,-1.0927320259395876,105.34225035918122,1.1738024765194588,2.435455298114077,[1.1738024765194588 2.435455298114077],0.34968867639413304,False,False,6.625680184309888,28,59.99785047027138,2576.727,in_progress,0.0,0
381,54.0,-5.715643155632222,-1.039095297220372,102.84415770196367,-12.243240949815988,1.8269373620427174,[-12.243240949815988 1.8269373620427174],0.35101120486832793,False,False,6.7149969626984465,28,59.99785047027138,2576.835,in_progress,0.0,0
381,55.0,-5.712882602593957,-0.891271140781527,95.72954019447887,27.676422527865363,0.5,[27.676422527865363 0.5],0.28825932403524057,False,False,6.957983683609255,29,59.99785047027138,2576.871,in_progress,0.0,0
381,56.0,-5.709869291731306,-0.8408192488354599,93.58794058051893,13.316810331084625,0.5,[13.316810331084625 0.5],0.36500974631748967,False,False,7.113010441058773,29,59.99785047027138,2576.958,in_progress,0.0,0
381,57.0,-5.719133632535976,-0.7282306583356779,94.19633869659025,21.53316827931718,2.1383471626151627,[21.53316827931718 2.1383471626151627],0.2970851756286864,False,False,7.301245841721954,29,59.99785047027138,2577.031,in_progress,0.0,0
381,58.0,-5.739931016105595,-0.6408803780033512,97.31352184246845,30.0,0.5,[30.0 0.5],0.3004692738748568,False,False,7.448608049838885,30,59.99785047027138,2577.076,in_progress,0.0,0
381,59.0,-5.763574521819056,-0.5828268307111512,101.24076433190695,30.0,0.69232066542973,[30.0 0.69232066542973],0.3019000085700193,False,False,7.547500214250482,30,59.99785047027138,2577.162,in_progress,0.0,0
381,60.0,-5.811392102794675,-0.504301215819182,108.39166305943328,-0.15430897197837723,1.6340707109254853,[-0.15430897197837723 1.6340707109254853],0.3800646607208251,False,False,7.664113819494324,30,59.99785047027138,2577.19,in_progress,0.0,0
381,61.0,-5.833065438637694,-0.47275045341595057,110.89735533040735,30.0,2.6990048001208384,[30.0 2.6990048001208384],0.303804299441609,False,False,7.719617444827769,30,59.99785047027138,2577.299,in_progress,0.0,0
381,62.0,-5.907703161324904,-0.3815713258224204,119.03590605207802,30.0,1.9278787406063191,[30.0 1.9278787406063191],0.3077632725098163,False,False,7.881742344763586,31,59.99785047027138,2577.337,in_progress,0.0,0
381,63.0,-5.948950116112666,-0.3497775115095596,123.93002039812632,-12.937876567540489,0.5,[-12.937876567540489 0.5],0.38356404924456133,False,False,7.918741661823201,31,59.99785047027138,2577.422,in_progress,0.0,0
381,64.0,-6.033549324152707,-0.2798097222698752,132.70065425959712,30.0,0.5876953808576739,[30.0 0.5876953808576739],0.8094648558015787,False,True,8.03839485106143,31,59.99785047027138,2577.494,in_progress,0.0,0
381,65.0,-6.08634049091621,-0.22984853122189433,134.26375278433358,30.0,0.6442344785059628,[30.0 0.6442344785059628],0.825135646920645,False,True,8.135762638682536,32,59.99785047027138,2577.557,in_progress,0.0,0
381,66.0,-6.132923123390095,-0.19429550165827325,136.27949467966303,-7.907992802124067,0.8739341591697238,[-7.907992802124067 0.8739341591697238],1.096012852293137,False,True,8.20767705382076,32,59.99785047027138,2577.623,in_progress,0.0,0
381,67.0,-6.178372667533075,-0.16201088187042834,138.23018035773842,-24.902770760669075,1.5871516002144102,[-24.902770760669075 1.5871516002144102],1.128487376591427,False,True,8.273897703892882,32,59.99785047027138,2577.692,in_progress,0.0,0
381,68.0,-6.223070888799738,-0.11047995998025333,136.15388708331253,-30.0,2.972693741672862,[-30.0 2.972693741672862],1.4635558425250028,False,True,8.358776610484915,32,59.99785047027138,2577.761,in_progress,0.0,0
381,69.0,-6.267529281951519,-0.03834360659611705,131.47242966440191,-30.0,2.7141682409773926,[-30.0 2.7141682409773926],1.4087669233156017,False,True,8.49609906789614,33,59.99785047027138,2577.801,in_progress,0.0,0
381,70.0,-6.287226134331281,0.008482903297656996,127.59813961451167,-7.747997401316539,0.5070205105242844,[-7.747997401316539 0.5070205105242844],1.1013038452173531,False,True,8.574177625478987,33,59.99785047027138,2577.881,in_progress,0.0,0
381,71.0,-6.327169866572922,0.10826135683877897,120.79358324740015,-14.490451274418083,0.5,[-14.490451274418083 0.5],1.1115958199396463,False,True,8.741780181269512,34,59.99785047027138,2577.956,in_progress,0.0,0
381,72.0,-6.350861510465939,0.1739691697621478,117.75505101647018,-14.091047889784738,2.9726929306539085,[-14.091047889784738 2.9726929306539085],1.8598094855932326,False,True,8.855152539722479,35,59.99785047027138,2578.019,in_progress,0.0,0
381,73.0,-6.3689453978869714,0.23375278326926327,115.10415097649852,1.2129634048894644,2.5829267757779992,[1.2129634048894644 2.5829267757779992],1.746106473740782,False,True,8.939167243102771,35,59.99785047027138,2578.086,in_progress,0.0,0
381,74.0,-6.396481655765872,0.30585410350745545,113.85668515077094,30.0,2.7355771704892606,[30.0 2.7355771704892606],1.319452722478409,False,True,9.060931123368327,36,59.99785047027138,2578.143,in_progress,0.0,0
381,75.0,-6.436717459637393,0.3798621212444565,115.34639757725101,-4.508926591414593,1.7293288280801984,[-4.508926591414593 1.7293288280801984],1.3781885559473195,False,True,9.171037131700551,36,59.99785047027138,2578.206,in_progress,0.0,0
381,76.0,-6.486172317861948,0.45506621343846554,118.28233115492797,30.0,1.1212900835348067,[30.0 1.1212900835348067],0.9743358576842344,False,True,9.294825319609558,37,59.99785047027138,2578.281,in_progress,0.0,0
381,77.0,-6.541613565940074,0.5488028477016484,119.04702854273644,30.0,0.5,[30.0 0.5],0.8456862026893891,False,True,9.450514461424959,38,59.99785047027138,2578.349,in_progress,0.0,0
381,78.0,-6.5819260070826475,0.6043323232233891,120.98550096150139,30.0,3.474858705628059,[30.0 3.474858705628059],1.5002517436252145,False,True,9.504062040970616,38,59.99785047027138,2578.408,in_progress,0.0,0
381,79.0,-6.632026058057147,0.6606475052818814,124.20236351833293,30.0,4.0,[30.0 4.0],1.4734773607707417,False,True,9.621105153867736,38,59.99785047027138,2578.484,in_progress,0.0,0
381,80.0,-6.7001052615735714,0.7235343452355858,128.85369506290633,30.0,0.5,[30.0 0.5],0.7782708918703656,False,True,9.741124510904186,39,59.99785047027138,2578.54,in_progress,0.0,0
381,81.0,-6.7646607064551425,0.7709021684433043,133.79116014795784,30.0,0.5,[30.0 0.5],0.7829021293984324,False,True,9.8587983469492,39,59.99785047027138,2578.625,in_progress,0.0,0
381,82.0,-6.8386083634353625,0.8120280360205219,139.40537068594125,14.57847387322267,2.9942478422267382,[14.57847387322267 2.9942478422267382],1.609899661693229,False,True,9.998745341864783,40,59.99785047027138,2578.681,in_progress,0.0,0
381,83.0,-6.901777704963643,0.8360973379203339,144.5997510559247,30.0,1.6656245824210987,[30.0 1.6656245824210987],1.0256403333989752,False,True,10.099183163340184,40,59.99785047027138,2578.753,in_progress,0.0,0
381,84.0,-6.9848730326211355,0.8533606085563443,152.21243975034406,30.0,3.203005596425273,[30.0 3.203005596425273],1.339258850266921,False,True,10.238949505768732,41,59.99785047027138,2578.826,in_progress,0.0,0
381,85.0,-7.093989010273573,0.8582094925392575,162.48429045510937,30.0,0.5,[30.0 0.5],0.8081880083286261,False,True,10.428796013058538,41,59.99785047027138,2578.861,in_progress,0.0,0
381,86.0,-7.140640559622456,0.8516592217215635,168.33730837933106,-30.0,0.5,[-30.0 0.5],0.80939951386918,False,True,10.496217297043987,41,59.99785047027138,2578.957,in_progress,0.0,0
381,87.0,-7.25521388156066,0.8373092529859487,-177.9106145606435,-26.850425319321662,2.787175084070031,[-26.850425319321662 2.787175084070031],1.402234865371795,False,True,10.662923606437678,42,59.99785047027138,2579.011,in_progress,0.0,0
381,88.0,-7.320668488640374,0.8394755718826427,-175.58454080801388,-30.0,0.5,[-30.0 0.5],0.9029715081616516,False,True,10.764866416471474,42,59.99785047027138,2579.084,in_progress,0.0,0
381,89.0,-7.391319235803206,0.8581547095914629,-178.07542035258055,-30.0,1.5910492577161468,[-30.0 1.5910492577161468],1.1506019696852268,False,True,10.916879086195557,42,59.99785047027138,2579.141,in_progress,0.0,0
381,90.0,-7.4553654290182925,0.8907623366662865,174.75717748822865,-10.598440975802152,1.1442554187250786,[-10.598440975802152 1.1442554187250786],1.3218963107851998,False,True,11.036432562053953,42,59.99785047027138,2579.221,in_progress,0.0,0
381,91.0,-7.525649761434904,0.9282191776114145,167.7492757024028,-30.0,0.5,[-30.0 0.5],0.9219412497687394,False,True,11.169048292273327,43,59.99785047027138,2579.29,in_progress,0.0,0
381,92.0,-7.585706545295498,0.9615224111494487,163.07708522916263,-30.0,1.4894827672794673,[-30.0 1.4894827672794673],1.1444634903818105,False,True,11.283465119870833,43,59.99785047027138,2579.345,in_progress,0.0,0
381,93.0,-7.640379213691594,1.0080787417333426,156.33041718571272,-30.0,0.5,[-30.0 0.5],0.935060772341409,False,True,11.445648258573264,43,59.99785047027138,2579.42,in_progress,0.0,0
381,94.0,-7.68425764010585,1.0641599892944869,147.60045526872545,12.042853543911278,1.4028097550923515,[12.042853543911278 1.4028097550923515],1.4233408132180674,False,True,11.562342803979906,43,59.99785047027138,2579.486,in_progress,0.0,0
381,95.0,-7.731998406447136,1.1196634657078128,142.18299281640137,1.8634834176098707,1.1814883096333295,[1.8634834176098707 1.1814883096333295],1.3690974502490862,False,True,11.683224224894216,44,59.99785047027138,2579.558,in_progress,0.0,0
381,96.0,-7.793987343795324,1.1687190385156103,141.89376526828397,-30.0,2.9424965112764347,[-30.0 2.9424965112764347],1.4887570025268761,False,True,11.814787738052674,44,59.99785047027138,2579.617,in_progress,0.0,0
381,97.0,-7.857938780415425,1.2199873513589279,141.43168645596438,-23.929295288443868,0.5,[-23.929295288443868 0.5],0.9613592074380723,False,True,12.001323695185713,44,59.99785047027138,2579.688,in_progress,0.0,0
381,98.0,-7.913077346975533,1.2825467440821392,138.45930200188155,-30.0,0.5,[-30.0 0.5],0.967885518782548,False,True,12.139889416734169,44,59.99785047027138,2579.751,in_progress,0.0,0
381,99.0,-7.950655100818513,1.3377001138258628,134.536163248101,-18.934856599581664,0.5,[-18.934856599581664 0.5],0.9724707135782618,False,True,12.251004454236671,45,59.99785047027138,2579.814,in_progress,0.0,0
381,100.0,-7.983646361232607,1.39635242383205,130.4836974239109,21.570777575833475,0.5,[21.570777575833475 0.5],0.9770668516353395,False,True,12.362189725461501,45,59.99785047027138,2579.887,in_progress,0.0,0
381,101.0,-8.00845382254605,1.435004979550083,129.05624780711543,-30.0,0.5,[-30.0 0.5],0.982616058244187,False,True,12.486930126389879,45,59.99785047027138,2579.962,in_progress,0.0,0
381,102.0,-8.039545636169825,1.4814117453233036,127.66963403957324,15.589420031565794,0.5,[15.589420031565794 0.5],0.9858989826806314,False,True,12.579140437270636,45,59.99785047027138,2579.994,in_progress,0.0,0
381,103.0,-8.044857320770214,1.4968998418170272,126.06551096273233,-30.0,0.5,[-30.0 0.5],0.9846784239046207,False,True,12.60623005627502,45,59.99785047027138,2580.087,in_progress,0.0,0
381,104.0,-8.064074467778626,1.5460317109371162,122.95473698576075,-30.0,0.5,[-30.0 0.5],0.9876916168928296,False,True,12.693887021177286,46,59.99785047027138,2580.158,in_progress,0.0,0
381,105.0,-8.075945983674776,1.585023225142296,120.34405509044716,-0.8079496657887404,0.5,[-0.8079496657887404 0.5],1.2366308677304108,False,True,12.760993645062818,46,59.99785047027138,2580.22,in_progress,0.0,0
381,106.0,-8.091040349931381,1.6182205915659928,119.40134815715156,-30.0,1.8049560549933203,[-30.0 1.8049560549933203],1.2775975055225353,False,True,12.821756608106766,46,59.99785047027138,2580.288,in_progress,0.0,0
381,107.0,-8.104501414452674,1.662398658601469,117.07563884803913,-30.0,3.660633183240422,[-30.0 3.660633183240422],1.6881218624486207,False,True,12.897797174060955,46,59.99785047027138,2580.359,in_progress,0.0,0
381,108.0,-8.10573029119993,1.7230584021555735,110.91734016385199,-30.0,3.646378424136379,[-30.0 3.646378424136379],1.6919145670219,False,True,13.041760784641838,46,59.99785047027138,2580.407,in_progress,0.0,0
381,109.0,-8.098881442783632,1.7736435830325963,105.04333812694662,1.5333557826386617,0.6044068024186009,[1.5333557826386617 0.6044068024186009],1.281376282228538,False,True,13.119581312510853,46,59.99785047027138,2580.497,in_progress,0.0,0
381,110.0,-8.094317495984003,1.8609715214753881,97.64017763248617,-30.0,0.8317323123450945,[-30.0 0.8317323123450945],0.98328210221166,False,True,13.257288890560403,47,59.99785047027138,2580.529,in_progress,0.0,0
381,111.0,-8.096723334708091,1.8951314788458966,96.9797523435273,14.358981584991405,1.2838749749184415,[14.358981584991405 1.2838749749184415],1.3432243766173868,False,True,13.313096614352437,47,59.99785047027138,2580.613,in_progress,0.0,0
381,112.0,-8.112097944823475,1.9847404482915996,98.06762924965561,-13.38247241418485,0.5,[-13.38247241418485 0.5],1.1602564691887396,False,True,13.524159655297986,47,59.99785047027138,2580.694,in_progress,0.0,0
381,113.0,-8.127338133752023,2.0530744664819403,99.28461842623689,-6.404810078299434,0.7154067944690625,[-6.404810078299434 0.7154067944690625],1.2198317842372224,False,True,13.64042870812357,47,59.99785047027138,2580.766,in_progress,0.0,0
381,114.0,-8.130935982463866,2.1197554673019456,97.6712377236997,-3.346606766925106,1.8361500130029489,[-3.346606766925106 1.8361500130029489],1.5053374249772014,False,True,13.75137039983353,48,59.99785047027138,2580.798,in_progress,0.0,0
381,115.0,-8.13061699194731,2.1483654258054483,96.66974533883672,-30.0,2.313478085994614,[-30.0 2.313478085994614],1.3001251755336263,False,True,13.798555222560454,48,59.99785047027138,2580.895,in_progress,0.0,0
381,116.0,-8.1104133946879,2.2541297737745976,89.73069840159508,-30.0,1.533817158233681,[-30.0 1.533817158233681],1.1520514580881513,False,True,13.968742809836943,48,59.99785047027138,2580.951,in_progress,0.0,0
381,117.0,-8.077908818074981,2.329611552643276,82.60923791803465,-12.58112390182744,4.0,[-12.58112390182744 4.0],2.067624000000551,False,True,14.155014831467982,48,59.99785047027138,2581.025,in_progress,0.0,0
381,118.0,-8.034089700168824,2.418630927064787,75.35568246105348,6.352282187294783,1.0539305337259393,[6.352282187294783 1.0539305337259393],1.339210541853216,False,True,14.302974424825255,49,59.99785047027138,2581.099,in_progress,0.0,0
381,119.0,-7.997880589282736,2.518241057982995,72.24693156049754,21.226966114163623,4.0,[21.226966114163623 4.0],0.4340597000525945,False,False,14.468656668419817,49,59.99785047027138,2581.139,in_progress,0.0,0
381,120.0,-7.982612484865623,2.5718620156484455,72.71351690071951,30.0,2.859745091636827,[30.0 2.859745091636827],0.43812980529913664,False,False,14.644670287623073,49,59.99785047027138,2581.224,in_progress,0.0,0
381,121.0,-7.96289235835362,2.708207307587677,77.07592600483135,1.7340055054923909,3.356875212948942,[1.7340055054923909 3.356875212948942],0.5547355244192682,False,False,14.874227248164996,50,59.99785047027138,2581.288,in_progress,0.0,0
381,122.0,-7.951263090526287,2.8315774983086386,80.4727246083814,-9.662833002048067,2.773637250530179,[-9.662833002048067 2.773637250530179],0.5644093489444151,False,False,15.174284135554766,50,59.99785047027138,2581.351,in_progress,0.0,0
381,123.0,-7.923570978470331,2.964497275451816,79.40431954967893,30.0,1.998590542369904,[30.0 1.998590542369904],0.4570395925345615,False,False,15.400247139751528,51,59.99785047027138,2581.413,in_progress,0.0,0
381,124.0,-7.893804553926351,3.106744447711927,78.68976299629682,26.312590851674045,4.0,[26.312590851674045 4.0],0.465947541305083,False,False,15.741470990036587,51,59.99785047027138,2581.486,in_progress,0.0,0
381,125.0,-7.876276298868227,3.2504063128340084,80.94162562897824,-30.0,2.429710590563467,[-30.0 2.429710590563467],0.4715637710859191,False,False,15.972321278716617,52,59.99785047027138,2581.555,in_progress,0.0,0
381,126.0,-7.859827697715995,3.4001115602138885,83.15697161025844,-0.35493936680132876,0.5,[-0.35493936680132876 0.5],1.3245486926770416,False,True,16.29333518395554,52,59.99785047027138,2581.618,in_progress,0.0,0
381,127.0,-7.831596961312403,3.536887787610987,80.90369492056047,-30.0,3.501657940585737,[-30.0 3.501657940585737],1.8372607853090426,False,True,16.509029607430257,53,59.99785047027138,2581.694,in_progress,0.0,0
381,128.0,-7.798961654398289,3.6932993102762883,79.21873916318533,-30.0,0.5,[-30.0 0.5],1.1929850602093355,False,True,16.799551799784062,53,59.99785047027138,2581.765,in_progress,0.0,0
381,129.0,-7.75141522896244,3.8383300840013796,74.8160206420738,-21.9404244930326,0.7075287183438186,[-21.9404244930326 0.7075287183438186],1.3645088446626195,False,True,17.029742740549715,54,59.99785047027138,2581.807,in_progress,0.0,0
381,130.0,-7.715761115782354,3.9195840710255814,71.71750741676045,-30.0,1.9416642616082944,[-30.0 1.9416642616082944],1.6685026084728758,False,True,17.182364455168187,54,59.99785047027138,2581.897,in_progress,0.0,0
381,131.0,-7.638887540667519,4.053469888837353,65.4291148585738,-30.0,4.0,[-30.0 4.0],2.176292669126733,False,True,17.42085854217977,54,59.99785047027138,2581.935,in_progress,0.0,0
381,132.0,-7.59441188225478,4.1166461743670295,62.17723438309517,-30.0,0.5,[-30.0 0.5],1.3420229803548769,False,True,17.54415548221056,55,59.99785047027138,2582.041,in_progress,0.0,0
381,133.0,-7.4676693688078055,4.2482935828047195,49.102652750494016,-30.0,1.0700796644055466,[-30.0 1.0700796644055466],1.4959080417789434,False,True,17.83053217258334,55,59.99785047027138,2582.086,in_progress,0.0,0
381,134.0,-7.411196719649579,4.304567209208993,45.3771021480902,-30.0,3.230339452214894,[-30.0 3.230339452214894],2.020404739206146,False,True,17.958508711652478,56,59.99785047027138,2582.169,in_progress,0.0,0
381,135.0,-7.3081459181071295,4.384797730188912,41.058884691963875,-30.0,3.671489977777858,[-30.0 3.671489977777858],1.960155964994959,False,True,18.173728096498248,56,59.99785047027138,2582.209,in_progress,0.0,0
381,136.0,-7.250021609734904,4.417234037290455,37.855989795030254,-30.0,0.5,[-30.0 0.5],1.2652589775341252,False,True,18.25916934958181,56,59.99785047027138,2582.292,in_progress,0.0,0
381,137.0,-7.123571339351438,4.4647932414133775,27.386097907566835,-30.0,1.9302395991928623,[-30.0 1.9302395991928623],1.5915762696013758,False,True,18.48432632845438,57,59.99785047027138,2582.341,in_progress,0.0,0
381,138.0,-7.0597510786168485,4.4787012136680895,21.55901227336124,-30.0,3.8002580139416438,[-30.0 3.8002580139416438],2.00721020097865,False,True,18.59186019526003,57,59.99785047027138,2582.425,in_progress,0.0,0
381,139.0,-6.930850209127598,4.484388246362971,10.490358123750191,-28.160451056730775,4.0,[-28.160451056730775 4.0],2.2478133074378635,False,True,18.780610733468844,57,59.99785047027138,2582.488,in_progress,0.0,0
381,140.0,-6.81988175562221,4.4685993917168645,0.30254280200155137,-30.0,3.794854251454972,[-30.0 3.794854251454972],2.207784640795814,False,True,18.955199676925115,57,59.99785047027138,2582.554,in_progress,0.0,0
381,141.0,-6.6960755770180524,4.4314028415243465,-12.2479516601734,30.0,4.0,[30.0 4.0],2.2671017320557962,False,True,19.142785267318796,58,59.99785047027138,2582.622,in_progress,0.0,0
381,142.0,-6.5607733000429995,4.388579978966976,-22.820976073148785,30.0,1.9176491047263764,[30.0 1.9176491047263764],1.6317954442924076,False,True,19.37052258163037,58,59.99785047027138,2582.692,in_progress,0.0,0
381,143.0,-6.426106785511985,4.367630632979733,-26.370926709843864,10.628527554352637,0.8119330577057868,[10.628527554352637 0.8119330577057868],1.7497227900055612,False,True,19.59068918677822,59,59.99785047027138,2582.756,in_progress,0.0,0
381,144.0,-6.3011314145501585,4.351693957757696,-27.38155696659522,30.0,2.8987151461437093,[30.0 2.8987151461437093],1.8705980557790995,False,True,19.819036022836478,59,59.99785047027138,2582.823,in_progress,0.0,0
381,145.0,-6.1753469028155825,4.331396771373446,-26.582721113397128,19.34200712215865,2.6108359085440975,[19.34200712215865 2.6108359085440975],1.8177860117396776,False,True,20.028321748847805,59,59.99785047027138,2582.895,in_progress,0.0,0
381,146.0,-6.021458049043961,4.319756390637332,-18.96440806074828,3.0371248589010094,4.0,[3.0371248589010094 4.0],2.6710213422470837,False,True,20.284597040871432,60,59.99785047027138,2582.971,in_progress,0.0,0
381,147.0,-5.852967094763334,4.3061886932365425,-10.323003516036104,30.0,3.383328364548257,[30.0 3.383328364548257],2.0164134861635765,False,True,20.5712439251003,60,59.99785047027138,2583.014,in_progress,0.0,0
381,148.0,-5.741561949075009,4.300046143926829,-6.38008402020544,-11.443598628893074,0.5,[-11.443598628893074 0.5],1.7388528542795028,False,True,20.756987845815217,61,59.99785047027138,2583.095,in_progress,0.0,0
381,149.0,-5.562417638835085,4.290911875086336,-0.3592360784064843,25.822803631797747,2.7546018427898713,[25.822803631797747 2.7546018427898713],1.7298610109665704,False,True,21.052511471582076,61,59.99785047027138,2583.158,in_progress,0.0,0
381,150.0,-5.414781725065189,4.275192942591758,-1.422115422357642,1.7478854862096895,3.431281531961934,[1.7478854862096895 3.431281531961934],2.345896628180331,False,True,21.29853204015801,62,59.99785047027138,2583.223,in_progress,0.0,0
381,151.0,-5.253721319958936,4.261946101563444,-3.5166912337942082,-9.082323005643406,1.5682056954411034,[-9.082323005643406 1.5682056954411034],1.896042799049557,False,True,21.566668776299124,62,59.99785047027138,2583.29,in_progress,0.0,0
381,152.0,-5.085773723230792,4.23802568648331,-6.192060483991545,10.232620015110719,0.5156523032853562,[10.232620015110719 0.5156523032853562],1.6496003673709079,False,True,21.846493484233243,63,59.99785047027138,2583.338,in_progress,0.0,0
381,153.0,-4.992325379173279,4.2217046007629735,-7.824984169706061,30.0,0.5,[30.0 0.5],1.3230845132450924,False,True,22.004090542026194,63,59.99785047027138,2583.422,in_progress,0.0,0
381,154.0,-4.831767851297229,4.195623173529252,-8.758860057409633,30.0,0.5,[30.0 0.5],1.335723233490116,False,True,22.271755952438138,64,59.99785047027138,2583.493,in_progress,0.0,0
381,155.0,-4.71433026601062,4.187599569384729,-6.230005022844488,30.0,1.602944130241362,[30.0 1.602944130241362],1.5648950685131515,False,True,22.466640488949203,64,59.99785047027138,2583.538,in_progress,0.0,0
381,156.0,-4.650529634295863,4.190270257210557,-4.054251114234423,30.0,0.5,[30.0 0.5],1.3479838338709036,False,True,22.57297948360966,64,59.99785047027138,2583.626,in_progress,0.0,0
381,157.0,-4.530174361206662,4.218116144004918,4.976026260772209,30.0,1.985789907776645,[30.0 1.985789907776645],1.6540293728523459,False,True,22.773587135886313,65,59.99785047027138,2583.693,in_progress,0.0,0
381,158.0,-4.448010091224134,4.2522935902950625,10.996368871304322,-3.3291704717442734,2.9226489697321822,[-3.3291704717442734 2.9226489697321822],2.3084637704007793,False,True,22.91054273487394,65,59.99785047027138,2583.735,in_progress,0.0,0
381,159.0,-4.3919228696953905,4.280138539578687,14.738811132810605,19.952164504744758,0.5,[19.952164504744758 0.5],1.3650594781333316,False,True,23.001081420606027,65,59.99785047027138,2583.816,in_progress,0.0,0
381,160.0,-4.288076536604279,4.332821067668691,20.146141760467675,-30.0,2.6762231307241136,[-30.0 2.6762231307241136],1.9884706553258973,False,True,23.174820260923624,65,59.99785047027138,2583.887,in_progress,0.0,0
381,161.0,-4.205533285698097,4.382058780048806,24.078621480173325,-30.0,0.5,[-30.0 0.5],1.5156881898485475,False,True,23.313010519601217,66,59.99785047027138,2583.954,in_progress,0.0,0
381,162.0,-4.124619400745094,4.415381368830347,23.70819242071764,-30.0,0.5,[-30.0 0.5],1.5215004846884221,False,True,23.448285671036768,66,59.99785047027138,2584.006,in_progress,0.0,0
381,163.0,-4.062697016749432,4.4407181476228095,23.34682742161995,-30.0,3.2623100720342646,[-30.0 3.2623100720342646],2.3269240991395685,False,True,23.550132796095664,66,59.99785047027138,2584.08,in_progress,0.0,0
381,164.0,-3.9850597630865914,4.463055210470178,21.139537798704033,-19.603048900114302,2.7881355558922545,[-19.603048900114302 2.7881355558922545],2.2191316350319084,False,True,23.68023627471588,66,59.99785047027138,2584.16,in_progress,0.0,0
381,165.0,-3.8834588961722227,4.475618317437471,15.75455929116352,-30.0,0.7817455979570227,[-30.0 0.7817455979570227],1.74619908792283,False,True,23.849954274758666,67,59.99785047027138,2584.226,in_progress,0.0,0
381,166.0,-3.7867936922876257,4.471737290439952,8.677549634267459,-8.202219218784236,2.798693055052031,[-8.202219218784236 2.798693055052031],2.7978630842220915,False,True,24.01091138083572,67,59.99785047027138,2584.264,in_progress,0.0,0
381,167.0,-3.7357488728753685,4.4667331572232625,5.412340391181163,-30.0,3.932481946077832,[-30.0 3.932481946077832],2.5136045842921035,False,True,24.097943904899044,67,59.99785047027138,2584.357,in_progress,0.0,0
381,168.0,-3.5940698095207844,4.437977701264323,-3.3798498842945612,23.37789763836453,0.5,[23.37789763836453 0.5],1.5608314003745916,False,True,24.334111419542076,68,59.99785047027138,2584.425,in_progress,0.0,0
381,169.0,-3.495829458922129,4.414161775436307,-8.098502906543894,-30.0,3.190779303402824,[-30.0 3.190779303402824],2.1603343950307394,False,True,24.498191818968383,68,59.99785047027138,2584.487,in_progress,0.0,0
381,170.0,-3.3955144621805395,4.390382380779316,-10.680815635699004,25.44764784395165,3.005593478424077,[25.44764784395165 3.005593478424077],2.12731190643003,False,True,24.665477109525906,69,59.99785047027138,2584.568,in_progress,0.0,0
381,171.0,-3.2713699587340654,4.356007537907094,-12.705045612135837,12.508575227655143,0.5,[12.508575227655143 0.5],1.9851519549277465,False,True,24.905653310938273,70,59.99785047027138,2584.602,in_progress,0.0,0
381,172.0,-3.211017337598642,4.350691925351023,-10.44847802780049,-21.288889353087708,0.5,[-21.288889353087708 0.5],1.5918928560596013,False,True,25.006580579234388,70,59.99785047027138,2584.697,in_progress,0.0,0
381,173.0,-3.0726151456781676,4.332552357638232,-9.030440407161388,-27.67733885857323,0.5,[-27.67733885857323 0.5],1.604010726219513,False,True,25.248433018861228,71,59.99785047027138,2584.731,in_progress,0.0,0
381,174.0,-3.024991176924067,4.316175813077811,-11.17714271318813,-13.12858863903687,0.5,[-13.12858863903687 0.5],2.01279390504072,False,True,25.390826567282478,71,59.99785047027138,2584.827,in_progress,0.0,0
381,175.0,-2.944339938306836,4.279036239425169,-15.647891794920408,-30.0,0.5,[-30.0 0.5],1.616775017515445,False,True,25.538559618905843,72,59.99785047027138,2584.883,in_progress,0.0,0
381,176.0,-2.892939911955017,4.250036447579676,-18.908029950111438,-30.0,0.5,[-30.0 0.5],1.6217464504863355,False,True,25.65967795704654,72,59.99785047027138,2584.946,in_progress,0.0,0
381,177.0,-2.8481826331360574,4.220098077458056,-22.124350969348615,-30.0,1.1302916083207748,[-30.0 1.1302916083207748],1.7634925186930044,False,True,25.748610479900037,73,59.99785047027138,2585.026,in_progress,0.0,0
381,178.0,-2.809745322314876,4.185176876397029,-26.28273617930644,-5.598791993049417,0.5,[-5.598791993049417 0.5],2.040807712551121,False,True,25.91799775934961,73,59.99785047027138,2585.087,in_progress,0.0,0
381,179.0,-2.77323619634398,4.145677003297304,-30.82976391122273,-30.0,0.5,[-30.0 0.5],1.6357554670884213,False,True,26.00719546173445,74,59.99785047027138,2585.16,in_progress,0.0,0
381,180.0,-2.7341357184084383,4.110076262608574,-33.189362314141164,10.852816640566814,0.5,[10.852816640566814 0.5],2.0511210038133774,False,True,26.130924307070636,74,59.99785047027138,2585.229,in_progress,0.0,0
381,181.0,-2.699802608921061,4.083240898872847,-34.04709217552685,-26.482345589648826,2.5590236360445022,[-26.482345589648826 2.5590236360445022],2.09597528368165,False,True,26.202497674947256,74,59.99785047027138,2585.271,in_progress,0.0,0
381,182.0,-2.674181424932807,4.066340005695713,-34.18820910051942,-7.32552310550496,0.5,[-7.32552310550496 0.5],2.054760456327727,False,True,26.252051141636667,75,59.99785047027138,2585.347,in_progress,0.0,0
381,183.0,-2.631701383472331,4.029500660470112,-35.67939117128947,-30.0,1.816648455261928,[-30.0 1.816648455261928],1.941105192926449,False,True,26.418165613772697,75,59.99785047027138,2585.429,in_progress,0.0,0
381,184.0,-2.5905444946588827,3.9888278051154815,-37.77315520043425,-30.0,0.5,[-30.0 0.5],1.6547448169625412,False,True,26.509999177928584,76,59.99785047027138,2585.495,in_progress,0.0,0
381,185.0,-2.5634917993581747,3.943121074365372,-42.33990797470887,-30.0,0.5,[-30.0 0.5],1.6578550864721273,False,True,26.598396718756064,76,59.99785047027138,2585.566,in_progress,0.0,0
381,186.0,-2.549079609115858,3.8902429600455917,-49.249541330646345,-30.0,0.5,[-30.0 0.5],1.662620590439591,False,True,26.71513161687555,76,59.99785047027138,2585.607,in_progress,0.0,0
381,187.0,-2.5449260278421697,3.8638180252296945,-52.70831285222418,-30.0,0.5,[-30.0 0.5],1.6631394654167235,False,True,26.75863448481891,77,59.99785047027138,2585.695,in_progress,0.0,0
381,188.0,-2.539933156307433,3.8107209363305063,-59.2664119249286,-30.0,0.5,[-30.0 0.5],1.6660993476718755,False,True,26.84399203267474,77,59.99785047027138,2585.763,in_progress,0.0,0
381,189.0,-2.5392901061352413,3.772049974958843,-63.84282469965111,-9.134921384648912,2.362939370416447,[-9.134921384648912 2.362939370416447],2.601789844082583,False,True,26.972835510649556,77,59.99785047027138,2585.815,in_progress,0.0,0
381,190.0,-2.538325025900198,3.740855641420036,-66.8971055874135,-30.0,1.677508957879579,[-30.0 1.677508957879579],1.9316588395040808,False,True,27.02443968989311,78,59.99785047027138,2585.902,in_progress,0.0,0
381,191.0,-2.539147938186084,3.6613975484326917,-74.04029314508533,-15.413463071504037,0.6316269543584357,[-15.413463071504037 0.6316269543584357],1.7089275163399584,False,True,27.185620543395718,78,59.99785047027138,2585.947,in_progress,0.0,0
381,192.0,-2.5433981754031882,3.6268694307762592,-77.3557361748247,-12.430813852550795,0.5,[-12.430813852550795 0.5],2.101648043864515,False,True,27.242585157445305,78,59.99785047027138,2586.019,in_progress,0.0,0
381,193.0,-2.5529760203391367,3.5632507598206,-82.78321871092128,-30.0,0.5,[-30.0 0.5],1.685433116057103,False,True,27.347353660976903,79,59.99785047027138,2586.075,in_progress,0.0,0
381,194.0,-2.5619431743345937,3.52684418797542,-86.05765882578322,-30.0,0.5,[-30.0 0.5],1.537001307688431,False,True,27.472083823455296,79,59.99785047027138,2586.166,in_progress,0.0,0
381,195.0,-2.5763244434015595,3.4727700761853018,-90.1427625570261,-1.2834025536252724,0.5,[-1.2834025536252724 0.5],1.9251123704135749,False,True,27.564220671957862,80,59.99785047027138,2586.2,in_progress,0.0,0
381,196.0,-2.5804821717506,3.4514525294831344,-91.17355807155245,11.334355702103146,0.7886610332466755,[11.334355702103146 0.7886610332466755],1.9974881259329962,False,True,27.600280538630468,80,59.99785047027138,2586.29,in_progress,0.0,0
381,197.0,-2.5818725700423664,3.389156694884469,-91.1660621501746,27.079857905023054,0.5,[27.079857905023054 0.5],1.5452151543197852,False,True,27.727965170088897,80,59.99785047027138,2586.362,in_progress,0.0,0
381,198.0,-2.571207093379935,3.340234117764859,-88.44733947360085,-17.82062772774269,0.5,[-17.82062772774269 0.5],1.7023145810988103,False,True,27.805423099215798,80,59.99785047027138,2586.403,in_progress,0.0,0
381,199.0,-2.5631972593810066,3.3118878725888545,-86.64083639810475,-30.0,3.472593675321332,[-30.0 3.472593675321332],2.356978975344393,False,True,27.84979662191783,81,59.99785047027138,2586.496,in_progress,0.0,0
381,200.0,-2.5651244050335094,3.235759669624419,-88.01914522130029,-30.0,0.5,[-30.0 0.5],1.7111041225339532,False,True,28.023504756994477,81,59.99785047027138,2586.536,in_progress,0.0,0
381,201.0,-2.5766275111612753,3.2023967111274203,-91.23366788145866,-26.11871919330046,0.5,[-26.11871919330046 0.5],1.7126385168835132,False,True,28.082319605349547,82,59.99785047027138,2586.635,in_progress,0.0,0
381,202.0,-2.6085948076393004,3.134966171846083,-98.16647138295717,6.831272278512053,1.3142327014477424,[6.831272278512053 1.3142327014477424],2.372606959974414,False,True,28.224830440130365,82,59.99785047027138,2586.672,in_progress,0.0,0
381,203.0,-2.619529950580177,3.1124812324134514,-100.00532928769448,-28.603181525877503,1.3419776300095574,[-28.603181525877503 1.3419776300095574],1.9047564752897306,False,True,28.26638816496867,82,59.99785047027138,2586.763,in_progress,0.0,0
381,204.0,-2.6627017644613615,3.0429401154388893,-106.7449689798333,-30.0,2.5829625079380834,[-30.0 2.5829625079380834],2.183626606671404,False,True,28.40067283530276,83,59.99785047027138,2586.808,in_progress,0.0,0
381,205.0,-2.692883937370321,3.007779579201934,-111.19502506532034,-30.0,0.5,[-30.0 0.5],1.7302895759700847,False,True,28.51842555107975,83,59.99785047027138,2586.897,in_progress,0.0,0
381,206.0,-2.7563738920542136,2.949575539007457,-119.54530794578118,-30.0,3.3156608710473012,[-30.0 3.3156608710473012],2.141519893258468,False,True,28.654143992803792,84,59.99785047027138,2586.936,in_progress,0.0,0
381,207.0,-2.787261233801153,2.9233908894659755,-122.99278898984733,1.7067331488291906,2.003471799828019,[1.7067331488291906 2.003471799828019],2.3554836350690005,False,True,28.78806436591755,84,59.99785047027138,2587.016,in_progress,0.0,0
381,208.0,-2.8416786685115536,2.85944601744865,-125.68222523723692,-30.0,2.1104790007710807,[-30.0 2.1104790007710807],1.9113952533087017,False,True,28.92784253803787,85,59.99785047027138,2587.08,in_progress,0.0,0
381,209.0,-2.9000679608368753,2.7980502108213767,-128.2972290762979,-23.979689166254346,1.120851897517584,[-23.979689166254346 1.120851897517584],1.7225225076579265,False,True,29.13462471411352,86,59.99785047027138,2587.155,in_progress,0.0,0
381,210.0,-2.9727882218302453,2.7457795753003604,-133.6317648871422,-30.0,1.062085093445433,[-30.0 1.062085093445433],1.719520194069962,False,True,29.33567988979379,86,59.99785047027138,2587.21,in_progress,0.0,0
381,211.0,-3.035404412603782,2.7073761143024098,-137.84532815589628,-30.0,2.658966401447145,[-30.0 2.658966401447145],2.0435698820225556,False,True,29.457411724946958,87,59.99785047027138,2587.293,in_progress,0.0,0
381,212.0,-3.126414637660077,2.6639710998227772,-144.0761028054526,-20.696609854700032,0.5477848898980373,[-20.696609854700032 0.5477848898980373],1.6341134825364656,False,True,29.7372285229497,88,59.99785047027138,2587.354,in_progress,0.0,0
381,213.0,-3.2186251787482565,2.6441879610289454,-153.85962365898953,-11.368349439748258,0.5,[-11.368349439748258 0.5],2.040372998857582,False,True,29.918965091643983,89,59.99785047027138,2587.424,in_progress,0.0,0
381,214.0,-3.293090364058931,2.6352538411250204,-159.76733922403028,-17.672962057732967,1.674608254676134,[-17.672962057732967 1.674608254676134],1.8768018542507996,False,True,30.13674942844074,89,59.99785047027138,2587.47,in_progress,0.0,0
381,215.0,-3.344314593204898,2.630417451671784,-162.84072500749795,-13.606692371676765,2.5937425259365527,[-13.606692371676765 2.5937425259365527],2.5792942270316432,False,True,30.22213453900443,90,59.99785047027138,2587.568,in_progress,0.0,0
381,216.0,-3.4659870835147606,2.627824064899752,-169.76510954382815,14.482331331953866,1.078672527691505,[14.482331331953866 1.078672527691505],2.2130189778388716,False,True,30.448168488358913,91,59.99785047027138,2587.596,in_progress,0.0,0
381,217.0,-3.505899397828073,2.6284888626783878,-171.9146206755929,-7.987336613310422,4.0,[-7.987336613310422 4.0],2.9502590464603973,False,True,30.586796555997598,91,59.99785047027138,2587.693,in_progress,0.0,0
381,218.0,-3.655268168058875,2.629115937035203,-176.60051130707438,3.3070591786597134,4.0,[3.3070591786597134 4.0],2.964437074687412,False,True,30.839549774662594,92,59.99785047027138,2587.76,in_progress,0.0,0
381,219.0,-3.7739673177855813,2.631683220942064,-178.73984296594915,30.0,3.094038701494414,[30.0 3.094038701494414],2.198891513283544,False,True,31.037359826484405,93,59.99785047027138,2587.829,in_progress,0.0,0
381,220.0,-3.9246957332386643,2.616452711579596,-176.30369258954056,30.0,4.0,[30.0 4.0],2.3917280402269223,False,True,31.29643210766458,93,59.99785047027138,2587.871,in_progress,0.0,0
381,221.0,-4.007640948390615,2.5986288340594217,-173.44810938467322,-5.071899773021915,3.761586905998513,[-5.071899773021915 3.761586905998513],2.936908238665072,False,True,31.434436574519754,94,59.99785047027138,2587.951,in_progress,0.0,0
381,222.0,-4.180887270542662,2.5622847951407874,-170.44294448093694,30.0,1.5843041415405748,[30.0 1.5843041415405748],1.9243760813068342,False,True,31.667482457483604,94,59.99785047027138,2588.019,in_progress,0.0,0
381,223.0,-4.349778119166973,2.5318682149078775,-170.3429047740062,30.0,3.3831781366894447,[30.0 3.3831781366894447],2.297101681160025,False,True,31.9528517655069,95,59.99785047027138,2588.081,in_progress,0.0,0
381,224.0,-4.496574635921078,2.4937770204367897,-167.83120263555847,30.0,3.9877516105866393,[30.0 3.9877516105866393],2.424237222490614,False,True,32.10566250736749,96,59.99785047027138,2588.161,in_progress,0.0,0
381,225.0,-4.664191056748902,2.4292160526589477,-162.22574543242436,30.0,0.9678618366077877,[30.0 0.9678618366077877],1.8297332236799804,False,True,32.322758176311496,96,59.99785047027138,2588.208,in_progress,0.0,0
381,226.0,-4.769904253604118,2.3785759425981556,-157.83234975972292,30.0,1.0785186879584878,[30.0 1.0785186879584878],1.8583174978939743,False,True,32.48025466799798,97,59.99785047027138,2588.301,in_progress,0.0,0
381,227.0,-4.960397117666461,2.27330463189025,-149.05271671306986,30.0,0.5,[30.0 0.5],1.7517149075490313,False,True,32.690190878574576,98,59.99785047027138,2588.341,in_progress,0.0,0
381,228.0,-5.019250711747771,2.2356923866320493,-146.153002860437,-30.0,0.5,[-30.0 0.5],1.7558311684923191,False,True,32.80149979106757,99,59.99785047027138,2588.42,in_progress,0.0,0
381,229.0,-5.1371181672465065,2.1634352751090233,-141.7270078711158,-2.749136141273265,0.5,[-2.749136141273265 0.5],1.0376689783761008,False,False,32.91915379675906,99,59.99785047027138,2588.492,in_progress,0.0,0
381,230.0,-5.230744240004521,2.1184207890963007,-144.89455874246525,-3.5163933497209996,4.0,[-3.5163933497209996 4.0],1.0413295635491342,False,False,33.06489748176632,100,59.99785047027138,2588.56,in_progress,0.0,0
381,231.0,-5.323404929415109,2.0716820949305537,-148.1595070336981,13.485540996638157,2.9015872238016587,[13.485540996638157 2.9015872238016587],1.0411818579074255,False,False,33.08961521020859,100,59.99785047027138,2588.624,in_progress,0.0,0
381,232.0,-5.415491197177619,2.019900799372076,-149.15251690706955,-30.0,1.1299297526136973,[-30.0 1.1299297526136973],0.8357394849312811,False,False,33.22991467388883,101,59.99785047027138,2588.689,in_progress,0.0,0
381,233.0,-5.5095616808990675,1.9564579877135775,-147.51768992618807,15.558161292141605,0.7802033278875813,[15.558161292141605 0.7802033278875813],0.8362207673608509,True,False,33.27817339497264,101,59.99785047027138,2588.753,off_track,0.0,0
382,1.0,-5.733713194203174,-1.8657313679755279,152.87790340843878,-10.650922828489403,0.5,[-10.650922828489403 0.5],0.0,False,True,0.23205385020130115,24,59.99785047027138,2588.89,prepare,0.0,0
382,2.0,-5.7337283711935445,-1.8657606782605984,152.89194696261114,-30.0,3.2259166803927464,[-30.0 3.2259166803927464],1.0081246959889731,False,True,0.23204830624475592,24,59.99785047027138,2588.951,in_progress,0.0,0
382,3.0,-5.740243194948552,-1.8581914932342993,152.08069622485127,-3.3459738461494517,4.0,[-3.3459738461494517 4.0],1.4381173308751227,False,True,0.24803888632825288,24,59.99785047027138,2588.999,in_progress,0.0,0
382,4.0,-5.7486956068604185,-1.8477696220840305,150.8276771844867,7.653419950697021,0.5,[7.653419950697021 0.5],0.35865976350880197,False,True,0.26751251731897685,24,59.99785047027138,2589.093,in_progress,0.0,0
382,5.0,-5.79010991401319,-1.8297144451797758,151.71677011628066,-30.0,0.6329663552209968,[-30.0 0.6329663552209968],0.3311071250777815,False,True,0.339384848152921,24,59.99785047027138,2589.155,in_progress,0.0,0
382,6.0,-5.819903927595523,-1.8097078807127154,150.87221981881203,-30.0,2.439047718710706,[-30.0 2.439047718710706],0.7685688328789454,False,True,0.39875051701449976,24,59.99785047027138,2589.22,in_progress,0.0,0
382,7.0,-5.851215597500173,-1.7733462532694895,146.9627824932798,-30.0,4.0,[-30.0 4.0],1.1549749815835573,False,True,0.47787985682244405,25,59.99785047027138,2589.285,in_progress,0.0,0
382,8.0,-5.881683302391515,-1.7258081823886022,141.48994633207408,-30.0,4.0,[-30.0 4.0],1.1686263164570674,False,True,0.5669193381985529,25,59.99785047027138,2589.352,in_progress,0.0,0
382,9.0,-5.911626079740782,-1.6574994874608735,133.51207789912797,-27.38666288586095,0.7766296678717175,[-27.38666288586095 0.7766296678717175],0.41719684200049634,False,True,0.6869217908073932,25,59.99785047027138,2589.414,in_progress,0.0,0
382,10.0,-5.933901288245362,-1.5888537989009581,126.06154847834883,-30.0,2.3823695963261136,[-30.0 2.3823695963261136],0.8194233274951069,False,True,0.799354714831349,26,59.99785047027138,2589.485,in_progress,0.0,0
382,11.0,-5.950341972204195,-1.510901414438548,118.77435427576143,16.258863460534506,3.476863765211575,[16.258863460534506 3.476863765211575],1.1052260856778349,False,True,0.9402041042606141,26,59.99785047027138,2589.561,in_progress,0.0,0
382,12.0,-5.971543769385816,-1.4223593675551642,113.55461818521302,8.726489999666214,0.8565778519001701,[8.726489999666214 0.8565778519001701],0.623239299883109,False,True,1.0870907022990304,27,59.99785047027138,2589.623,in_progress,0.0,0
382,13.0,-6.006134369597865,-1.3564818260120965,114.13961693642597,30.0,3.5896169139984733,[30.0 3.5896169139984733],1.1751278945422061,False,True,1.2361142152466253,27,59.99785047027138,2589.69,in_progress,0.0,0
382,14.0,-6.058284708999171,-1.278133723024667,117.74869951442635,-18.849061897902175,0.5,[-18.849061897902175 0.5],0.4529328447634117,False,True,1.3872201865142153,28,59.99785047027138,2589.755,in_progress,0.0,0
382,15.0,-6.1176513978253135,-1.2141484453008797,125.38216378447711,-24.094574810101395,3.6841037897565814,[-24.094574810101395 3.6841037897565814],1.2305851094284617,False,True,1.5192991223108867,28,59.99785047027138,2589.834,in_progress,0.0,0
382,16.0,-6.182191809468471,-1.1339445509131079,129.11486166294068,-30.0,2.0719612381158337,[-30.0 2.0719612381158337],0.8611666168052333,False,True,1.6737636997230423,28,59.99785047027138,2589.877,in_progress,0.0,0
382,17.0,-6.210153353002763,-1.0831115745908013,127.9005940947914,-30.0,4.0,[-30.0 4.0],1.327006412883634,False,True,1.7644539080943946,28,59.99785047027138,2589.964,in_progress,0.0,0
382,18.0,-6.265327412909661,-0.944158108741273,119.46707968969288,-30.0,3.132791103639689,[-30.0 3.132791103639689],1.1524473376845594,False,True,2.00711286482322,29,59.99785047027138,2590.003,in_progress,0.0,0
382,19.0,-6.283641929959572,-0.8623052425175778,113.64817159463979,-30.0,0.5,[-30.0 0.5],0.48541000328975026,False,True,2.1330113823281263,29,59.99785047027138,2590.099,in_progress,0.0,0
382,20.0,-6.292252832680434,-0.7035455918662494,98.36584113663027,-20.99621874174406,2.5869376742237398,[-20.99621874174406 2.5869376742237398],0.9761023222867306,False,True,2.398006934093058,30,59.99785047027138,2590.139,in_progress,0.0,0
382,21.0,-6.29116189069627,-0.631446943051849,93.4001962488608,30.0,1.8768379582908417,[30.0 1.8768379582908417],0.9009100971678111,False,True,2.5178652738608225,30,59.99785047027138,2590.225,in_progress,0.0,0
382,22.0,-6.293884191113701,-0.4840278091075822,87.70095638539352,26.480039166894237,2.02890971663824,[26.480039166894237 2.02890971663824],0.9662436768696602,False,True,2.7670740291563996,31,59.99785047027138,2590.254,in_progress,0.0,0
382,23.0,-6.3046137818631856,-0.4210124536068194,88.65064980534865,-18.246439045644408,0.5580630495144722,[-18.246439045644408 0.5580630495144722],0.6166417564481406,False,True,2.8732537176468287,31,59.99785047027138,2590.354,in_progress,0.0,0
382,24.0,-6.325408327670781,-0.282633616244896,92.07577753998287,-13.1535416258705,4.0,[-13.1535416258705 4.0],1.8362306108118176,False,True,3.1187775039794974,32,59.99785047027138,2590.411,in_progress,0.0,0
382,25.0,-6.3252204414199555,-0.18490161104182903,91.29798115487887,30.0,4.0,[30.0 4.0],1.4829677169449245,False,True,3.2938858140910936,32,59.99785047027138,2590.49,in_progress,0.0,0
382,26.0,-6.323165549506396,-0.07225505049019101,90.48485416837173,18.528067815379828,0.5,[18.528067815379828 0.5],0.6568860389951297,False,True,3.4712459417788555,33,59.99785047027138,2590.548,in_progress,0.0,0
382,27.0,-6.344169593480583,0.03601042809448726,95.91611205403073,30.0,0.6069950697034016,[30.0 0.6069950697034016],0.6970456711828941,False,True,3.65489392157059,34,59.99785047027138,2590.607,in_progress,0.0,0
382,28.0,-6.373387800990095,0.12421090209075016,102.93440128440031,30.0,0.5,[30.0 0.5],0.6806627687250772,False,True,3.805997259603755,35,59.99785047027138,2590.679,in_progress,0.0,0
382,29.0,-6.396666020585458,0.19055736956780728,105.96586052037583,30.0,0.5,[30.0 0.5],0.6835172630664021,False,True,3.913314326850015,35,59.99785047027138,2590.751,in_progress,0.0,0
382,30.0,-6.420981877013955,0.2515717886618422,107.51474140092712,20.234998610142014,0.5,[20.234998610142014 0.5],0.6860694884216655,False,True,4.017434556106142,36,59.99785047027138,2590.808,in_progress,0.0,0
382,31.0,-6.448558463820166,0.2940861578900835,110.74115740307067,30.0,1.959885097658456,[30.0 1.959885097658456],1.0355920535844223,False,True,4.095794421350673,36,59.99785047027138,2590.879,in_progress,0.0,0
382,32.0,-6.495957780952894,0.3364363452192985,117.55132530025686,30.0,2.1162291085904896,[30.0 2.1162291085904896],1.075254233590105,False,True,4.194187985760927,36,59.99785047027138,2590.93,in_progress,0.0,0
382,33.0,-6.556858905901569,0.3711519172515398,126.21157319616565,30.0,0.5,[30.0 0.5],0.6904734704300153,False,True,4.298780583914122,37,59.99785047027138,2591.014,in_progress,0.0,0
382,34.0,-6.6263868159874155,0.39289708668339707,137.86605021585956,30.0,0.5,[30.0 0.5],0.6950940967652213,False,True,4.4140994269260405,38,59.99785047027138,2591.085,in_progress,0.0,0
382,35.0,-6.699357806843854,0.39787022194382,151.87585890275818,12.34649055118144,3.478092174579929,[12.34649055118144 3.478092174579929],1.7669445402310113,False,True,4.5219805491064555,38,59.99785047027138,2591.157,in_progress,0.0,0
382,36.0,-6.752478578975714,0.39467371836629933,159.92467499620375,1.3966418164345384,2.384585636308041,[1.3966418164345384 2.384585636308041],1.438694911033374,False,True,4.59842115897175,38,59.99785047027138,2591.229,in_progress,0.0,0
382,37.0,-6.829116911110509,0.4042601757763844,164.74975164451624,-11.546959450520614,0.5,[-11.546959450520614 0.5],0.880274364543118,False,True,4.719460179020151,39,59.99785047027138,2591.265,in_progress,0.0,0
382,38.0,-6.863479233863947,0.4144430337924998,164.84224902873993,-30.0,1.25402425132527,[-30.0 1.25402425132527],0.8845085663144143,False,True,4.789176576990243,39,59.99785047027138,2591.359,in_progress,0.0,0
382,39.0,-6.955947428937659,0.4574916972452328,161.11437791838776,-29.569080353966307,2.8730892795571883,[-29.569080353966307 2.8730892795571883],1.2846152164135856,False,True,4.95894824433217,40,59.99785047027138,2591.411,in_progress,0.0,0
382,40.0,-7.013662064281495,0.49905357970110525,156.38881664902118,30.0,0.5,[30.0 0.5],0.7202203388646682,False,True,5.076120852609611,40,59.99785047027138,2591.488,in_progress,0.0,0
382,41.0,-7.085169065452023,0.5506069993474438,151.99126841390205,-22.16030633812489,3.9360107907984627,[-22.16030633812489 3.9360107907984627],1.5529021606783964,False,True,5.217912985548232,41,59.99785047027138,2591.551,in_progress,0.0,0
382,42.0,-7.139976571404941,0.5837463023550775,150.99681554105226,-1.8476421504690883,1.9196033293279093,[-1.8476421504690883 1.9196033293279093],1.3408865040355722,False,True,5.322853839029057,41,59.99785047027138,2591.624,in_progress,0.0,0
382,43.0,-7.213840456985885,0.6353307190374103,148.99414555451287,-30.0,0.5,[-30.0 0.5],0.740449222429941,False,True,5.468703082315185,41,59.99785047027138,2591.678,in_progress,0.0,0
382,44.0,-7.265136696456798,0.6787162030576982,146.538717768478,30.0,0.6812208146515761,[30.0 0.6812208146515761],0.7879562214753041,False,True,5.575564517490409,41,59.99785047027138,2591.739,in_progress,0.0,0
382,45.0,-7.330792533650157,0.7371564454473692,143.8821390304936,10.012579106103118,2.5459855757415975,[10.012579106103118 2.5459855757415975],1.553849053384946,False,True,5.714222564539856,42,59.99785047027138,2591.814,in_progress,0.0,0
382,46.0,-7.38601370632062,0.7769490863856895,143.89048304954545,25.155617077025255,2.158746875894546,[25.155617077025255 2.158746875894546],1.1546123092448854,False,True,5.824788507480361,42,59.99785047027138,2591.886,in_progress,0.0,0
382,47.0,-7.474922093030679,0.8188798953891934,147.86775268823385,-12.64477427246532,1.5655446087875056,[-12.64477427246532 1.5655446087875056],1.2801491224354489,False,True,6.003598072586646,42,59.99785047027138,2591.957,in_progress,0.0,0
382,48.0,-7.569908619668443,0.8612398720253193,151.2514299670362,-15.117818407296452,1.8530962187852522,[-15.117818407296452 1.8530962187852522],1.1041697755481577,False,True,6.175823292994104,43,59.99785047027138,2592.018,in_progress,0.0,0
382,49.0,-7.65093763775224,0.9127200494497582,149.8662925684232,-15.28378917802753,4.0,[-15.28378917802753 4.0],1.6290544142966679,False,True,6.335742559627536,43,59.99785047027138,2592.09,in_progress,0.0,0
382,50.0,-7.7495970628436055,0.9898373089593988,146.12361484703743,-30.0,3.651600642851794,[-30.0 3.651600642851794],1.5619141745192293,False,True,6.56194276125652,43,59.99785047027138,2592.156,in_progress,0.0,0
382,51.0,-7.841241269645118,1.0871028548743373,139.79765401674143,-30.0,2.722725037446682,[-30.0 2.722725037446682],1.3547892564242636,False,True,6.783748673126325,44,59.99785047027138,2592.218,in_progress,0.0,0
382,52.0,-7.920104572217443,1.2006222526892938,132.0673035499467,-30.0,4.0,[-30.0 4.0],1.6802418415326816,False,True,7.037761357159314,44,59.99785047027138,2592.286,in_progress,0.0,0
382,53.0,-7.996161614083474,1.3429565374723478,123.03885928962367,-4.626413468100935,2.4320987026420924,[-4.626413468100935 2.4320987026420924],1.5168528358182851,False,True,7.30357055820611,45,59.99785047027138,2592.357,in_progress,0.0,0
382,54.0,-8.067721960798965,1.5046571908497428,114.52579880011497,-30.0,1.3671610632128512,[-30.0 1.3671610632128512],1.0031492748455566,False,True,7.634498271073145,45,59.99785047027138,2592.42,in_progress,0.0,0
382,55.0,-8.119536273859786,1.6322852825171226,110.20565715793741,-24.108796599301108,1.9904828030956574,[-24.108796599301108 1.9904828030956574],1.1546153746375492,False,True,7.863580102971052,46,59.99785047027138,2592.502,in_progress,0.0,0
382,56.0,-8.173693724735799,1.793214871813006,106.23178747349296,3.4962599225388544,1.1299582821288698,[3.4962599225388544 1.1299582821288698],1.234845302278165,False,True,8.1855611744344,46,59.99785047027138,2592.538,in_progress,0.0,0
382,57.0,-8.193036432353106,1.8687281492550576,104.42792636312525,-13.332743321357583,1.9943197551169196,[-13.332743321357583 1.9943197551169196],1.4789050919070341,False,True,8.31542299483715,47,59.99785047027138,2592.626,in_progress,0.0,0
382,58.0,-8.229088273795178,2.0467331600036007,102.01755776967225,-24.648542820736623,4.0,[-24.648542820736623 4.0],1.6478861701422893,False,True,8.652651649808071,47,59.99785047027138,2592.69,in_progress,0.0,0
382,59.0,-8.241439464153013,2.184038619822552,98.43081247345106,-30.0,3.934713615384868,[-30.0 3.934713615384868],1.6472704711261272,False,True,8.882198587971093,48,59.99785047027138,2592.757,in_progress,0.0,0
382,60.0,-8.2351356501028,2.3355656171346055,92.45579335063141,-30.0,2.1348603856848243,[-30.0 2.1348603856848243],1.2697011850796958,False,True,9.166406069491186,48,59.99785047027138,2592.823,in_progress,0.0,0
382,61.0,-8.21463021408242,2.4859231767427565,86.52084263993379,-7.757085688739259,2.665408467698959,[-7.757085688739259 2.665408467698959],1.7521297962168192,False,True,9.416815646971017,49,59.99785047027138,2592.896,in_progress,0.0,0
382,62.0,-8.18106767375293,2.65762831383773,81.88379912407362,-9.217850163542316,2.8766218013145664,[-9.217850163542316 2.8766218013145664],1.83766903554912,False,True,9.746589287778226,49,59.99785047027138,2592.96,in_progress,0.0,0
382,63.0,-8.140481853521901,2.8129869214658982,78.27528118852925,-8.935458020680901,0.878904640324566,[-8.935458020680901 0.878904640324566],1.308582023015985,False,True,10.011807595793353,50,59.99785047027138,2593.023,in_progress,0.0,0
382,64.0,-8.08253137966112,2.9741169207422486,72.64790455143527,-28.50376131320404,4.0,[-28.50376131320404 4.0],1.595975582386104,False,True,10.347682571019352,51,59.99785047027138,2593.08,in_progress,0.0,0
382,65.0,-8.02610023766685,3.1096362388282994,69.21130287659092,-14.939060574462436,1.2402762398451808,[-14.939060574462436 1.2402762398451808],1.3273124562834788,False,True,10.656835580518115,51,59.99785047027138,2593.156,in_progress,0.0,0
382,66.0,-7.947887652339421,3.2482265709363856,63.45462516989761,-13.12159123188384,0.5,[-13.12159123188384 0.5],1.1600308490489697,False,True,10.920797934847398,52,59.99785047027138,2593.234,in_progress,0.0,0
382,67.0,-7.86819358658249,3.3726940243756207,60.16606855428997,-21.294311332220797,1.4598900865798297,[-21.294311332220797 1.4598900865798297],1.1388555116711327,False,True,11.24759172190456,52,59.99785047027138,2593.276,in_progress,0.0,0
382,68.0,-7.8149754450531965,3.4459534571905235,58.0001745179669,-13.914738415489719,0.5,[-13.914738415489719 0.5],1.1905022203688937,False,True,11.39839584580677,53,59.99785047027138,2593.365,in_progress,0.0,0
382,69.0,-7.7260702911469314,3.5572604092319784,54.75575176073904,-30.0,2.285453945340656,[-30.0 2.285453945340656],1.3275735720536284,False,True,11.718037463266306,53,59.99785047027138,2593.402,in_progress,0.0,0
382,70.0,-7.685644559570717,3.59834924126929,52.501126849631106,-30.0,0.5,[-30.0 0.5],0.9719130579916492,False,True,11.814089144543338,53,59.99785047027138,2593.497,in_progress,0.0,0
382,71.0,-7.578218942181783,3.681233676511252,44.644210169906124,-19.146762016190667,1.283580382318767,[-19.146762016190667 1.283580382318767],1.1394623531971229,False,True,12.037449228182307,54,59.99785047027138,2593.544,in_progress,0.0,0
382,72.0,-7.527230371085514,3.712466364234141,41.486230630762336,-30.0,2.064765847124896,[-30.0 2.064765847124896],1.3032705573352903,False,True,12.216761149897126,54,59.99785047027138,2593.627,in_progress,0.0,0
382,73.0,-7.420066399953662,3.7527803854043635,32.707237569008754,16.23161057519671,1.5809082445947413,[16.23161057519671 1.5809082445947413],0.8980747725530915,False,True,12.398793501665814,54,59.99785047027138,2593.694,in_progress,0.0,0
382,74.0,-7.312469031908397,3.787046008241858,26.133114541784185,8.277605242694271,0.5,[8.277605242694271 0.5],0.5658829286258495,False,False,12.575176191685546,55,59.99785047027138,2593.739,in_progress,0.0,0
382,75.0,-7.262043229361738,3.809883689971957,25.34693773677165,6.182434289681737,2.7321116678215014,[6.182434289681737 2.7321116678215014],0.5713776867400204,False,False,12.771971821247513,55,59.99785047027138,2593.826,in_progress,0.0,0
382,76.0,-7.147557358336457,3.870724547411163,26.61214702116101,-30.0,0.5,[-30.0 0.5],0.46217053051563894,False,False,12.988003959746058,56,59.99785047027138,2593.886,in_progress,0.0,0
382,77.0,-7.068543498792338,3.9175562176952323,29.478859741381488,-30.0,0.5,[-30.0 0.5],0.46499096423106806,False,False,13.141048989138879,56,59.99785047027138,2593.955,in_progress,0.0,0
382,78.0,-6.986692881423985,3.954553155359856,28.702026752629482,-1.712950275508529,0.5,[-1.712950275508529 0.5],0.5889202315924797,False,False,13.388402387282275,56,59.99785047027138,2594.021,in_progress,0.0,0
382,79.0,-6.917578932673754,3.983610879157736,27.045368541909827,19.90730526873469,3.6415406683655585,[19.90730526873469 3.6415406683655585],0.4729661551150768,False,False,13.513318717573622,57,59.99785047027138,2594.092,in_progress,0.0,0
382,80.0,-6.8589715664618165,4.013259560982482,27.20232286399845,1.5164992137931357,0.5,[1.5164992137931357 0.5],0.5928211733209755,False,False,13.6222737699288,57,59.99785047027138,2594.151,in_progress,0.0,0
382,81.0,-6.800082758570856,4.0528343758800744,29.88594579275478,11.911840609139908,0.7979906967045705,[11.911840609139908 0.7979906967045705],0.5989318798551966,False,False,13.834482858627076,57,59.99785047027138,2594.222,in_progress,0.0,0
382,82.0,-6.746294863881222,4.0935439651438745,32.10129407713584,-1.405627936599167,2.681760541615857,[-1.405627936599167 2.681760541615857],0.6002939478265801,False,False,13.936894453036686,57,59.99785047027138,2594.296,in_progress,0.0,0
382,83.0,-6.683056696832745,4.146115287832072,34.3866477187362,15.201635494879504,0.5,[15.201635494879504 0.5],0.4820239254262016,False,False,14.059031158264212,58,59.99785047027138,2594.342,in_progress,0.0,0
382,84.0,-6.638424362196656,4.180828516573324,34.505516424816584,16.412318638180565,0.5,[16.412318638180565 0.5],0.4825720710664001,False,False,14.144353807118623,58,59.99785047027138,2594.427,in_progress,0.0,0
382,85.0,-6.588922599265465,4.239602674494439,39.31160530201764,-30.0,0.5,[-30.0 0.5],1.0674327475668768,False,True,14.246441145676611,58,59.99785047027138,2594.487,in_progress,0.0,0
382,86.0,-6.56032774953717,4.282106542627835,43.069898840709584,-30.0,2.7186272356551027,[-30.0 2.7186272356551027],1.6652845409067034,False,True,14.354550056964207,58,59.99785047027138,2594.558,in_progress,0.0,0
382,87.0,-6.522711490480462,4.326479854842065,44.68995451659332,-30.0,1.6403158819898684,[-30.0 1.6403158819898684],1.4282404757033682,False,True,14.423932184670226,58,59.99785047027138,2594.619,in_progress,0.0,0
382,88.0,-6.469026178650864,4.36141505765314,41.85801086792331,-3.6001741253675057,2.128629716569523,[-3.6001741253675057 2.128629716569523],1.9222167652840303,False,True,14.51849661955334,58,59.99785047027138,2594.678,in_progress,0.0,0
382,89.0,-6.398412420354623,4.403942165330044,38.498366155469334,-15.016791940013642,1.9269909850964655,[-15.016791940013642 1.9269909850964655],1.4977097900593428,False,True,14.642342363701639,59,59.99785047027138,2594.744,in_progress,0.0,0
382,90.0,-6.326219673716916,4.447095901010285,35.996505709236615,5.380154693685398,0.5,[5.380154693685398 0.5],1.620398823771394,False,True,14.768906508079125,59,59.99785047027138,2594.822,in_progress,0.0,0
382,91.0,-6.226887708656391,4.49662363644851,31.58783503013037,-9.453160843496459,1.9489129287324203,[-9.453160843496459 1.9489129287324203],2.0662061748019553,False,True,14.945281935171609,59,59.99785047027138,2594.86,in_progress,0.0,0
382,92.0,-6.183488847822369,4.519915503034556,30.85449220046651,-30.0,3.590745369589248,[-30.0 3.590745369589248],2.047717639623436,False,True,15.018015228179129,59,59.99785047027138,2594.958,in_progress,0.0,0
382,93.0,-6.061714680036731,4.574097859755546,27.376160454596537,-30.0,0.506318147891754,[-30.0 0.506318147891754],1.3185411622671355,False,True,15.221906363186251,60,59.99785047027138,2595.026,in_progress,0.0,0
382,94.0,-5.959245176221894,4.588278471080456,18.355232713972903,-30.0,1.5090281192894002,[-30.0 1.5090281192894002],1.5675318118567132,False,True,15.391086156799652,60,59.99785047027138,2595.078,in_progress,0.0,0
382,95.0,-5.885477125471288,4.589316343678974,12.552733352884603,-30.0,4.0,[-30.0 4.0],2.1700938438123827,False,True,15.514023638620293,60,59.99785047027138,2595.151,in_progress,0.0,0
382,96.0,-5.769725613310349,4.575375153041553,4.087343763240559,20.472296519912405,3.8839500611943567,[20.472296519912405 3.8839500611943567],2.1524435789582617,False,True,15.70709524075726,61,59.99785047027138,2595.231,in_progress,0.0,0
382,97.0,-5.647341114243253,4.559989505133957,-1.0826877652957017,-30.0,2.0377668958007584,[-30.0 2.0377668958007584],1.7204412956049446,False,True,15.911783963614281,61,59.99785047027138,2595.288,in_progress,0.0,0
382,98.0,-5.532817366299185,4.554878603241378,-1.7109581809221304,-27.9307321677741,0.5,[-27.9307321677741 0.5],1.3613677646921982,False,True,16.10264789105446,61,59.99785047027138,2595.359,in_progress,0.0,0
382,99.0,-5.431889301339615,4.533924883967444,-5.761259261883579,-26.21981647289219,0.8155221583832964,[-26.21981647289219 0.8155221583832964],1.4453230269049646,False,True,16.270803501210594,62,59.99785047027138,2595.424,in_progress,0.0,0
382,100.0,-5.337023697007914,4.504526924437108,-9.946198488681944,30.0,4.0,[30.0 4.0],2.217048120911473,False,True,16.428812139241554,62,59.99785047027138,2595.49,in_progress,0.0,0
382,101.0,-5.245961925327334,4.477768765132349,-11.89710206121755,21.352871273115753,2.5515497318111566,[21.352871273115753 2.5515497318111566],1.8763895578890804,False,True,16.5804780696951,62,59.99785047027138,2595.561,in_progress,0.0,0
382,102.0,-5.1454282460331155,4.47529090829126,-7.9564025293573595,-6.19195290817413,0.8835648735017734,[-6.19195290817413 0.8835648735017734],1.8553192670622334,False,True,16.74802964378377,63,59.99785047027138,2595.621,in_progress,0.0,0
382,103.0,-5.040918809091959,4.479068270509967,-3.1470235162092837,8.014779534538306,0.5,[8.014779534538306 0.5],1.7511292843670543,False,True,16.922504631521715,63,59.99785047027138,2595.693,in_progress,0.0,0
382,104.0,-4.953137418505142,4.4802657874457985,-1.540659300417477,18.784708963850505,1.4175383590112194,[18.784708963850505 1.4175383590112194],1.627685106618894,False,True,17.068809286351154,63,59.99785047027138,2595.756,in_progress,0.0,0
382,105.0,-4.868979374726261,4.489261629567457,0.9899247688393449,30.0,1.3073276609665019,[30.0 1.3073276609665019],1.6073601927605647,False,True,17.209056819481937,64,59.99785047027138,2595.823,in_progress,0.0,0
382,106.0,-4.786036655210562,4.51131138319037,5.498654729670932,-24.952427174228156,1.4222341427626448,[-24.952427174228156 1.4222341427626448],1.6409207257204894,False,True,17.347248611021417,64,59.99785047027138,2595.887,in_progress,0.0,0
382,107.0,-4.700103948232449,4.531798910630047,8.474128828426986,-7.965332532330965,3.443519295632739,[-7.965332532330965 3.443519295632739],2.665498259604789,False,True,17.490455045517507,64,59.99785047027138,2595.961,in_progress,0.0,0
382,108.0,-4.590724739442335,4.541220511079952,7.068990917937743,-23.317983349406035,2.904232058907291,[-23.317983349406035 2.904232058907291],2.012258392296101,False,True,17.67276307929737,64,59.99785047027138,2596.03,in_progress,0.0,0
382,109.0,-4.469262957780128,4.534837262253896,2.6173499368246116,-30.0,3.823600623228068,[-30.0 3.823600623228068],2.243679335926664,False,True,17.875204717979422,65,59.99785047027138,2596.07,in_progress,0.0,0
382,110.0,-4.38852016133635,4.523664536403801,-0.7803185184368889,-30.0,3.8146530691481555,[-30.0 3.8146530691481555],2.247268799756986,False,True,18.009804947724,65,59.99785047027138,2596.167,in_progress,0.0,0
382,111.0,-4.1764252503004515,4.460049002539261,-12.778516816408493,0.6862213448943848,0.5,[0.6862213448943848 0.5],1.8419733793396595,False,True,18.36250179128313,66,59.99785047027138,2596.205,in_progress,0.0,0
382,112.0,-4.110907325649733,4.431957060900059,-17.617039387142555,-10.009099395512138,3.277646898033794,[-10.009099395512138 3.277646898033794],2.4567057045690754,False,True,18.471347058319008,66,59.99785047027138,2596.291,in_progress,0.0,0
382,113.0,-3.9294948256033466,4.347644256913636,-28.35544714837662,30.0,1.574975738705704,[30.0 1.574975738705704],1.606985741141365,False,True,18.769067785185026,67,59.99785047027138,2596.363,in_progress,0.0,0
382,114.0,-3.7940552691662925,4.2746056912732975,-37.96124451182691,30.0,4.0,[30.0 4.0],1.956058173259673,False,True,18.99238427498034,67,59.99785047027138,2596.435,in_progress,0.0,0
382,115.0,-3.6357293519918876,4.208708400208705,-41.163823397666164,30.0,2.4232179416660493,[30.0 2.4232179416660493],1.6538233745113702,False,True,19.264894204071954,68,59.99785047027138,2596.48,in_progress,0.0,0
382,116.0,-3.5280279336839073,4.175955339318355,-38.93523873247047,-6.3910242370571595,0.5,[-6.3910242370571595 0.5],1.5958706014674544,False,True,19.445407951603634,68,59.99785047027138,2596.57,in_progress,0.0,0
382,117.0,-3.32973362866292,4.116951706207303,-30.87460538532209,1.657693866718681,0.5,[1.657693866718681 0.5],0.7488419220945873,False,False,19.85693186677782,69,59.99785047027138,2596.607,in_progress,0.0,0
382,118.0,-3.2601095264950524,4.090786826007893,-27.949490891489003,30.0,0.5,[30.0 0.5],0.6009999795601824,False,False,19.977373622251868,70,59.99785047027138,2596.697,in_progress,0.0,0
382,119.0,-3.112983657719161,4.0326740408100115,-24.603399758536543,30.0,1.6208032432202764,[30.0 1.6208032432202764],0.6127849872826512,False,False,20.426166242755038,71,59.99785047027138,2596.742,in_progress,0.0,0
382,120.0,-3.0434015290377476,4.010312392897724,-22.66432763971377,-30.0,1.6419278473025871,[-30.0 1.6419278473025871],0.6147344016415598,False,False,20.54775209906871,72,59.99785047027138,2596.83,in_progress,0.0,0
382,121.0,-2.9009456094147676,3.963785120349575,-20.57220689631897,-30.0,1.6298057548618068,[-30.0 1.6298057548618068],0.6280082742242066,False,False,21.048628971250878,74,59.99785047027138,2596.876,in_progress,0.0,0
382,122.0,-2.840604097065853,3.9357480315686195,-21.711435436570795,-30.0,0.5,[-30.0 0.5],0.6316312199543376,False,False,21.226950834531014,74,59.99785047027138,2596.963,in_progress,0.0,0
382,123.0,-2.7228693463273075,3.860912492780303,-27.07012972558225,-30.0,0.5,[-30.0 0.5],0.6426370521321229,False,False,21.654074582712838,76,59.99785047027138,2597.008,in_progress,0.0,0
382,124.0,-2.679918743609857,3.8315285574158184,-28.573336989757845,-28.07075034599822,1.082238038612565,[-28.07075034599822 1.082238038612565],0.6430879076065708,False,False,21.72594282454631,76,59.99785047027138,2597.105,in_progress,0.0,0
382,125.0,-2.587839254617951,3.765113368635398,-31.512465852706864,17.510342551220994,0.8714252229211963,[17.510342551220994 0.8714252229211963],1.4716556679935977,False,True,21.971599267416554,77,59.99785047027138,2597.133,in_progress,0.0,0
382,126.0,-2.5525379964848356,3.7398748520273024,-32.27240190421852,-30.0,0.5,[-30.0 0.5],1.5367707916079187,False,True,22.022349360015273,78,59.99785047027138,2597.225,in_progress,0.0,0
382,127.0,-2.4839608968952676,3.691172960224152,-33.32051396474031,-30.0,4.0,[-30.0 4.0],2.3095308054088592,False,True,22.120399310001684,78,59.99785047027138,2597.306,in_progress,0.0,0
382,128.0,-2.422922715732908,3.626585770315207,-37.86284757198899,-30.0,4.0,[-30.0 4.0],2.525176601078501,False,True,22.256148758722063,78,59.99785047027138,2597.344,in_progress,0.0,0
382,129.0,-2.397609258659114,3.581799304947437,-42.60510494215887,-30.0,4.0,[-30.0 4.0],2.5267730293057866,False,True,22.333387479139503,79,59.99785047027138,2597.428,in_progress,0.0,0
382,130.0,-2.3598363366015107,3.4691096840746605,-55.352022009558304,-29.346197998652737,3.199798821094799,[-29.346197998652737 3.199798821094799],2.3448906534593306,False,True,22.53261351090225,79,59.99785047027138,2597.47,in_progress,0.0,0
382,131.0,-2.3480624054512713,3.3985959789144546,-63.240111368588906,-30.0,0.7307864770498482,[-30.0 0.7307864770498482],1.756592480173142,False,True,22.647449195954376,80,59.99785047027138,2597.562,in_progress,0.0,0
382,132.0,-2.3534198131977644,3.248025026676462,-83.91898207715042,-30.0,0.5,[-30.0 0.5],1.7148509768408147,False,True,22.89671631258942,81,59.99785047027138,2597.611,in_progress,0.0,0
382,133.0,-2.3580149551077603,3.201270186767798,-89.52139175933866,-30.0,2.37214254158905,[-30.0 2.37214254158905],2.165530312291398,False,True,22.9696045650283,81,59.99785047027138,2597.683,in_progress,0.0,0
382,134.0,-2.377598022069596,3.1156829134520687,-99.1786304258276,-30.0,4.0,[-30.0 4.0],2.5626598075347307,False,True,23.11528568559708,82,59.99785047027138,2597.761,in_progress,0.0,0
382,135.0,-2.4240276069557005,3.024424722703833,-109.66567432839373,-28.946829523235834,2.6930394905930077,[-28.946829523235834 2.6930394905930077],2.2569279481339417,False,True,23.28246088151151,82,59.99785047027138,2597.796,in_progress,0.0,0
382,136.0,-2.453721357170388,2.985894253848144,-115.05136436732224,-30.0,0.5,[-30.0 0.5],1.73238031627998,False,True,23.360417018861803,83,59.99785047027138,2597.903,in_progress,0.0,0
382,137.0,-2.5500174597032244,2.889373260806355,-132.15566759202068,-24.310617993678857,2.4244390416105492,[-24.310617993678857 2.4244390416105492],2.205701444797811,False,True,23.578427853951652,83,59.99785047027138,2597.937,in_progress,0.0,0
382,138.0,-2.5820083132167087,2.867728756381984,-137.8038748262857,-5.796375290372421,0.5,[-5.796375290372421 0.5],2.1802772006616338,False,True,23.635555351086026,84,59.99785047027138,2598.012,in_progress,0.0,0
382,139.0,-2.6566384347424163,2.8411381198881354,-151.6533318608976,-7.615313429900645,0.5,[-7.615313429900645 0.5],2.0046665996608564,False,True,23.763938541138167,84,59.99785047027138,2598.092,in_progress,0.0,0
382,140.0,-2.717290303784244,2.8240886104414025,-158.62204661815628,-24.807259749488853,1.3475415767265355,[-24.807259749488853 1.3475415767265355],1.7922937739528717,False,True,23.848109726062614,84,59.99785047027138,2598.128,in_progress,0.0,0
382,141.0,-2.748154791658212,2.8201889216238163,-160.69051609919177,8.978330591277512,0.5,[8.978330591277512 0.5],2.0062202681957446,False,True,23.884633490890707,85,59.99785047027138,2598.218,in_progress,0.0,0
382,142.0,-2.8238813374590164,2.817550828805311,-165.661770606442,13.718335282528443,0.5,[13.718335282528443 0.5],1.8260187336839047,False,True,23.96509151889639,85,59.99785047027138,2598.283,in_progress,0.0,0
382,143.0,-2.867787501596773,2.802621381343374,-164.759442136986,-2.9644718784534234,1.0319912359254118,[-2.9644718784534234 1.0319912359254118],1.9644230989320315,False,True,24.09070997577428,85,59.99785047027138,2598.361,in_progress,0.0,0
382,144.0,-2.9193215046866996,2.792249577253337,-165.7052865786669,15.951262371245093,1.6218754770585198,[15.951262371245093 1.6218754770585198],1.6909127873800722,False,True,24.164386016513824,86,59.99785047027138,2598.425,in_progress,0.0,0
382,145.0,-2.9779604413109904,2.778902491513166,-166.02618312778165,30.0,3.539966202658518,[30.0 3.539966202658518],2.0799415080494223,False,True,24.308792118639186,86,59.99785047027138,2598.493,in_progress,0.0,0
382,146.0,-3.0472113302195285,2.7506242967842156,-163.6275537706301,19.778344761162558,0.5593656635936664,[19.778344761162558 0.5593656635936664],1.487872519020511,False,True,24.428974611879386,87,59.99785047027138,2598.56,in_progress,0.0,0
382,147.0,-3.109269669075309,2.7088062282792977,-157.6654969774948,-20.79019806258788,1.4699096032338097,[-20.79019806258788 1.4699096032338097],1.681419238094729,False,True,24.680375358449417,88,59.99785047027138,2598.628,in_progress,0.0,0
382,148.0,-3.170688436457288,2.6703637184977427,-154.71118220862195,-3.078155194223939,1.1460826091404952,[-3.078155194223939 1.1460826091404952],2.0278625391696177,False,True,24.828702501989433,88,59.99785047027138,2598.672,in_progress,0.0,0
382,149.0,-3.218794581434687,2.653241629037227,-155.9048614278737,-30.0,0.86847643104953,[-30.0 0.86847643104953],1.568866793983994,False,True,24.913776924537288,89,59.99785047027138,2598.761,in_progress,0.0,0
382,150.0,-3.310608318972218,2.628007804411798,-158.91233520086078,14.335400628809673,1.9441795834612203,[14.335400628809673 1.9441795834612203],2.2444493665699072,False,True,25.167684841364448,90,59.99785047027138,2598.789,in_progress,0.0,0
382,151.0,-3.3462574378788856,2.620481508321355,-160.30197006220843,-26.04563303985629,1.5127599505735672,[-26.04563303985629 1.5127599505735672],1.710031077685595,False,True,25.228398739478063,90,59.99785047027138,2598.895,in_progress,0.0,0
382,152.0,-3.4588029959380235,2.6091004219826552,-166.1796521121342,9.917131348041671,0.5,[9.917131348041671 0.5],1.8958720728241445,False,True,25.44069738423419,91,59.99785047027138,2598.93,in_progress,0.0,0
382,153.0,-3.498504122847752,2.6119023586528805,-169.46577375436414,-5.405199619151386,0.5,[-5.405199619151386 0.5],1.8971392828005444,False,True,25.505556032830267,91,59.99785047027138,2599.032,in_progress,0.0,0
382,154.0,-3.608520762951247,2.6153722608603274,-174.56641787672484,-24.63938291793309,0.5,[-24.63938291793309 0.5],1.5291591631857118,False,True,25.758101196951777,92,59.99785047027138,2599.073,in_progress,0.0,0
382,155.0,-3.6405255067515343,2.617511731707459,-175.78778045259637,30.0,0.5,[30.0 0.5],1.5295541825249794,False,True,25.81139496225657,92,59.99785047027138,2599.163,in_progress,0.0,0
382,156.0,-3.7104249629972386,2.618988590209475,-177.26475087068462,27.150406571145247,2.775800745663011,[27.150406571145247 2.775800745663011],1.9888296585519556,False,True,25.931579836271712,92,59.99785047027138,2599.21,in_progress,0.0,0
382,157.0,-3.741248298084728,2.6160860945013766,-176.9089949297233,30.0,1.7267480655217162,[30.0 1.7267480655217162],1.7793470879241444,False,True,25.982981768523917,93,59.99785047027138,2599.291,in_progress,0.0,0
382,158.0,-3.8134818408955,2.5883170483037925,-171.67588246458763,30.0,1.0424882374187554,[30.0 1.0424882374187554],1.646660922958719,False,True,26.10364849321003,93,59.99785047027138,2599.338,in_progress,0.0,0
382,159.0,-3.8503247790431194,2.5646991680461975,-167.40475174988592,24.95735280218676,0.5,[24.95735280218676 0.5],1.5394483834367554,False,True,26.171788789759187,93,59.99785047027138,2599.431,in_progress,0.0,0
382,160.0,-3.917171258521341,2.509938009846029,-158.87485514862666,-30.0,0.5,[-30.0 0.5],1.6973958031502534,False,True,26.282468563059524,93,59.99785047027138,2599.477,in_progress,0.0,0
382,161.0,-3.9482749621139606,2.4834604079973914,-155.5679881015367,30.0,0.5934281688148677,[30.0 0.5934281688148677],1.7183941265202425,False,True,26.33395460275567,93,59.99785047027138,2599.564,in_progress,0.0,0
382,162.0,-3.991514461693005,2.4382474898057827,-150.1529676767216,30.0,0.5,[30.0 0.5],1.6995088934083524,False,True,26.405416798365412,94,59.99785047027138,2599.603,in_progress,0.0,0
382,163.0,-4.007698150608245,2.412012123292636,-146.56801438968026,-27.497657436575313,0.5,[-27.497657436575313 0.5],1.6985010929457829,False,True,26.432039290088106,94,59.99785047027138,2599.685,in_progress,0.0,0
382,164.0,-4.038109891221265,2.3690422434656866,-142.04648261489857,0.7607579791944339,0.740733355478064,[0.7607579791944339 0.740733355478064],2.388941514939708,False,True,26.482151768065755,94,59.99785047027138,2599.754,in_progress,0.0,0
382,165.0,-4.072662948981144,2.3396225229196643,-141.57725317992123,-30.0,0.5,[-30.0 0.5],1.8543303686336678,False,True,26.53934745512434,94,59.99785047027138,2599.819,in_progress,0.0,0
382,166.0,-4.11221457226757,2.309076325025309,-141.61093307765512,-21.217061716492495,1.0997440078120686,[-21.217061716492495 1.0997440078120686],1.999487260157556,False,True,26.600278323531946,94,59.99785047027138,2599.881,in_progress,0.0,0
382,167.0,-4.155247440486605,2.2859778222039426,-143.61144880933372,-21.91360835862752,0.5,[-21.91360835862752 0.5],1.8577385823125245,False,True,26.675811570586994,94,59.99785047027138,2599.949,in_progress,0.0,0
382,168.0,-4.202346696259771,2.27512767637241,-148.20863844052892,16.138174822852086,0.5,[16.138174822852086 0.5],1.8602371131308724,False,True,26.755828977357844,94,59.99785047027138,2600.025,in_progress,0.0,0
382,169.0,-4.254911656305175,2.2559004158716105,-150.77628199553814,-10.949490317658828,0.580070686810638,[-10.949490317658828 0.580070686810638],2.353320523468449,False,True,26.84644086683289,95,59.99785047027138,2600.088,in_progress,0.0,0
382,170.0,-4.289646106261541,2.235992648641981,-150.7036817451482,-0.7909444245060335,0.5,[-0.7909444245060335 0.5],2.330935086332916,False,True,26.907640675535983,95,59.99785047027138,2600.152,in_progress,0.0,0
382,171.0,-4.32377037293476,2.2193119841628905,-151.21440173968682,18.456571163034205,2.213579038899567,[18.456571163034205 2.213579038899567],2.2781871870917567,False,True,26.98200911045331,95,59.99785047027138,2600.231,in_progress,0.0,0
382,172.0,-4.3655073424320765,2.188781941814988,-149.69076093566383,30.0,4.0,[30.0 4.0],2.709639002649608,False,True,27.064337219097123,95,59.99785047027138,2600.27,in_progress,0.0,0
382,173.0,-4.390444181710024,2.160490982357785,-146.71401351822283,-28.213939975012742,2.159714257350447,[-28.213939975012742 2.159714257350447],2.2689078135909866,False,True,27.118971881933497,96,59.99785047027138,2600.363,in_progress,0.0,0
382,174.0,-4.452596971389372,2.093494172423822,-141.91660515782453,30.0,1.3285827024104147,[30.0 1.3285827024104147],1.9045770650621667,False,True,27.28728746064586,96,59.99785047027138,2600.406,in_progress,0.0,0
382,175.0,-4.49122772684206,2.0664826820930515,-142.75034385776365,10.959961923788839,1.4882104402340668,[10.959961923788839 1.4882104402340668],2.427459719247501,False,True,27.36544878892383,97,59.99785047027138,2600.491,in_progress,0.0,0
382,176.0,-4.563675341520629,1.9956269626802692,-139.99888801783092,30.0,3.158665575098744,[30.0 3.158665575098744],2.318827895594965,False,True,27.563684313958923,97,59.99785047027138,2600.553,in_progress,0.0,0
382,177.0,-4.618781667281689,1.9260792167800325,-135.78362135633125,26.956679123720818,4.0,[26.956679123720818 4.0],2.51328274357071,False,True,27.762063441136963,98,59.99785047027138,2600.613,in_progress,0.0,0
382,178.0,-4.668523250934911,1.8338931314963873,-128.8687509011514,30.0,2.963030674970995,[30.0 2.963030674970995],2.2954749660754628,False,True,27.976975175651386,99,59.99785047027138,2600.69,in_progress,0.0,0
382,179.0,-4.706866460745635,1.7154363741962162,-118.47153863511969,30.0,4.0,[30.0 4.0],2.535861817690189,False,True,28.22491734699185,101,59.99785047027138,2600.762,in_progress,0.0,0
382,180.0,-4.726812613779405,1.5853415813621614,-106.8309305441569,21.64834518290847,3.1489419968176198,[21.64834518290847 3.1489419968176198],2.3649739197309714,False,True,28.542946921730305,102,59.99785047027138,2600.825,in_progress,0.0,0
382,181.0,-4.726541580305819,1.4493649873105627,-93.45049388471247,30.0,0.5,[30.0 0.5],1.7980305472318834,False,True,28.852513110086655,104,59.99785047027138,2600.89,in_progress,0.0,0
382,182.0,-4.706742255801363,1.3198266065502464,-76.34617008812465,30.0,0.5,[30.0 0.5],1.8139683284161034,False,True,29.164441086807603,105,59.99785047027138,2600.938,in_progress,0.0,0
382,183.0,-4.693538002750038,1.2564858469465683,-66.61270728553579,30.0,0.5,[30.0 0.5],1.8178098123133593,False,True,29.269467722211072,106,59.99785047027138,2601.026,in_progress,0.0,0
382,184.0,-4.6759333746229474,1.1608771170021537,-51.23644402501031,-13.94130087587001,0.7205695906915641,[-13.94130087587001 0.7205695906915641],2.3428489400847687,False,True,29.44475517545446,106,59.99785047027138,2601.074,in_progress,0.0,0
382,185.0,-4.6659607578622895,1.1159803257578254,-43.13093607174635,-20.42965633200199,1.4635171549782986,[-20.42965633200199 1.4635171549782986],2.03974069709824,False,True,29.51816774561721,106,59.99785047027138,2601.159,in_progress,0.0,0
382,186.0,-4.634654774271182,1.043902981223392,-30.63394026617702,23.047352699619445,0.5,[23.047352699619445 0.5],1.8330998893165251,False,True,29.648479876903767,107,59.99785047027138,2601.232,in_progress,0.0,0
382,187.0,-4.599286935145082,0.9938578606571082,-21.208394416129465,-30.0,1.8160889765782442,[-30.0 1.8160889765782442],2.128082232033163,False,True,29.780610296092224,107,59.99785047027138,2601.279,in_progress,0.0,0
382,188.0,-4.570876629081999,0.9649147688698738,-16.948397115411424,-19.037700535727456,0.5,[-19.037700535727456 0.5],1.8402194985313547,False,True,29.847707669078684,107,59.99785047027138,2601.359,in_progress,0.0,0
382,189.0,-4.517969921075494,0.9286976506406945,-10.805979243842815,-30.0,4.0,[-30.0 4.0],2.6139055343322877,False,True,29.949277411194053,107,59.99785047027138,2601.435,in_progress,0.0,0
382,190.0,-4.4588046033201305,0.8917870580452819,-10.85266492113371,-26.546099186522216,2.554386492906857,[-26.546099186522216 2.554386492906857],2.2999849832915946,False,True,30.05811403266465,108,59.99785047027138,2601.469,in_progress,0.0,0
382,191.0,-4.430720870575204,0.8709239750704015,-12.558649070638424,-19.459536270948004,1.6691764513381178,[-19.459536270948004 1.6691764513381178],2.1063136089644785,False,True,30.114195492122807,108,59.99785047027138,2601.567,in_progress,0.0,0
382,192.0,-4.340003428939795,0.791630471397062,-23.22201572032654,-30.0,0.5,[-30.0 0.5],1.859113943388836,False,True,30.325098012400765,108,59.99785047027138,2601.61,in_progress,0.0,0
382,193.0,-4.304376109373641,0.7493295822633212,-29.129075431563766,-30.0,4.0,[-30.0 4.0],2.6322859441526685,False,True,30.417275694847678,108,59.99785047027138,2601.689,in_progress,0.0,0
382,194.0,-4.243535448697148,0.6555361884008721,-40.64337980086641,-18.239365593379112,2.0235200975807626,[-18.239365593379112 2.0235200975807626],2.2059823794750772,False,True,30.602277345046826,109,59.99785047027138,2601.764,in_progress,0.0,0
382,195.0,-4.201121631548678,0.5534193869660408,-52.58051702641254,-30.0,0.5,[-30.0 0.5],1.8792094252121545,False,True,30.785249231319444,109,59.99785047027138,2601.807,in_progress,0.0,0
382,196.0,-4.182967736045764,0.48806835635280615,-60.22033868391458,-30.0,1.7167587101481048,[-30.0 1.7167587101481048],2.150632498564409,False,True,30.887007403552335,109,59.99785047027138,2601.892,in_progress,0.0,0
382,197.0,-4.163197027777898,0.36923902535618397,-72.88989208774332,10.15049030946087,0.5,[10.15049030946087 0.5],2.5781286435775077,False,True,31.05745939459603,110,59.99785047027138,2601.955,in_progress,0.0,0
382,198.0,-4.149909876635711,0.27575365113063866,-82.15004913950465,-3.9833784310288998,0.5,[-3.9833784310288998 0.5],2.5855679037318566,False,True,31.189061315485166,110,59.99785047027138,2602.0,in_progress,0.0,0
382,199.0,-4.141127413800014,0.23809707048353448,-84.49813766788262,30.0,0.5,[30.0 0.5],2.0697409523875936,False,True,31.245848595955017,110,59.99785047027138,2602.076,in_progress,0.0,0
382,200.0,-4.12193541467196,0.15802534430396784,-87.03163385984998,9.012186595781706,0.9849751820104392,[9.012186595781706 0.9849751820104392],2.7387644706179364,False,True,31.36000351973025,110,59.99785047027138,2602.152,in_progress,0.0,0
382,201.0,-4.097189056315926,0.08737333433884445,-84.68067810308887,30.0,0.5,[30.0 0.5],2.07929524713674,False,True,31.470868314378297,110,59.99785047027138,2602.217,in_progress,0.0,0
382,202.0,-4.071012860782914,0.02645880230308595,-80.14466408649656,30.0,1.9756060461009273,[30.0 1.9756060461009273],2.2344108948537493,False,True,31.572316422091575,111,59.99785047027138,2602.287,in_progress,0.0,0
382,203.0,-4.037509015979363,-0.03175584156926717,-74.81414224951006,21.44535400434242,1.2188791327678592,[21.44535400434242 1.2188791327678592],2.0720242026795295,False,True,31.679549058884515,111,59.99785047027138,2602.349,in_progress,0.0,0
382,204.0,-3.9863132017480214,-0.08686086411478261,-66.88569620359077,30.0,0.5,[30.0 0.5],1.9171443721270138,False,True,31.772263832421764,111,59.99785047027138,2602.424,in_progress,0.0,0
382,205.0,-3.926534813227456,-0.13964228755258123,-59.0799137455566,30.0,0.9027075606434584,[30.0 0.9027075606434584],2.011166303898106,False,True,31.90273000296038,111,59.99785047027138,2602.491,in_progress,0.0,0
382,206.0,-3.871353426203826,-0.17383650957821672,-52.27713011729795,30.0,0.5,[30.0 0.5],1.9267277914968224,False,True,32.01078080012276,111,59.99785047027138,2602.559,in_progress,0.0,0
382,207.0,-3.8130091070693846,-0.19899482361744877,-44.758267496082574,30.0,3.5584426051089286,[30.0 3.5584426051089286],2.603506421097263,False,True,32.114569367235916,112,59.99785047027138,2602.636,in_progress,0.0,0
382,208.0,-3.7290163216180536,-0.22614147469165669,-35.52675984381552,26.007026624650983,4.0,[26.007026624650983 4.0],2.706671869014871,False,True,32.25535828186109,112,59.99785047027138,2602.679,in_progress,0.0,0
382,209.0,-3.690863020334872,-0.23188688762562232,-31.11649950260173,19.72813351120392,0.5,[19.72813351120392 0.5],2.1127545724165087,False,True,32.29000464563787,112,59.99785047027138,2602.764,in_progress,0.0,0
382,210.0,-3.5878696560580163,-0.23497913372681203,-18.600874725340134,-30.0,2.2252286169006155,[-30.0 2.2252286169006155],2.53421328579155,False,True,32.44414407612006,112,59.99785047027138,2602.811,in_progress,0.0,0
382,211.0,-3.5355906784327455,-0.22911032146206656,-12.498501374373106,17.247582779645697,2.027512965799433,[17.247582779645697 2.027512965799433],2.4893432381810787,False,True,32.519983669922915,112,59.99785047027138,2602.887,in_progress,0.0,0
382,212.0,-3.43748538581071,-0.2059140739871701,-2.538262395773943,-6.6336503961748186,1.253226643576633,[-6.6336503961748186 1.253226643576633],2.8871168981925215,False,True,32.65413411419171,113,59.99785047027138,2602.964,in_progress,0.0,0
382,213.0,-3.34917653039814,-0.17620937669814812,5.56871755708947,-6.148103138065554,2.9171142245247874,[-6.148103138065554 2.9171142245247874],3.1098158135097558,False,True,32.76897226130085,113,59.99785047027138,2603.017,in_progress,0.0,0
382,214.0,-3.2716160231515734,-0.1601444838456385,7.516235221472799,-26.32370596168053,4.0,[-26.32370596168053 4.0],2.732918946686052,False,True,32.92376640805794,113,59.99785047027138,2603.101,in_progress,0.0,0
382,215.0,-3.1386862425091735,-0.15450974781134702,4.7704485330837105,2.760694183096554,2.2425210014627552,[2.760694183096554 2.2425210014627552],2.945577832837021,False,True,33.13827828760927,114,59.99785047027138,2603.127,in_progress,0.0,0
382,216.0,-3.074007300639893,-0.1584890651420651,2.0519028289069645,-27.765350279025167,3.200315224815989,[-27.765350279025167 3.200315224815989],2.571306370891696,False,True,33.24503065726802,114,59.99785047027138,2603.216,in_progress,0.0,0
382,217.0,-2.9001387997056183,-0.18185568831946594,-5.59246945888445,-22.17800000534467,0.5,[-22.17800000534467 0.5],1.9944375934555953,False,True,33.58464644974818,115,59.99785047027138,2603.301,in_progress,0.0,0
382,218.0,-2.7602685803456097,-0.22186165849756512,-14.781639959491226,-5.4959776090497705,3.709180379362741,[-5.4959776090497705 3.709180379362741],3.3898191422807655,False,True,33.82111461794503,115,59.99785047027138,2603.324,in_progress,0.0,0
382,219.0,-2.707206555442178,-0.24066131445276043,-17.851822231855756,30.0,3.160217825127377,[30.0 3.160217825127377],2.59529570608324,False,True,33.929424724200295,115,59.99785047027138,2603.434,in_progress,0.0,0
382,220.0,-2.5340985231517124,-0.2757100323176888,-16.909542952614384,-22.284323629788666,1.8509874246545606,[-22.284323629788666 1.8509874246545606],2.5324785723279004,False,True,34.21570221536092,116,59.99785047027138,2603.472,in_progress,0.0,0
382,221.0,-2.4486103332562186,-0.2821523020178627,-12.778436095814431,30.0,4.0,[30.0 4.0],3.0552471083113066,False,True,34.36353856716239,116,59.99785047027138,2603.56,in_progress,0.0,0
382,222.0,-2.261077616072322,-0.2933887182167549,-5.446062250541827,30.0,2.2473658661724754,[30.0 2.2473658661724754],2.651589788547911,False,True,34.6750222091161,117,59.99785047027138,2603.625,in_progress,0.0,0
382,223.0,-2.11655134974078,-0.2738303937052814,3.4996415286976164,30.0,4.0,[30.0 4.0],3.085436591734501,False,True,34.92501441817255,118,59.99785047027138,2603.699,in_progress,0.0,0
382,224.0,-1.9463117924612576,-0.22683211352201071,14.787301216948673,30.0,1.8901649348074523,[30.0 1.8901649348074523],2.5951456895097764,False,True,35.22213988743401,120,59.99785047027138,2603.736,in_progress,0.0,0
382,225.0,-1.8701441110477766,-0.19736602868677905,20.419318288929173,7.332186332760266,0.8493936837228345,[7.332186332760266 0.8493936837228345],2.940172849478349,False,True,35.36656015301275,120,59.99785047027138,2603.805,in_progress,0.0,0
382,226.0,-1.7204422937925599,-0.12916848390225133,32.82029436281151,28.006481920428932,3.1656891149794193,[28.006481920428932 3.1656891149794193],2.9233336357212374,False,True,35.651131847026875,122,59.99785047027138,2603.887,in_progress,0.0,0
382,227.0,-1.585712435089253,-0.04573612586724203,44.556893469894874,21.649608775474142,4.0,[21.649608775474142 4.0],3.1385980777406752,False,True,35.931739129403496,123,59.99785047027138,2603.948,in_progress,0.0,0
382,228.0,-1.4803794408388748,0.05242849729543769,57.65373495077271,-30.0,1.0564008558503626,[-30.0 1.0564008558503626],2.445403096271248,False,True,36.18350043314445,124,59.99785047027138,2603.995,in_progress,0.0,0
382,229.0,-1.4319868771816437,0.11051477433160746,66.56507221997764,30.0,0.5,[30.0 0.5],2.317490196820029,False,True,36.30910526354933,125,59.99785047027138,2604.092,in_progress,0.0,0
382,230.0,-1.3244494621769363,0.22214511444422883,83.06874796998474,9.37779559965442,2.07635916141113,[9.37779559965442 2.07635916141113],3.38659975577218,False,True,36.564310062862674,125,59.99785047027138,2604.134,in_progress,0.0,0
382,231.0,-1.288705591096003,0.2594174350301729,87.51312400054118,-17.716351633797466,3.530728500525502,[-17.716351633797466 3.530728500525502],3.0614344976003793,False,True,36.6482477549963,126,59.99785047027138,2604.22,in_progress,0.0,0
382,232.0,-1.2162190115120304,0.36661530974916523,97.8020759310303,-11.839244630059007,1.5119942407031375,[-11.839244630059007 1.5119942407031375],3.2345458058307694,False,True,36.857837049682594,126,59.99785047027138,2604.288,in_progress,0.0,0
382,233.0,-1.1805702758912542,0.4535012784447302,105.447630959528,-30.0,2.3165092051928617,[-30.0 2.3165092051928617],2.7882094549664327,False,True,37.014303819339155,127,59.99785047027138,2604.357,in_progress,0.0,0
382,234.0,-1.1505721861680134,0.5651551872792882,111.81381393414216,-30.0,2.871643698544991,[-30.0 2.871643698544991],2.9309650606836484,False,True,37.20452575301694,127,59.99785047027138,2604.406,in_progress,0.0,0
382,235.0,-1.1398479913761073,0.6383093733109921,114.45938798186104,-30.0,1.7515611248384575,[-30.0 1.7515611248384575],2.6673728792389912,False,True,37.32344998518803,127,59.99785047027138,2604.496,in_progress,0.0,0
382,236.0,-1.1326116345800752,0.7857828626035139,119.04720926283407,-30.0,2.605448875578794,[-30.0 2.605448875578794],2.8842293414693234,False,True,37.55362106378421,128,59.99785047027138,2604.555,in_progress,0.0,0
382,237.0,-1.1339046451875365,0.9109984465995926,119.1409556913239,-30.0,4.0,[-30.0 4.0],2.9591088586464784,False,True,37.73855310843973,128,59.99785047027138,2604.607,in_progress,0.0,0
382,238.0,-1.1344228855888374,1.0097498234282147,116.07698020481538,16.802448088097968,2.29667415001466,[16.802448088097968 2.29667415001466],2.5907999398528907,False,True,37.88705220561492,129,59.99785047027138,2604.706,in_progress,0.0,0
382,239.0,-1.1480905070824932,1.214965526299464,107.63520406587854,30.0,1.3480717423226365,[30.0 1.3480717423226365],2.178983252672551,False,True,38.18737808416047,129,59.99785047027138,2604.757,in_progress,0.0,0
382,240.0,-1.1658387376963524,1.3041560815436108,105.28187191451741,30.0,1.925735615493596,[30.0 1.925735615493596],2.2990254758198554,False,True,38.30935905363736,129,59.99785047027138,2604.821,in_progress,0.0,0
382,241.0,-1.2049823299590678,1.4374817774308442,105.99480521098295,-30.0,0.9938580874612942,[-30.0 0.9938580874612942],1.9209578455506755,False,True,38.482764786694,130,59.99785047027138,2604.901,in_progress,0.0,0
382,242.0,-1.2479148399531095,1.5544051443777975,108.49045745737375,20.61756751671178,0.5,[20.61756751671178 0.5],0.9633422743494159,False,False,38.62907139717955,130,59.99785047027138,2604.929,in_progress,0.0,0
382,243.0,-1.2727477678670087,1.627606450867558,108.63554879379238,30.0,0.8952610529699991,[30.0 0.8952610529699991],0.9648747440736383,False,False,38.721946966113116,130,59.99785047027138,2605.029,in_progress,0.0,0
382,244.0,-1.3202877561654645,1.733695624276183,111.02571454242255,-8.654811226601261,1.6857770124265823,[-8.654811226601261 1.6857770124265823],1.2090565135298907,False,False,38.848373221616164,130,59.99785047027138,2605.075,in_progress,0.0,0
382,245.0,-1.3473769418475543,1.7851330966012702,112.64671757339688,19.90416757903583,2.736774102722597,[19.90416757903583 2.736774102722597],0.9679255583229328,True,False,38.90681165807867,131,59.99785047027138,2605.167,off_track,0.0,0
383,1.0,-7.083078588186419,0.5823728471241549,158.00761508631797,18.63027643378095,2.999458003175102,[18.63027643378095 2.999458003175102],0.0,False,True,0.23327708548031567,41,59.99785047027138,2605.323,prepare,0.0,0
383,2.0,-7.083090460850466,0.5823445281207489,158.02142514154437,-0.04607258418998583,3.9191207000809856,[-0.04607258418998583 3.9191207000809856],1.4696677556180677,False,True,0.23327900443950167,41,59.99785047027138,2605.413,in_progress,0.0,0
383,3.0,-7.100970535346673,0.5863539151495081,158.71128491976458,30.0,4.0,[30.0 4.0],1.1623880579351507,False,True,0.2635261171030606,41,59.99785047027138,2605.482,in_progress,0.0,0
383,4.0,-7.132607017062052,0.5867483922900807,161.31398067566155,-30.0,3.5055261582567163,[-30.0 3.5055261582567163],1.0367107948396639,False,True,0.3131162129135445,41,59.99785047027138,2605.546,in_progress,0.0,0
383,5.0,-7.174276765206175,0.5850288605881585,164.6850960417944,-15.744130475744473,1.1377066055038325,[-15.744130475744473 1.1377066055038325],0.4712549095342559,False,True,0.37538887161616685,41,59.99785047027138,2605.614,in_progress,0.0,0
383,6.0,-7.221551674180371,0.6051476627822249,163.3127039124041,-9.937513896093801,3.070782354383917,[-9.937513896093801 3.070782354383917],1.1859925326753182,False,True,0.46102109067686636,41,59.99785047027138,2605.684,in_progress,0.0,0
383,7.0,-7.276868093348452,0.6403238134544759,159.2499390455885,-30.0,0.6736423643157459,[-30.0 0.6736423643157459],0.39372282959608945,False,True,0.5687467209811531,41,59.99785047027138,2605.748,in_progress,0.0,0
383,8.0,-7.331322813632621,0.6830176075574136,154.65344582651804,-30.0,1.2144166131434406,[-30.0 1.2144166131434406],0.5417044930162102,False,True,0.6800122441896317,42,59.99785047027138,2605.813,in_progress,0.0,0
383,9.0,-7.375254314574507,0.7274903882823038,149.7290961061279,-30.0,3.7088139021808093,[-30.0 3.7088139021808093],1.1509402151492578,False,True,0.7762645197198326,42,59.99785047027138,2605.889,in_progress,0.0,0
383,10.0,-7.431015328973616,0.8054573596047842,141.03067814978317,-30.0,0.5,[-30.0 0.5],0.4078848780197671,False,True,0.9292058856271823,42,59.99785047027138,2605.961,in_progress,0.0,0
383,11.0,-7.462796457785506,0.8823929334858361,130.90697234743132,20.51777386539915,4.0,[20.51777386539915 4.0],1.1545618902409434,False,True,1.0400071600035727,42,59.99785047027138,2606.028,in_progress,0.0,0
383,12.0,-7.486598250322655,0.9533911455964944,124.41642669783342,-11.914712699554677,1.2522650777464963,[-11.914712699554677 1.2522650777464963],0.6947048313693565,False,True,1.1343250697030904,43,59.99785047027138,2606.09,in_progress,0.0,0
383,13.0,-7.511260339274397,1.0225042253831744,120.33306668945649,-29.34550163520054,0.5,[-29.34550163520054 0.5],0.39566295981696104,False,True,1.228280539753518,43,59.99785047027138,2606.159,in_progress,0.0,0
383,14.0,-7.530001570916629,1.0949695588586679,115.73563073021363,-23.61722946749257,0.5,[-23.61722946749257 0.5],0.36331561162996623,False,True,1.316578058149831,43,59.99785047027138,2606.21,in_progress,0.0,0
383,15.0,-7.53698795919639,1.1349960794635332,113.11197716274954,30.0,0.5,[30.0 0.5],0.3767456920540464,False,True,1.456556273968665,43,59.99785047027138,2606.296,in_progress,0.0,0
383,16.0,-7.554278909734126,1.2082746350342124,110.35231282311848,18.31990726815743,4.0,[18.31990726815743 4.0],1.0824573302724314,False,True,1.5590177320231602,43,59.99785047027138,2606.341,in_progress,0.0,0
383,17.0,-7.566108974546048,1.2412243075252627,110.1801499117997,30.0,2.5856517670237045,[30.0 2.5856517670237045],0.7962238573852671,False,True,1.610154830656882,43,59.99785047027138,2606.447,in_progress,0.0,0
383,18.0,-7.638963301805368,1.3247191929168622,118.57511298448877,30.0,0.5,[30.0 0.5],0.2982531562167992,False,True,1.7932942937086027,44,59.99785047027138,2606.48,in_progress,0.0,0
383,19.0,-7.678298745166262,1.3495513053943777,124.45746587476827,30.0,0.5,[30.0 0.5],0.41905726730330967,False,True,1.994107920645685,44,59.99785047027138,2606.567,in_progress,0.0,0
383,20.0,-7.73723839643108,1.3752328789487145,132.48621191947942,-5.849024624197838,1.3440161200436413,[-5.849024624197838 1.3440161200436413],0.7385624404944369,False,True,2.087339906210878,44,59.99785047027138,2606.608,in_progress,0.0,0
383,21.0,-7.7704100451958045,1.3881143808264031,136.31168508860648,-7.583964162668188,0.694105670576474,[-7.583964162668188 0.694105670576474],0.5719190352425793,False,True,2.1377164846746677,44,59.99785047027138,2606.695,in_progress,0.0,0
383,22.0,-7.8234201595886095,1.4331247566721108,137.39501941604044,-30.0,1.2617786570140348,[-30.0 1.2617786570140348],0.5772490853894607,False,True,2.2507672113533244,45,59.99785047027138,2606.738,in_progress,0.0,0
383,23.0,-7.84323500015738,1.4536650437832448,136.9801539829311,-30.0,0.5,[-30.0 0.5],0.42171663859114283,False,True,2.2979759899367345,45,59.99785047027138,2606.827,in_progress,0.0,0
383,24.0,-7.870048215737755,1.5107477211440135,131.5480611009436,30.0,3.405807318383085,[30.0 3.405807318383085],1.0211353968797678,False,True,2.4998083323761078,45,59.99785047027138,2606.891,in_progress,0.0,0
383,25.0,-7.887390039987323,1.5561256542598398,127.82017268066984,22.079211340631858,1.4973810291017298,[22.079211340631858 1.4973810291017298],0.6408924605851183,False,True,2.5804716929895584,45,59.99785047027138,2606.958,in_progress,0.0,0
383,26.0,-7.928147682348032,1.5969188657071622,128.9749519440675,1.1337405385005503,0.9889318721412572,[1.1337405385005503 0.9889318721412572],0.6776085818816286,False,True,2.671296913528848,45,59.99785047027138,2607.027,in_progress,0.0,0
383,27.0,-7.9834752847578505,1.6487367832281277,131.1584942014796,-21.50565867090741,0.5,[-21.50565867090741 0.5],0.4506491809480365,False,True,2.78925484845029,46,59.99785047027138,2607.069,in_progress,0.0,0
383,28.0,-8.003432391577576,1.669884731498856,131.4633248373092,-15.07913078234238,0.5,[-15.07913078234238 0.5],0.4480805092161214,False,True,2.8354872941762697,46,59.99785047027138,2607.16,in_progress,0.0,0
383,29.0,-8.040722017131074,1.7361899444726439,127.85913280791958,-30.0,0.5,[-30.0 0.5],0.46392179128767197,False,True,3.0326815940639325,46,59.99785047027138,2607.229,in_progress,0.0,0
383,30.0,-8.062022184160206,1.7877386941325268,124.40138656935687,-30.0,1.9723388905108652,[-30.0 1.9723388905108652],0.7614126780054364,False,True,3.1250801914838364,46,59.99785047027138,2607.272,in_progress,0.0,0
383,31.0,-8.071226798446709,1.822121916331353,121.58607617007583,-24.291181338441227,0.684448858401009,[-24.291181338441227 0.684448858401009],0.5030950557442063,False,True,3.1843937744696045,46,59.99785047027138,2607.36,in_progress,0.0,0
383,32.0,-8.07976717343679,1.9013306199868663,113.96811610166495,-30.0,0.5,[-30.0 0.5],0.47371007169673685,False,True,3.3151699908581493,47,59.99785047027138,2607.402,in_progress,0.0,0
383,33.0,-8.077990599212196,1.9305346709696547,110.54538001337212,-30.0,0.5,[-30.0 0.5],0.4716987808290536,False,True,3.3611059968584627,47,59.99785047027138,2607.488,in_progress,0.0,0
383,34.0,-8.067976897147147,1.9910538938928197,102.9597251654403,15.84923070505041,0.5,[15.84923070505041 0.5],0.48268669042365087,False,True,3.524745832849416,47,59.99785047027138,2607.564,in_progress,0.0,0
383,35.0,-8.06721686321638,2.041138808458674,100.23272676394187,-9.413001700866122,1.8084743505460832,[-9.413001700866122 1.8084743505460832],0.9330923398712954,False,True,3.6073031417608092,47,59.99785047027138,2607.596,in_progress,0.0,0
383,36.0,-8.072942894244832,2.0620742238515013,100.59122678557739,-30.0,0.7190569074380218,[-30.0 0.7190569074380218],0.5258508752666593,False,True,3.643160121088926,47,59.99785047027138,2607.686,in_progress,0.0,0
383,37.0,-8.075157433849444,2.1249213137027017,98.40352819155096,-13.057703539414494,3.062217180541384,[-13.057703539414494 3.062217180541384],1.248779484174424,False,True,3.747460649690809,48,59.99785047027138,2607.761,in_progress,0.0,0
383,38.0,-8.067244327253718,2.19069241995891,94.47004784578826,-25.55855289406374,0.5,[-25.55855289406374 0.5],0.4913629138678312,False,True,3.8543317274862154,48,59.99785047027138,2607.794,in_progress,0.0,0
383,39.0,-8.06138075792018,2.2338863825706348,92.23219151492322,19.951174470610518,0.5073060344779817,[19.951174470610518 0.5073060344779817],0.49389806713437895,False,True,3.924368602387826,48,59.99785047027138,2607.896,in_progress,0.0,0
383,40.0,-8.057093466572843,2.3112615803021206,90.75564661341302,8.254414233527136,0.8904852111226493,[8.254414233527136 0.8904852111226493],0.7306065464907723,False,True,4.124236632101883,48,59.99785047027138,2607.942,in_progress,0.0,0
383,41.0,-8.067460109119736,2.3484327240657694,93.09947959428649,-8.424599463325048,3.682897652222224,[-8.424599463325048 3.682897652222224],1.4290592085770113,False,True,4.18628655135316,48,59.99785047027138,2608.023,in_progress,0.0,0
383,42.0,-8.08875532029457,2.4176310330014488,97.0526354120162,10.541565854850063,1.5750473843839696,[10.541565854850063 1.5750473843839696],0.9089796030274219,False,True,4.301818164670188,49,59.99785047027138,2608.097,in_progress,0.0,0
383,43.0,-8.119597339174172,2.489405054329888,101.85886437549229,-18.88996433491029,1.5302305727942673,[-18.88996433491029 1.5302305727942673],0.7241007603901048,False,True,4.421731830907466,49,59.99785047027138,2608.135,in_progress,0.0,0
383,44.0,-8.136685139404989,2.5333794748083274,103.5898862633611,-30.0,0.9880184665131209,[-30.0 0.9880184665131209],0.6171541542524395,False,True,4.4951835101765925,49,59.99785047027138,2608.222,in_progress,0.0,0
383,45.0,-8.155864296013462,2.6344889001107727,102.48859565861166,-30.0,0.5,[-30.0 0.5],0.5344509182091728,False,True,4.7133826032127235,49,59.99785047027138,2608.296,in_progress,0.0,0
383,46.0,-8.154548213423773,2.7083825667164034,98.4095406037682,-30.0,0.7134813205562195,[-30.0 0.7134813205562195],0.6413795462280447,False,True,4.835905229007389,50,59.99785047027138,2608.335,in_progress,0.0,0
383,47.0,-8.151035351312382,2.746491875011367,96.08916084241893,-30.0,1.489988265304864,[-30.0 1.489988265304864],0.8128642543854339,False,True,4.899665010286503,50,59.99785047027138,2608.426,in_progress,0.0,0
383,48.0,-8.127131551358996,2.8375427162219493,88.77156780569861,-30.0,0.5,[-30.0 0.5],0.5545605866040706,False,True,5.1085937485319866,50,59.99785047027138,2608.49,in_progress,0.0,0
383,49.0,-8.093795937390153,2.897678598067078,81.36583261129374,-2.6349335796913174,0.5,[-2.6349335796913174 0.5],0.6991706459310174,False,True,5.219733144827432,50,59.99785047027138,2608.561,in_progress,0.0,0
383,50.0,-8.061272718624505,2.948388666518966,75.54622079981011,-23.321931096365113,0.5,[-23.321931096365113 0.5],0.5627473915589336,False,True,5.315341659798562,50,59.99785047027138,2608.613,in_progress,0.0,0
383,51.0,-8.037632554251495,2.985774333743091,72.21908464962532,-30.0,0.5,[-30.0 0.5],0.5639973880459775,False,True,5.385683968390811,51,59.99785047027138,2608.695,in_progress,0.0,0
383,52.0,-7.9949598364628764,3.024611946567346,65.51502394480212,-30.0,4.0,[-30.0 4.0],1.2662008135447633,False,True,5.466513964131073,51,59.99785047027138,2608.738,in_progress,0.0,0
383,53.0,-7.965155790821791,3.0504228317868782,61.52528969793483,5.475210983460279,0.5,[5.475210983460279 0.5],0.7077564710750738,False,True,5.520850778605962,51,59.99785047027138,2608.813,in_progress,0.0,0
383,54.0,-7.938333926881487,3.090240574776661,58.94692250125587,-18.741918712206633,2.5232694617674247,[-18.741918712206633 2.5232694617674247],0.9802382485012295,False,True,5.686334693070857,51,59.99785047027138,2608.886,in_progress,0.0,0
383,55.0,-7.907407457847917,3.1328548798625406,57.807618298448716,-16.664173340217268,0.5,[-16.664173340217268 0.5],0.578262021903463,False,True,5.772127850559036,51,59.99785047027138,2608.957,in_progress,0.0,0
383,56.0,-7.872678258651974,3.1614180445370073,54.646797262925205,30.0,2.232013148514033,[30.0 2.232013148514033],0.4794172009990654,False,True,5.8390556531937445,51,59.99785047027138,2609.03,in_progress,0.0,0
383,57.0,-7.836227748104091,3.201879672218077,53.48082983571209,30.0,1.5818630738367632,[30.0 1.5818630738367632],0.24109778482597718,False,False,5.925284542333337,52,59.99785047027138,2609.077,in_progress,0.0,0
383,58.0,-7.818820597194694,3.2438797840683593,56.06477699557125,30.0,1.2832674225184433,[30.0 1.2832674225184433],0.24207591915987847,False,False,6.001041693459172,52,59.99785047027138,2609.166,in_progress,0.0,0
383,59.0,-7.804715489678106,3.335848001925874,64.74910292061868,10.623467155271207,0.5646414393463697,[10.623467155271207 0.5646414393463697],0.7666906577329478,False,True,6.255302978963553,52,59.99785047027138,2609.212,in_progress,0.0,0
383,60.0,-7.804208527658279,3.3902301397394634,70.18607481580267,-30.0,4.0,[-30.0 4.0],1.3023395840587344,False,True,6.331139385864212,52,59.99785047027138,2609.295,in_progress,0.0,0
383,61.0,-7.790615039249906,3.4797307401978808,74.02615632538671,11.56972736695404,0.927612538365514,[11.56972736695404 0.927612538365514],0.8682475302434831,False,True,6.467762709906638,53,59.99785047027138,2609.342,in_progress,0.0,0
383,62.0,-7.76978554669892,3.5295119985355203,72.58900815813007,-30.0,0.5271372309361894,[-30.0 0.5271372309361894],0.6174229355567469,False,True,6.55603980290225,53,59.99785047027138,2609.432,in_progress,0.0,0
383,63.0,-7.73681562426049,3.6082968161103,70.90515151010948,-30.0,1.4746415956818986,[-30.0 1.4746415956818986],0.819418017098311,False,True,6.767609005960404,53,59.99785047027138,2609.468,in_progress,0.0,0
383,64.0,-7.718999579734169,3.635786344039347,69.01429456215344,-30.0,0.5,[-30.0 0.5],0.6247162682375498,False,True,6.821311487088147,53,59.99785047027138,2609.563,in_progress,0.0,0
383,65.0,-7.663358426158086,3.699423996510846,62.48309522203297,-20.581983457129795,0.5,[-20.581983457129795 0.5],0.631651404900055,False,True,6.9621017308340525,54,59.99785047027138,2609.612,in_progress,0.0,0
383,66.0,-7.6344477098332195,3.7190094016876376,58.432287763489754,-30.0,1.1975020736717845,[-30.0 1.1975020736717845],0.771680848951458,False,True,7.0189151756979875,54,59.99785047027138,2609.705,in_progress,0.0,0
383,67.0,-7.580635384480578,3.752641010811472,51.97937440699644,-30.0,4.0,[-30.0 4.0],1.336187589172737,False,True,7.121241418700411,54,59.99785047027138,2609.741,in_progress,0.0,0
383,68.0,-7.540615100761969,3.7688678336849764,46.650134129232164,-2.6589410464359773,1.4307511646335123,[-2.6589410464359773 1.4307511646335123],1.0360770202923257,False,True,7.257187102363161,54,59.99785047027138,2609.825,in_progress,0.0,0
383,69.0,-7.464035364228151,3.804590081127569,38.6851162750154,-26.082614254391245,2.1756561249651707,[-26.082614254391245 2.1756561249651707],0.9844277184678024,False,True,7.394375873698802,54,59.99785047027138,2609.881,in_progress,0.0,0
383,70.0,-7.409361712170974,3.830028639379156,35.22330986159331,-0.10389863135346644,2.4977109813214327,[-0.10389863135346644 2.4977109813214327],1.3156145608284935,False,True,7.492254030590476,55,59.99785047027138,2609.947,in_progress,0.0,0
383,71.0,-7.300241971400287,3.8778726625278326,30.351977509574173,-30.0,2.898869431130541,[-30.0 2.898869431130541],1.149711804821226,False,True,7.771880708115242,55,59.99785047027138,2610.007,in_progress,0.0,0
383,72.0,-7.239225718990869,3.9016508026302494,27.925983978348455,16.078852251265857,0.5,[16.078852251265857 0.5],0.6742660084797887,False,True,7.879965905831687,55,59.99785047027138,2610.096,in_progress,0.0,0
383,73.0,-7.112231201868922,3.948648494888472,22.87710467174358,30.0,0.5,[30.0 0.5],0.5869123166389413,False,True,8.102893923746576,56,59.99785047027138,2610.16,in_progress,0.0,0
383,74.0,-7.044614676311503,3.993740353522347,25.544253286598906,26.247059842507525,1.2576209007274466,[26.247059842507525 1.2576209007274466],0.8507178505175625,False,True,8.32213431072324,56,59.99785047027138,2610.232,in_progress,0.0,0
383,75.0,-6.978870661427526,4.046201722727893,29.77083246115128,7.014914087475432,0.7230503508464722,[7.014914087475432 0.7230503508464722],0.9373491740468232,False,True,8.455967729628764,56,59.99785047027138,2610.274,in_progress,0.0,0
383,76.0,-6.946308102363788,4.078819953242803,32.68231844053437,-8.618171131263757,0.5,[-8.618171131263757 0.5],0.8835054898767891,False,True,8.526266090585805,57,59.99785047027138,2610.367,in_progress,0.0,0
383,77.0,-6.875281075538441,4.136385706072364,35.00924429644899,19.780941108048218,0.5,[19.780941108048218 0.5],0.7136676976439831,False,True,8.671391379751933,57,59.99785047027138,2610.409,in_progress,0.0,0
383,78.0,-6.848519345286109,4.153554987203842,34.8328089869432,-22.68356454207139,2.9510688840991888,[-22.68356454207139 2.9510688840991888],1.2090476462255244,False,True,8.792783396231876,57,59.99785047027138,2610.494,in_progress,0.0,0
383,79.0,-6.785275421206052,4.187184036571746,32.73578783357276,5.158396104461694,2.6201943555720293,[5.158396104461694 2.6201943555720293],1.4344953682770147,False,True,8.907963192960086,57,59.99785047027138,2610.555,in_progress,0.0,0
383,80.0,-6.724737466666247,4.211179729914925,29.915610094903748,-30.0,3.3824744842330485,[-30.0 3.3824744842330485],1.3042200207297063,False,True,9.015201247257238,58,59.99785047027138,2610.636,in_progress,0.0,0
383,81.0,-6.627126232597266,4.248657184129574,26.43861680776441,-30.0,1.5633165900396244,[-30.0 1.5633165900396244],0.9490772173991225,False,True,9.18766544895743,58,59.99785047027138,2610.678,in_progress,0.0,0
383,82.0,-6.567299073807369,4.2584217046598996,22.330191842098774,-30.0,1.2378772585797395,[-30.0 1.2378772585797395],0.8911970798048792,False,True,9.33926488310862,58,59.99785047027138,2610.755,in_progress,0.0,0
383,83.0,-6.459905061775124,4.264599575938896,14.928730320648057,-29.49370552217709,0.5,[-29.49370552217709 0.5],0.7526927215229539,False,True,9.518435522209742,58,59.99785047027138,2610.817,in_progress,0.0,0
383,84.0,-6.383684593858026,4.25804262822186,8.947400239172472,0.354168932421544,0.7223529769434819,[0.354168932421544 0.7223529769434819],1.003154519095138,False,True,9.643880463867276,59,59.99785047027138,2610.891,in_progress,0.0,0
383,85.0,-6.313281717583799,4.251238434904933,4.990050357727203,11.64344343580246,4.0,[11.64344343580246 4.0],1.828433994119223,False,True,9.759633355377147,59,59.99785047027138,2610.932,in_progress,0.0,0
383,86.0,-6.2679878385475245,4.251654038487387,4.192096544474664,11.212452980761967,3.335475403946929,[11.212452980761967 3.335475403946929],1.6679284918157737,False,True,9.872542687364163,59,59.99785047027138,2611.033,in_progress,0.0,0
383,87.0,-6.147103404859737,4.275844169327489,7.314926701174694,-14.87114555984239,4.0,[-14.87114555984239 4.0],1.847168129668506,False,True,10.074431812274126,60,59.99785047027138,2611.07,in_progress,0.0,0
383,88.0,-6.0944763820916865,4.2874996518882265,8.53027552479577,-15.596099077087043,0.5,[-15.596099077087043 0.5],0.7805344755265974,False,True,10.16234367816563,60,59.99785047027138,2611.161,in_progress,0.0,0
383,89.0,-5.977287433692678,4.28910818109309,5.523811458822639,-19.051458445689917,0.5,[-19.051458445689917 0.5],0.7909482257409576,False,True,10.364223386114363,60,59.99785047027138,2611.225,in_progress,0.0,0
383,90.0,-5.905946336720271,4.279904227872455,1.8874825141888276,14.07336325133965,0.5,[14.07336325133965 0.5],0.9947621331364844,False,True,10.483225710651666,60,59.99785047027138,2611.298,in_progress,0.0,0
383,91.0,-5.838833841495233,4.277814617001098,0.7718964298262345,-2.0182170833322495,3.5431077075296327,[-2.0182170833322495 3.5431077075296327],1.7610246460828725,False,True,10.595103969268777,61,59.99785047027138,2611.343,in_progress,0.0,0
383,92.0,-5.800984250057061,4.282949612034889,1.8747961010311265,-14.50805451680619,2.1546197500655015,[-14.50805451680619 2.1546197500655015],1.4153722892767604,False,True,10.65813251159684,61,59.99785047027138,2611.432,in_progress,0.0,0
383,93.0,-5.70798104566199,4.279784306881966,0.43066017989592614,-22.68334117690013,1.7666999965420884,[-22.68334117690013 1.7666999965420884],1.061948006784979,False,True,10.813174140064408,61,59.99785047027138,2611.468,in_progress,0.0,0
383,94.0,-5.6651930022487385,4.2708300597695725,-1.7552661941484633,21.0241650322587,4.0,[21.0241650322587 4.0],1.510138367979888,False,True,10.881152412595057,61,59.99785047027138,2611.566,in_progress,0.0,0
383,95.0,-5.537118952042715,4.257861260192791,-3.221618606669192,5.065964658639665,0.7441190919773368,[5.065964658639665 0.7441190919773368],1.0874641628438435,False,True,11.094577105840115,61,59.99785047027138,2611.605,in_progress,0.0,0
383,96.0,-5.480748928592231,4.266658776990694,-0.6118357540916189,28.784130273400983,2.806005419336162,[28.784130273400983 2.806005419336162],1.2855736433410756,False,True,11.188557049197895,62,59.99785047027138,2611.684,in_progress,0.0,0
383,97.0,-5.370420939250889,4.294468402937333,5.475129781847429,11.071837964847674,2.6993321337537504,[11.071837964847674 2.6993321337537504],1.75075782333411,False,True,11.372527696441793,62,59.99785047027138,2611.755,in_progress,0.0,0
383,98.0,-5.265358376842265,4.33523278516506,11.92062586267958,-4.129674874802564,0.5,[-4.129674874802564 0.5],1.1575354110738085,False,True,11.547570691401605,62,59.99785047027138,2611.82,in_progress,0.0,0
383,99.0,-5.166649553583664,4.366659949297964,15.649129583138553,-30.0,1.0720341818483596,[-30.0 1.0720341818483596],1.060387698251845,False,True,11.712218440983035,63,59.99785047027138,2611.89,in_progress,0.0,0
383,100.0,-5.076919073035302,4.3946300817888835,17.00471252016111,-30.0,0.5,[-30.0 0.5],0.9419763648412496,False,True,11.861887753947798,63,59.99785047027138,2611.956,in_progress,0.0,0
383,101.0,-5.0018419512422305,4.407423887944271,14.881788383520075,9.738900671472415,4.0,[9.738900671472415 4.0],2.147169620168695,False,True,11.987800365567548,63,59.99785047027138,2612.027,in_progress,0.0,0
383,102.0,-4.917724862875697,4.417050318321344,12.162347141159684,9.841297455471349,0.5,[9.841297455471349 0.5],1.193105091260434,False,True,12.127978181798627,63,59.99785047027138,2612.063,in_progress,0.0,0
383,103.0,-4.883594626120909,4.427500105304839,12.581207871346688,-5.029813363295002,1.0053211776042335,[-5.029813363295002 1.0053211776042335],1.3332638503372933,False,True,12.184839773347827,64,59.99785047027138,2612.147,in_progress,0.0,0
383,104.0,-4.7823108809527755,4.4636738918101635,15.285571863965501,-30.0,3.5707312993131657,[-30.0 3.5707312993131657],1.7887875287667054,False,True,12.353568406289433,64,59.99785047027138,2612.224,in_progress,0.0,0
383,105.0,-4.703853571515457,4.487210000851628,15.521341501577378,-25.868266343298316,2.7958095743050766,[-25.868266343298316 2.7958095743050766],1.6094286612441462,False,True,12.484192083528905,64,59.99785047027138,2612.29,in_progress,0.0,0
383,106.0,-4.603928617907525,4.4910452150806615,10.506233494056115,-7.955596434485322,3.348463130074733,[-7.955596434485322 3.348463130074733],2.1892157865041635,False,True,12.65074078648169,64,59.99785047027138,2612.36,in_progress,0.0,0
383,107.0,-4.492773318135532,4.488974043380115,5.676538982105519,-21.755780689570294,0.5,[-21.755780689570294 0.5],1.0784217539162997,False,True,12.836005632807584,65,59.99785047027138,2612.426,in_progress,0.0,0
383,108.0,-4.3828889026434386,4.4883802323511235,2.854582656138891,-30.0,1.3527131935809575,[-30.0 1.3527131935809575],1.29353268415005,False,True,13.018748203683133,65,59.99785047027138,2612.497,in_progress,0.0,0
383,109.0,-4.271193666411048,4.477220331132403,-0.6911446762558743,-30.0,1.1625596059617052,[-30.0 1.1625596059617052],1.258568038493347,False,True,13.204768460401855,65,59.99785047027138,2612.528,in_progress,0.0,0
383,110.0,-4.220429747817196,4.468524960060365,-2.5824296152998074,-5.730963228794266,0.5,[-5.730963228794266 0.5],1.3783592411691057,False,True,13.289266644227165,66,59.99785047027138,2612.613,in_progress,0.0,0
383,111.0,-4.106564706134897,4.452539256091107,-4.856987063334612,30.0,2.5127247724708393,[30.0 2.5127247724708393],1.596637213549446,False,True,13.478842785068046,66,59.99785047027138,2612.684,in_progress,0.0,0
383,112.0,-4.026792721063089,4.448179993729084,-4.213138916901024,26.461495236238825,0.5,[26.461495236238825 0.5],1.1201695654163166,False,True,13.610207236517796,66,59.99785047027138,2612.759,in_progress,0.0,0
383,113.0,-3.9322094097618727,4.465492112825696,1.1102014661056965,-24.9884412212696,0.5,[-24.9884412212696 0.5],1.1287154333410887,False,True,13.768385943592449,67,59.99785047027138,2612.797,in_progress,0.0,0
383,114.0,-3.9036770363967666,4.472680122693933,2.7658937677899207,2.0275205382288206,0.5,[2.0275205382288206 0.5],1.4114761018847186,False,True,13.816166830165965,67,59.99785047027138,2612.889,in_progress,0.0,0
383,115.0,-3.8234770603525274,4.483313401149357,4.182868162059629,-30.0,0.5,[-30.0 0.5],1.1359564299738558,False,True,13.950159313087983,67,59.99785047027138,2612.962,in_progress,0.0,0
383,116.0,-3.7711178877246225,4.480438637226267,2.5007007939362342,-30.0,1.8118228549401756,[-30.0 1.8118228549401756],1.4542834481893354,False,True,14.038980422720348,67,59.99785047027138,2613.008,in_progress,0.0,0
383,117.0,-3.7402286339763346,4.470560948137982,-0.2288433083540803,-3.6725756779352317,3.5028977586399117,[-3.6725756779352317 3.5028977586399117],2.326176611248801,False,True,14.090473733287052,67,59.99785047027138,2613.097,in_progress,0.0,0
383,118.0,-3.665859304263433,4.446627783386295,-5.321187286576385,30.0,1.0161118896696895,[30.0 1.0161118896696895],1.2701740171712048,False,True,14.214449775885363,67,59.99785047027138,2613.143,in_progress,0.0,0
383,119.0,-3.622462200878682,4.44202975477746,-5.939286751700245,16.61034354029278,3.5312008760531066,[16.61034354029278 3.5312008760531066],1.8761367467922498,False,True,14.286785229715338,68,59.99785047027138,2613.227,in_progress,0.0,0
383,120.0,-3.5225907568803008,4.446412751506965,-2.874540519397416,-12.202902458426284,1.6634230241757662,[-12.202902458426284 1.6634230241757662],1.7962555898045556,False,True,14.453468746663988,68,59.99785047027138,2613.28,in_progress,0.0,0
383,121.0,-3.4466665373075998,4.442218193046272,-2.3561508341446356,6.544551928706653,0.5,[6.544551928706653 0.5],1.4550320919190314,False,True,14.580028865762074,69,59.99785047027138,2613.355,in_progress,0.0,0
383,122.0,-3.3651309542166277,4.441961319587407,-1.7262788105779576,30.0,0.7081388112300513,[30.0 0.7081388112300513],1.2208858567129837,False,True,14.715926988636824,69,59.99785047027138,2613.425,in_progress,0.0,0
383,123.0,-3.3021452406575325,4.450134543957117,0.639115449006739,-16.252321365796842,0.5,[-16.252321365796842 0.5],1.1766982001240052,False,True,14.835889585074346,69,59.99785047027138,2613.483,in_progress,0.0,0
383,124.0,-3.245741337568419,4.459970170519192,2.868006799085284,-23.90728644583988,0.5,[-23.90728644583988 0.5],1.1804318610559494,False,True,14.927250296395684,70,59.99785047027138,2613.555,in_progress,0.0,0
383,125.0,-3.1924390923296277,4.4592984352350635,2.1019465263996433,-8.92311357806815,1.8866575452339527,[-8.92311357806815 1.8866575452339527],1.8959488140715555,False,True,15.015582021789658,70,59.99785047027138,2613.619,in_progress,0.0,0
383,126.0,-3.1474415897652817,4.451896041760023,-0.01580995775500342,-20.149344550291527,1.9358854002887735,[-20.149344550291527 1.9358854002887735],1.5314508531303517,False,True,15.094526665190827,70,59.99785047027138,2613.688,in_progress,0.0,0
383,127.0,-3.084496996509889,4.429350197843434,-5.150863310923227,-5.519691582708578,4.0,[-5.519691582708578 4.0],2.5398506507452634,False,True,15.203979015549091,71,59.99785047027138,2613.763,in_progress,0.0,0
383,128.0,-3.0022848639929895,4.394208483959696,-11.259113900148948,-10.494029784610142,3.027192852677006,[-10.494029784610142 3.027192852677006],2.2600572932345497,False,True,15.378750214167264,71,59.99785047027138,2613.798,in_progress,0.0,0
383,129.0,-2.952284857653722,4.371983550008578,-14.066347597551491,-30.0,3.409455782666949,[-30.0 3.409455782666949],1.9035390536985703,False,True,15.469852693158476,72,59.99785047027138,2613.892,in_progress,0.0,0
383,130.0,-2.8385271786223187,4.295898208223909,-24.263902152636703,-30.0,2.3604532500858024,[-30.0 2.3604532500858024],1.526983820772924,False,True,15.707593747475034,72,59.99785047027138,2613.947,in_progress,0.0,0
383,131.0,-2.753492612846332,4.210348028261196,-34.99576627482156,-21.15209793776661,2.1348988442058285,[-21.15209793776661 2.1348988442058285],1.4911450355575004,False,True,15.960426403628409,73,59.99785047027138,2614.037,in_progress,0.0,0
383,132.0,-2.6681344462484295,4.09575365383004,-47.29131496435994,30.0,3.6446920852908753,[30.0 3.6446920852908753],1.8376331772829109,False,True,16.2225061426067,74,59.99785047027138,2614.083,in_progress,0.0,0
383,133.0,-2.61757680524039,4.020857046967929,-53.61798087190345,9.133559802248804,1.4716020881627596,[9.133559802248804 1.4716020881627596],1.7139018224067235,False,True,16.441828233711643,75,59.99785047027138,2614.161,in_progress,0.0,0
383,134.0,-2.526083719737474,3.9159128029051216,-57.9431064490073,-10.08000385192744,0.5,[-10.08000385192744 0.5],1.4633832324329277,False,True,16.68943928936552,76,59.99785047027138,2614.218,in_progress,0.0,0
383,135.0,-2.4650347103767576,3.839366460494918,-60.3004541097296,-30.0,3.1498448191432957,[-30.0 3.1498448191432957],1.7611686911807134,False,True,16.845499189681075,77,59.99785047027138,2614.297,in_progress,0.0,0
383,136.0,-2.398522349628272,3.7371958824372857,-62.36940186713476,-30.0,0.5,[-30.0 0.5],1.2979903152320846,False,True,17.066907062901393,78,59.99785047027138,2614.331,in_progress,0.0,0
383,137.0,-2.3755589335316305,3.6901188724262575,-64.0799760266854,-30.0,1.7300779643025839,[-30.0 1.7300779643025839],1.5967194005118257,False,True,17.155628692437958,78,59.99785047027138,2614.424,in_progress,0.0,0
383,138.0,-2.3262349950096244,3.542916449984709,-68.50122155696532,-30.0,1.8697437671011172,[-30.0 1.8697437671011172],1.6448559396615268,False,True,17.40581276617032,79,59.99785047027138,2614.496,in_progress,0.0,0
383,139.0,-2.3092795790904477,3.426135821869406,-74.18613042573973,-30.0,3.5062077851878533,[-30.0 3.5062077851878533],2.0480075458655693,False,True,17.59504946238206,80,59.99785047027138,2614.543,in_progress,0.0,0
383,140.0,-2.3066382259651057,3.3399822637202172,-79.11577796108864,-30.0,0.5,[-30.0 0.5],1.3333647199240848,False,True,17.732631168044772,80,59.99785047027138,2614.624,in_progress,0.0,0
383,141.0,-2.326783564825739,3.212711204045349,-91.33906317921698,-30.0,4.0,[-30.0 4.0],2.185477974396725,False,True,17.947387826354678,81,59.99785047027138,2614.683,in_progress,0.0,0
383,142.0,-2.3530112651536617,3.1261501993606045,-101.1505906264662,-30.0,0.5,[-30.0 0.5],1.3523670235078018,False,True,18.085846096224923,82,59.99785047027138,2614.76,in_progress,0.0,0
383,143.0,-2.4010242462820965,3.0368193561955836,-115.5189751315753,-14.593941424164626,0.5,[-14.593941424164626 0.5],1.7011739297301423,False,True,18.249105055648734,82,59.99785047027138,2614.83,in_progress,0.0,0
383,144.0,-2.439130074242146,2.971653019137312,-124.09830379992965,-30.0,3.4320377025239006,[-30.0 3.4320377025239006],2.0705524761783924,False,True,18.373495629881624,83,59.99785047027138,2614.876,in_progress,0.0,0
383,145.0,-2.4652656379750386,2.934902359766772,-126.99505841595821,-30.0,3.4266539114238315,[-30.0 3.4266539114238315],2.0717054474278416,False,True,18.446505083755444,83,59.99785047027138,2614.964,in_progress,0.0,0
383,146.0,-2.5336119355684996,2.869150156455379,-131.9504108025172,-30.0,2.665887856167222,[-30.0 2.665887856167222],1.896685128323653,False,True,18.595027203904728,83,59.99785047027138,2615.021,in_progress,0.0,0
383,147.0,-2.6119634560975786,2.8299928235636833,-139.41345070462148,-30.0,1.8506808972420425,[-30.0 1.8506808972420425],1.7066431497103733,False,True,18.714643498307083,84,59.99785047027138,2615.093,in_progress,0.0,0
383,148.0,-2.7196192063912794,2.8000784642494376,-149.61958057298432,-2.8041533491949124,2.1011625243273797,[-2.8041533491949124 2.1011625243273797],2.034536450433387,False,True,18.882191968704674,85,59.99785047027138,2615.138,in_progress,0.0,0
383,149.0,-2.79052461416943,2.783310975459184,-154.88005896075268,-30.0,4.0,[-30.0 4.0],2.0516761557712537,False,True,19.020716814468404,85,59.99785047027138,2615.223,in_progress,0.0,0
383,150.0,-2.9295479685539694,2.7454090604424732,-160.84243898743065,15.498089218379228,4.0,[15.498089218379228 4.0],1.874897731188757,False,True,19.230990214396005,86,59.99785047027138,2615.295,in_progress,0.0,0
383,151.0,-3.063536857883816,2.707985959133918,-162.40639397274813,7.6941452638422305,2.488804219339108,[7.6941452638422305 2.488804219339108],1.9898451562445054,False,True,19.611500322101765,87,59.99785047027138,2615.359,in_progress,0.0,0
383,152.0,-3.186975396447183,2.6521711652457136,-159.0686668553767,21.925014299401077,0.5974134228078068,[21.925014299401077 0.5974134228078068],1.2256888176087084,False,True,19.864969290635383,88,59.99785047027138,2615.422,in_progress,0.0,0
383,153.0,-3.3010118382716316,2.583224111820986,-153.72448056592637,29.508181357363398,0.5,[29.508181357363398 0.5],1.2209077494518945,False,True,20.165863716774734,90,59.99785047027138,2615.492,in_progress,0.0,0
383,154.0,-3.3980793762429062,2.51285354870407,-149.54291777922825,9.805509593181569,0.5,[9.805509593181569 0.5],1.6910019136631231,False,True,20.363027198121276,90,59.99785047027138,2615.564,in_progress,0.0,0
383,155.0,-3.484883634759935,2.4376906932305706,-145.1029353222591,-7.752405566546482,0.5,[-7.752405566546482 0.5],1.70047167282631,False,True,20.523870451254574,91,59.99785047027138,2615.602,in_progress,0.0,0
383,156.0,-3.516525109724685,2.4100733119444047,-143.98145182880953,-30.0,0.7677876992856241,[-30.0 0.7677876992856241],1.422262292820752,False,True,20.609111105941825,91,59.99785047027138,2615.694,in_progress,0.0,0
383,157.0,-3.6019861038007703,2.359677624289111,-146.18550600634688,-30.0,3.061520590323805,[-30.0 3.061520590323805],2.109165148520005,False,True,20.7526025115713,92,59.99785047027138,2615.738,in_progress,0.0,0
383,158.0,-3.6473389458361765,2.339214894466451,-148.08416082391116,-30.0,2.136344789514922,[-30.0 2.136344789514922],1.889808517849945,False,True,20.829208254399905,92,59.99785047027138,2615.825,in_progress,0.0,0
383,159.0,-3.755283024485988,2.321573235999035,-157.03418823350995,-30.0,3.5122801119697353,[-30.0 3.5122801119697353],2.229560579055571,False,True,21.009293214891432,93,59.99785047027138,2615.893,in_progress,0.0,0
383,160.0,-3.861189781844381,2.322825581011013,-166.49065072402877,1.0028731030251272,0.5,[1.0028731030251272 0.5],1.8949391177224044,False,True,21.18666651231577,93,59.99785047027138,2615.934,in_progress,0.0,0
383,161.0,-3.925215567789561,2.323940293522546,-171.79631545406554,19.332456866326297,0.5,[19.332456866326297 0.5],1.5206319703416646,False,True,21.29339144100504,93,59.99785047027138,2616.022,in_progress,0.0,0
383,162.0,-4.022838251786812,2.3123773482885555,-176.14756499050293,-11.766963397836754,2.3820354629025347,[-11.766963397836754 2.3820354629025347],2.4758407305462504,False,True,21.455942073475704,94,59.99785047027138,2616.093,in_progress,0.0,0
383,163.0,-4.1059011695260255,2.3057847624839685,-177.26787032006058,20.27564061586053,2.313485933755641,[20.27564061586053 2.313485933755641],1.9707259529600814,False,True,21.590425030955295,94,59.99785047027138,2616.139,in_progress,0.0,0
383,164.0,-4.1629820225503185,2.304558864049481,-177.5952805346237,30.0,2.800171216932396,[30.0 2.800171216932396],2.091436520879708,False,True,21.685207940243423,94,59.99785047027138,2616.213,in_progress,0.0,0
383,165.0,-4.276696042344312,2.2794218624249907,-173.15966042679898,-4.6646082584662345,2.286291529805368,[-4.6646082584662345 2.286291529805368],2.4730467027630136,False,True,21.878203132326917,95,59.99785047027138,2616.299,in_progress,0.0,0
383,166.0,-4.403364029916769,2.247042251238281,-169.7336288065481,13.944713020834541,1.8092116214127265,[13.944713020834541 1.8092116214127265],2.3445539541247316,False,True,22.092438186934842,95,59.99785047027138,2616.34,in_progress,0.0,0
383,167.0,-4.483910862566589,2.2330419899125955,-169.8775050481651,24.999763509182714,2.1642129882645915,[24.999763509182714 2.1642129882645915],1.9673401879073271,False,True,22.22698134883065,96,59.99785047027138,2616.432,in_progress,0.0,0
383,168.0,-4.641088810818342,2.184446716492886,-165.8183299168507,30.0,1.1816252584026121,[30.0 1.1816252584026121],1.7457377502452294,False,True,22.48025466799798,97,59.99785047027138,2616.473,in_progress,0.0,0
383,169.0,-4.711200585372459,2.154392191890137,-163.01953866689468,30.0,0.5,[30.0 0.5],1.5874458534319025,False,True,22.596539409730383,98,59.99785047027138,2616.557,in_progress,0.0,0
383,170.0,-4.843463865058698,2.0862328665431447,-157.619525293054,4.503795462801271,0.5,[4.503795462801271 0.5],1.8316037294820677,False,True,22.801396122899142,99,59.99785047027138,2616.614,in_progress,0.0,0
383,171.0,-4.903341716948006,2.050162115664471,-155.24787348213462,20.99669744113192,1.597438503994383,[20.99669744113192 1.597438503994383],1.7097283972905872,False,True,22.886580264776008,99,59.99785047027138,2616.699,in_progress,0.0,0
383,172.0,-4.989253444575048,1.987160560702464,-150.6593601566518,-6.5375786339032125,0.9599697131904028,[-6.5375786339032125 0.9599697131904028],1.9706807143313607,False,True,23.039969135723133,100,59.99785047027138,2616.741,in_progress,0.0,0
383,173.0,-5.026827327367672,1.9519592687240068,-147.49077652130202,30.0,3.0914542460023795,[30.0 3.0914542460023795],2.0459880466075755,False,True,23.08285271685577,100,59.99785047027138,2616.826,in_progress,0.0,0
383,174.0,-5.115567049470674,1.864100465098804,-141.06867800666558,-3.2390418239356684,2.8800078481271645,[-3.2390418239356684 2.8800078481271645],2.282347734521368,False,True,23.268979590270288,101,59.99785047027138,2616.895,in_progress,0.0,0
383,175.0,-5.183698988052652,1.7837905495301865,-136.68895623966995,30.0,0.5,[30.0 0.5],1.3531928436244778,False,True,23.364612338761447,101,59.99785047027138,2616.965,in_progress,0.0,0
383,176.0,-5.245650237624444,1.7041445971045572,-133.0834587702876,-10.556250076005952,3.14216354959457,[-10.556250076005952 3.14216354959457],2.35706284632181,False,True,23.473365968725794,102,59.99785047027138,2616.995,in_progress,0.0,0
383,177.0,-5.271391879104294,1.6633309857938519,-131.0959252735448,22.796195956339318,4.0,[22.796195956339318 4.0],2.0573975804152904,False,True,23.51016484389933,102,59.99785047027138,2617.098,in_progress,0.0,0
383,178.0,-5.337963682485352,1.5304763140459365,-123.38392444134904,2.555797824301358,0.5,[2.555797824301358 0.5],1.580354311024857,False,True,23.67225285970288,103,59.99785047027138,2617.137,in_progress,0.0,0
383,179.0,-5.362888597581854,1.467169247440591,-119.1929432035053,-13.68812027112196,1.0265252121979813,[-13.68812027112196 1.0265252121979813],0.7892638661098623,False,False,23.677915983295872,103,59.99785047027138,2617.224,in_progress,0.0,0
383,180.0,-5.418037983009706,1.3550503575880668,-115.63666099597717,22.64234400764665,2.257580956298791,[22.64234400764665 2.257580956298791],0.6351333707227488,False,False,23.850444004318987,104,59.99785047027138,2617.291,in_progress,0.0,0
383,181.0,-5.464297689615672,1.2601355839778297,-115.39357463654443,-30.0,1.4548912671127645,[-30.0 1.4548912671127645],0.6359486449783646,False,False,23.913771360756687,104,59.99785047027138,2617.337,in_progress,0.0,0
383,182.0,-5.490333246194206,1.1971991881605955,-114.25250472511394,30.0,3.934046163536649,[30.0 3.934046163536649],0.6375443936889261,False,False,24.006301243842277,105,59.99785047027138,2617.426,in_progress,0.0,0
383,183.0,-5.546131102740063,1.0776743676602645,-113.2041432190657,30.0,3.3950782697099973,[30.0 3.3950782697099973],0.6395557358811219,True,False,24.114396598796397,105,59.99785047027138,2617.488,off_track,0.0,0
384,1.0,-8.34451756747541,2.9717292955033474,83.0728157964917,-18.445404274944323,2.3728091007061813,[-18.445404274944323 2.3728091007061813],0.0,False,True,0.23166565198931288,50,59.99785047027138,2617.614,prepare,0.0,0
384,2.0,-8.344480645824046,2.971724833880945,83.05740794659214,-12.288522286652647,2.4268626001387408,[-12.288522286652647 2.4268626001387408],1.0199683645970399,False,True,0.23167427345668068,50,59.99785047027138,2617.683,in_progress,0.0,0
384,3.0,-8.346006869153037,2.97767540089589,83.65686068888436,-30.0,1.6932015945519574,[-30.0 1.6932015945519574],0.591153754734007,False,True,0.24060595317908495,50,59.99785047027138,2617.756,in_progress,0.0,0
384,4.0,-8.335615150059995,3.005542098813573,81.91071585019951,6.421086054244483,0.5,[6.421086054244483 0.5],0.37615535012290024,False,True,0.28994275656782087,50,59.99785047027138,2617.821,in_progress,0.0,0
384,5.0,-8.319229890466676,3.0366822559146707,78.90807527009858,0.5069930233993318,0.8450759338954952,[0.5069930233993318 0.8450759338954952],0.4826210564449263,False,True,0.34711860041860276,51,59.99785047027138,2617.889,in_progress,0.0,0
384,6.0,-8.310060383839192,3.077048745230348,78.5788633021413,-30.0,1.1425456696432668,[-30.0 1.1425456696432668],0.4653638916826614,False,True,0.4160667029782156,51,59.99785047027138,2617.946,in_progress,0.0,0
384,7.0,-8.301582711843588,3.117157771525862,78.46162035634116,-30.0,2.4565888149496544,[-30.0 2.4565888149496544],0.7871772955175342,False,True,0.4843038723765125,51,59.99785047027138,2618.007,in_progress,0.0,0
384,8.0,-8.275317654578368,3.178149840829326,75.3462533221983,-30.0,0.5,[-30.0 0.5],0.338430790469332,False,True,0.5935619306231849,51,59.99785047027138,2618.091,in_progress,0.0,0
384,9.0,-8.228597972881067,3.2413924632189453,68.68427731617024,-21.045304796993552,0.5,[-21.045304796993552 0.5],0.3624034009493717,False,True,0.7214386933017014,51,59.99785047027138,2618.157,in_progress,0.0,0
384,10.0,-8.19264734611419,3.2803121932662407,64.17662479216585,-30.0,3.187875498118514,[-30.0 3.187875498118514],1.0144875818228278,False,True,0.8049800718950201,51,59.99785047027138,2618.218,in_progress,0.0,0
384,11.0,-8.152127627668731,3.3149364742851946,59.065919920787586,-30.0,1.0583013519418487,[-30.0 1.0583013519418487],0.5088859120246698,False,True,0.8850471790230074,52,59.99785047027138,2618.291,in_progress,0.0,0
384,12.0,-8.087637781207885,3.3520436244504532,51.015933163161904,-12.046443614006268,3.7774623071336206,[-12.046443614006268 3.7774623071336206],1.3430260271022438,False,True,0.9850337744275156,52,59.99785047027138,2618.348,in_progress,0.0,0
384,13.0,-8.028924637158287,3.3848273700733933,45.29994285887572,-17.335991536294898,1.4444796238599185,[-17.335991536294898 1.4444796238599185],0.5676928178201023,False,True,1.0745399901698038,52,59.99785047027138,2618.424,in_progress,0.0,0
384,14.0,-7.944382960420315,3.4378883333916272,40.25025700950112,-24.213068980085033,1.0573292024414949,[-24.213068980085033 1.0573292024414949],0.5114400201963146,False,True,1.2673981620872077,52,59.99785047027138,2618.486,in_progress,0.0,0
384,15.0,-7.871614420527792,3.476346192528597,36.360284367784566,30.0,3.2439252077373615,[30.0 3.2439252077373615],1.0037709214920099,False,True,1.388073568372203,53,59.99785047027138,2618.561,in_progress,0.0,0
384,16.0,-7.782849955800071,3.520619984751597,32.859983313427584,-30.0,0.5,[-30.0 0.5],0.3774935095749407,False,True,1.5316200203811663,53,59.99785047027138,2618.602,in_progress,0.0,0
384,17.0,-7.7368583911782425,3.5550912116873445,34.014704080117866,1.9040844912696357,3.7635750819869616,[1.9040844912696357 3.7635750819869616],1.3098915804681295,False,True,1.7030668152525656,53,59.99785047027138,2618.686,in_progress,0.0,0
384,18.0,-7.631866031005703,3.630390448159554,34.8410218141501,30.0,4.0,[30.0 4.0],1.1184030829072622,False,True,1.9144489162145506,54,59.99785047027138,2618.767,in_progress,0.0,0
384,19.0,-7.534782024463139,3.7357527989073676,41.32231136998449,24.251606646829558,1.2086682358656922,[24.251606646829558 1.2086682358656922],0.5986607762367874,False,True,2.2307945566478056,54,59.99785047027138,2618.814,in_progress,0.0,0
384,20.0,-7.490525531073541,3.803060102902926,47.06830532410154,1.2304435600207029,2.5041721174147864,[1.2304435600207029 2.5041721174147864],1.0808100057248375,False,True,2.358050988591101,54,59.99785047027138,2618.895,in_progress,0.0,0
384,21.0,-7.41663952965257,3.9359661878100436,55.915794084683256,-13.945279862610551,0.8984086813855277,[-13.945279862610551 0.8984086813855277],0.778344178279828,False,True,2.591618492189307,55,59.99785047027138,2618.936,in_progress,0.0,0
384,22.0,-7.376922089537453,4.006353775645306,58.90674192479748,-30.0,0.5,[-30.0 0.5],0.5490616767588121,False,True,2.7651748536288823,55,59.99785047027138,2619.028,in_progress,0.0,0
384,23.0,-7.292706858634869,4.126368191438626,57.97012460355212,-30.0,0.5,[-30.0 0.5],0.5697597206911739,False,True,2.9854527317608683,56,59.99785047027138,2619.087,in_progress,0.0,0
384,24.0,-7.235643302321362,4.195255343038277,55.40698250194989,-30.0,0.9209097788797458,[-30.0 0.9209097788797458],0.670036283805505,False,True,3.124573077887438,56,59.99785047027138,2619.158,in_progress,0.0,0
384,25.0,-7.17697503180237,4.2492688787747,51.48407050087096,10.147611680458425,1.5078729279606182,[10.147611680458425 1.5078729279606182],1.1015419367508759,False,True,3.271062309579448,56,59.99785047027138,2619.225,in_progress,0.0,0
384,26.0,-7.1205935863051,4.310048382416156,50.15208700699988,-20.00068127322791,3.3226209809943374,[-20.00068127322791 3.3226209809943374],1.3225816999048476,False,True,3.395383606462543,56,59.99785047027138,2619.293,in_progress,0.0,0
384,27.0,-7.062900173129413,4.388150074379868,51.2090070332919,-30.0,4.0,[-30.0 4.0],1.492860107664253,False,True,3.5322166227744036,57,59.99785047027138,2619.337,in_progress,0.0,0
384,28.0,-7.019595491072172,4.431472742052855,49.665885247977066,-30.0,3.0308380968738065,[-30.0 3.0308380968738065],1.2615001282104013,False,True,3.625671948469089,57,59.99785047027138,2619.424,in_progress,0.0,0
384,29.0,-6.8948814503041875,4.517998745662059,41.8458381113485,-30.0,3.2090709322251287,[-30.0 3.2090709322251287],1.3247849490502634,False,True,3.8514439258071684,57,59.99785047027138,2619.475,in_progress,0.0,0
384,30.0,-6.789766684032424,4.569100012838267,34.69813163985966,-30.0,0.5,[-30.0 0.5],0.6319558284955787,False,True,4.041116554286448,58,59.99785047027138,2619.553,in_progress,0.0,0
384,31.0,-6.665408338334478,4.606790387998312,24.036757397991263,-30.0,0.5,[-30.0 0.5],0.6485282623909776,False,True,4.257140414157925,58,59.99785047027138,2619.619,in_progress,0.0,0
384,32.0,-6.5664442633362565,4.624567098421504,14.673991155858257,-30.0,2.9151745431380824,[-30.0 2.9151745431380824],1.1867093291670832,False,True,4.398152658683105,58,59.99785047027138,2619.682,in_progress,0.0,0
384,33.0,-6.467437508037618,4.637717204089169,7.064932806203774,-13.555426178269002,3.0635552954543326,[-13.555426178269002 3.0635552954543326],1.5365502831873281,False,True,4.564500505971206,59,59.99785047027138,2619.761,in_progress,0.0,0
384,34.0,-6.336420528694254,4.632292784190658,-3.2585486262863657,-30.0,0.5,[-30.0 0.5],0.6809937474348529,False,True,4.781048124454509,59,59.99785047027138,2619.82,in_progress,0.0,0
384,35.0,-6.23172953384331,4.6146092350927415,-12.899659477872069,3.8587461480244016,0.5,[3.8587461480244016 0.5],0.8619240123939855,False,True,4.939254629958992,59,59.99785047027138,2619.88,in_progress,0.0,0
384,36.0,-6.134532950216296,4.587932603991262,-22.922347880699526,29.575678465583557,0.5397335515529811,[29.575678465583557 0.5397335515529811],0.7714077133511712,False,True,5.10078424746625,60,59.99785047027138,2619.953,in_progress,0.0,0
384,37.0,-6.056767615004769,4.565002020152598,-30.797330155226053,29.29203010332857,0.5,[29.29203010332857 0.5],0.7674181896507438,False,True,5.2299938789813485,60,59.99785047027138,2620.022,in_progress,0.0,0
384,38.0,-5.986501073864695,4.549706155018312,-36.57683698205969,30.0,0.5,[30.0 0.5],0.7713983843270502,False,True,5.34607259864372,60,59.99785047027138,2620.089,in_progress,0.0,0
384,39.0,-5.927729061245955,4.5365279278886685,-39.56609529790076,30.0,0.8290214866078586,[30.0 0.8290214866078586],0.8522654067779657,False,True,5.444168749933997,60,59.99785047027138,2620.157,in_progress,0.0,0
384,40.0,-5.870208445781302,4.52537875118513,-39.69688779677699,27.740110462694282,1.6345590549723192,[27.740110462694282 1.6345590549723192],1.0473840101477698,False,True,5.540157449490707,60,59.99785047027138,2620.219,in_progress,0.0,0
384,41.0,-5.814368484194243,4.51558493462942,-36.13507331770739,30.0,1.1899049509055346,[30.0 1.1899049509055346],0.9422625702177765,False,True,5.633330482846982,61,59.99785047027138,2620.286,in_progress,0.0,0
384,42.0,-5.741641488069101,4.510478489777122,-28.186031852178928,7.063442489854026,3.357939420484174,[7.063442489854026 3.357939420484174],1.8344381094771685,False,True,5.754598735157346,61,59.99785047027138,2620.357,in_progress,0.0,0
384,43.0,-5.658171018977345,4.50767381571018,-19.994607350749433,30.0,0.5,[30.0 0.5],0.788652846148632,False,True,5.893574765733134,61,59.99785047027138,2620.43,in_progress,0.0,0
384,44.0,-5.570032897753233,4.499976481748377,-14.779335931089152,-20.39802545706652,1.0026057401342008,[-20.39802545706652 1.0026057401342008],0.9171561470153299,False,True,6.040453298063586,61,59.99785047027138,2620.473,in_progress,0.0,0
384,45.0,-5.52652737476606,4.494179309517783,-13.466944624622165,-2.1356156578138616,0.9729133262435635,[-2.1356156578138616 0.9729133262435635],1.1370554196859908,False,True,6.1129473904708185,61,59.99785047027138,2620.558,in_progress,0.0,0
384,46.0,-5.436668196253531,4.477813237797787,-12.385944739315596,-9.697026313667255,1.9676860345253187,[-9.697026313667255 1.9676860345253187],1.4457596294961852,False,True,6.262668146341699,62,59.99785047027138,2620.629,in_progress,0.0,0
384,47.0,-5.361645702021098,4.459889641130682,-12.78132618424655,20.0858106932971,1.830248873733076,[20.0858106932971 1.830248873733076],1.1291197548593297,False,True,6.387592825586958,62,59.99785047027138,2620.695,in_progress,0.0,0
384,48.0,-5.276504469870059,4.444048148799647,-12.012342351481688,8.481767795518216,2.517210435683639,[8.481767795518216 2.517210435683639],1.6266428496334286,False,True,6.529435202979894,62,59.99785047027138,2620.757,in_progress,0.0,0
384,49.0,-5.180175397505543,4.43968800020223,-8.60235159414808,21.1126292568848,0.5,[21.1126292568848 0.5],0.8264609612374229,False,True,6.689971223839231,63,59.99785047027138,2620.836,in_progress,0.0,0
384,50.0,-5.073108512196004,4.446970081373559,-3.500354217296754,15.717447798269795,1.9070745225422945,[15.717447798269795 1.9070745225422945],1.1752490509029818,False,True,6.868451471496694,63,59.99785047027138,2620.859,in_progress,0.0,0
384,51.0,-5.030797244333054,4.454214395797788,-1.1752292902654025,8.935149145760981,2.2816316011411812,[8.935149145760981 2.2816316011411812],1.581277597770839,False,True,6.939431861053752,63,59.99785047027138,2620.945,in_progress,0.0,0
384,52.0,-4.903600454656082,4.495802491371164,7.922913464314683,-5.010452524729981,1.2952257963748002,[-5.010452524729981 1.2952257963748002],1.3033992678150874,False,True,7.151337910300931,63,59.99785047027138,2621.026,in_progress,0.0,0
384,53.0,-4.793204569168223,4.544386968919952,15.526677661859708,-30.0,0.9866779184055983,[-30.0 0.9866779184055983],0.9801055335978968,False,True,7.33522532743967,64,59.99785047027138,2621.087,in_progress,0.0,0
384,54.0,-4.707251408598429,4.580165666681522,19.01562495835368,-30.0,0.5,[-30.0 0.5],0.8705751435069922,False,True,7.478556683493581,64,59.99785047027138,2621.149,in_progress,0.0,0
384,55.0,-4.630828005028145,4.6021064253516535,18.291033915772296,-30.0,0.8499985518714506,[-30.0 0.8499985518714506],0.9602474170346945,False,True,7.605940161061531,64,59.99785047027138,2621.215,in_progress,0.0,0
384,56.0,-4.557353921557596,4.606676117143859,14.060701262957055,-24.10448762013104,1.5878945308132733,[-24.10448762013104 1.5878945308132733],1.1425457345230696,False,True,7.728402721917627,65,59.99785047027138,2621.288,in_progress,0.0,0
384,57.0,-4.488229884383814,4.601729331913663,9.137266640043599,-30.0,1.2192873246664964,[-30.0 1.2192873246664964],1.0585982492386221,False,True,7.843612093305518,65,59.99785047027138,2621.353,in_progress,0.0,0
384,58.0,-4.40836507659104,4.584152298772666,2.4798895383526873,-30.0,3.0583528511163074,[-30.0 3.0583528511163074],1.506333690075671,False,True,7.977487980157155,65,59.99785047027138,2621.411,in_progress,0.0,0
384,59.0,-4.326404677913442,4.555173508075748,-4.893298812909817,-30.0,1.4280345933112408,[-30.0 1.4280345933112408],1.1216460427367205,False,True,8.11372646189607,65,59.99785047027138,2621.49,in_progress,0.0,0
384,60.0,-4.2331909661220575,4.506981905730735,-13.512905161161514,-9.720617208651621,1.4035537098184774,[-9.720617208651621 1.4035537098184774],1.4051507577271303,False,True,8.268479797751628,66,59.99785047027138,2621.561,in_progress,0.0,0
384,61.0,-4.14497979214161,4.464453667248017,-18.41658222148484,-18.07719581757454,3.6986174894290724,[-18.07719581757454 3.6986174894290724],1.6824753550694898,False,True,8.414966491052557,66,59.99785047027138,2621.611,in_progress,0.0,0
384,62.0,-4.057790278281142,4.4258375602655144,-20.53830971006723,18.504624119147053,0.5,[18.504624119147053 0.5],0.8451578610462939,False,True,8.557824324818275,66,59.99785047027138,2621.683,in_progress,0.0,0
384,63.0,-3.9572889651785554,4.384430177069272,-22.364377778159202,29.8818370114353,0.5,[29.8818370114353 0.5],0.8537167901773849,False,True,8.723950617916538,66,59.99785047027138,2621.756,in_progress,0.0,0
384,64.0,-3.882614204726985,4.368515386042932,-19.17082351038702,30.0,0.5,[30.0 0.5],0.8586659561140824,False,True,8.847870390439155,67,59.99785047027138,2621.823,in_progress,0.0,0
384,65.0,-3.816245524179385,4.358950329757678,-16.231599092206235,30.0,0.5,[30.0 0.5],0.8624850910547827,False,True,8.95815584589027,67,59.99785047027138,2621.901,in_progress,0.0,0
384,66.0,-3.751441909095909,4.362005323827557,-11.342381776349843,0.5173196841524792,0.5,[0.5173196841524792 0.5],1.0832781133326719,False,True,9.071887414930424,67,59.99785047027138,2621.945,in_progress,0.0,0
384,67.0,-3.724993753456351,4.365876182568745,-9.047592517331994,15.606392425453649,0.5,[15.606392425453649 0.5],0.8650164423934319,False,True,9.115965568670697,67,59.99785047027138,2622.027,in_progress,0.0,0
384,68.0,-3.6734244775208618,4.368403216843983,-6.57513875687022,-12.217360002791079,0.5,[-12.217360002791079 0.5],1.083696914654004,False,True,9.201915026233443,67,59.99785047027138,2622.093,in_progress,0.0,0
384,69.0,-3.6322462157194306,4.368853057500282,-5.300215852248391,16.846464652166333,0.5,[16.846464652166333 0.5],0.8675361657395166,False,True,9.270547482826252,68,59.99785047027138,2622.154,in_progress,0.0,0
384,70.0,-3.5993516514208337,4.369202403466468,-4.503486944805058,22.39350528046627,0.5,[22.39350528046627 0.5],0.8670627065122404,False,True,9.32537338000851,68,59.99785047027138,2622.222,in_progress,0.0,0
384,71.0,-3.5631122234452173,4.380046852082448,-1.2421946170703526,9.774679897138277,0.5,[9.774679897138277 0.5],1.0838978979590885,False,True,9.385764277280217,68,59.99785047027138,2622.29,in_progress,0.0,0
384,72.0,-3.522820344208343,4.3912187310504,1.6010018975567712,30.0,0.629244844682501,[30.0 0.629244844682501],0.8962510685557737,False,True,9.453290464622437,68,59.99785047027138,2622.35,in_progress,0.0,0
384,73.0,-3.4853554619142817,4.407624399448765,5.15443404027937,18.96476897389403,2.8348816227872304,[18.96476897389403 2.8348816227872304],1.3818416543121181,False,True,9.515673270034025,68,59.99785047027138,2622.416,in_progress,0.0,0
384,74.0,-3.4411360415513483,4.433583051937733,10.264155694004348,16.04899659015092,0.5,[16.04899659015092 0.5],0.8694708683653785,False,True,9.589278640977,69,59.99785047027138,2622.481,in_progress,0.0,0
384,75.0,-3.3989183737956132,4.460833575131449,14.972944341309773,-30.0,0.5,[-30.0 0.5],0.9497038922025371,False,True,9.659542862652087,69,59.99785047027138,2622.549,in_progress,0.0,0
384,76.0,-3.3619349912747403,4.481289866126812,17.412569690430576,-3.5899563730269826,0.5,[-3.5899563730269826 0.5],1.1877598562772695,False,True,9.72110814274328,69,59.99785047027138,2622.618,in_progress,0.0,0
384,77.0,-3.322670584908561,4.495589192522371,17.87215963897605,-30.0,2.0751720289701607,[-30.0 2.0751720289701607],1.3296784226572302,False,True,9.792828590722003,69,59.99785047027138,2622.698,in_progress,0.0,0
384,78.0,-3.272179707951983,4.498561708778937,14.845095561178912,-30.0,2.480832190595915,[-30.0 2.480832190595915],1.429465516237402,False,True,9.875778994163099,69,59.99785047027138,2622.737,in_progress,0.0,0
384,79.0,-3.2385738984216568,4.492759581332035,11.367070328275249,-30.0,3.402421910462906,[-30.0 3.402421910462906],1.6509151795876713,False,True,9.932546679483023,70,59.99785047027138,2622.825,in_progress,0.0,0
384,80.0,-3.1480319551332943,4.463928169858738,1.150783148488899,-11.160167917683275,4.0,[-11.160167917683275 4.0],2.253892587075897,False,True,10.090460940088375,70,59.99785047027138,2622.885,in_progress,0.0,0
384,81.0,-3.075723160585485,4.436910489356372,-5.626448716876066,-6.127805428384843,0.5,[-6.127805428384843 0.5],1.211517582233518,False,True,10.21648377267001,71,59.99785047027138,2622.957,in_progress,0.0,0
384,82.0,-3.0001394082120796,4.413662054867804,-10.853696132720243,-17.607258847015874,2.8018630352974583,[-17.607258847015874 2.8018630352974583],1.530056981433667,False,True,10.370282312917977,71,59.99785047027138,2623.018,in_progress,0.0,0
384,83.0,-2.9293293742934434,4.386446318406157,-13.926425994817796,-30.0,0.5896128767332459,[-30.0 0.5896128767332459],1.0052370664481538,False,True,10.496718458724347,72,59.99785047027138,2623.095,in_progress,0.0,0
384,84.0,-2.8646696096657354,4.341489950837572,-20.22168896786347,-0.940770232469756,0.5,[-0.940770232469756 0.5],1.2385317067491568,False,True,10.635079893526244,72,59.99785047027138,2623.163,in_progress,0.0,0
384,85.0,-2.811309183220656,4.3023414727056775,-24.386664853935446,-30.0,0.5,[-30.0 0.5],0.9125246035553165,False,True,10.743635726300937,73,59.99785047027138,2623.195,in_progress,0.0,0
384,86.0,-2.7819488678797395,4.282446734387369,-25.79135857838891,-15.458920997835113,1.7040711815360605,[-15.458920997835113 1.7040711815360605],1.1779804957523008,False,True,10.802161520694181,73,59.99785047027138,2623.292,in_progress,0.0,0
384,87.0,-2.7146121484104833,4.219403464985848,-31.79616103057642,-30.0,1.528872463442323,[-30.0 1.528872463442323],1.1502753090174342,False,True,10.998964419731394,74,59.99785047027138,2623.356,in_progress,0.0,0
384,88.0,-2.6653841515008616,4.153524925528561,-38.48983134967712,-30.0,0.5,[-30.0 0.5],0.9316552528592242,False,True,11.15425831367769,74,59.99785047027138,2623.423,in_progress,0.0,0
384,89.0,-2.632277546932499,4.084857130279937,-46.10699260015957,-20.165517155349015,1.292551047145892,[-20.165517155349015 1.292551047145892],1.1112757263207296,False,True,11.276106762935905,75,59.99785047027138,2623.497,in_progress,0.0,0
384,90.0,-2.60231864874546,4.0123844700033375,-52.43392138633639,-30.0,1.2675650069908981,[-30.0 1.2675650069908981],1.1160164872246165,False,True,11.466112115816124,75,59.99785047027138,2623.539,in_progress,0.0,0
384,91.0,-2.58896689902172,3.9644519594405723,-56.79650478498206,-17.486320487173206,1.2707559778505684,[-17.486320487173206 1.2707559778505684],1.1190001007288704,False,True,11.547235089019225,76,59.99785047027138,2623.63,in_progress,0.0,0
384,92.0,-2.5670978747516893,3.8600300256894737,-65.00055622150583,-30.0,0.5,[-30.0 0.5],0.9606147158472121,False,True,11.75091630626719,76,59.99785047027138,2623.677,in_progress,0.0,0
384,93.0,-2.560878706163439,3.805839631081225,-69.038437199068,-30.0,0.5,[-30.0 0.5],0.9633953923584871,False,True,11.838720023863308,77,59.99785047027138,2623.754,in_progress,0.0,0
384,94.0,-2.569068306749124,3.728471994681493,-77.04529084064707,-30.0,1.3697017495271657,[-30.0 1.3697017495271657],1.1654507788799087,False,True,12.036811939658875,78,59.99785047027138,2623.811,in_progress,0.0,0
384,95.0,-2.5747724176656446,3.687394333237287,-80.54068692514612,-30.0,0.5010819584926574,[-30.0 0.5010819584926574],0.8869079948551694,False,True,12.10294774087135,78,59.99785047027138,2623.903,in_progress,0.0,0
384,96.0,-2.604019944866704,3.6157559141001308,-89.7850179804116,-30.0,1.6633872801619023,[-30.0 1.6633872801619023],1.12606036862033,False,True,12.25448129315782,78,59.99785047027138,2623.947,in_progress,0.0,0
384,97.0,-2.6178235931498386,3.5906896615474517,-93.16765736473334,-30.0,0.5,[-30.0 0.5],0.8928808218418599,False,True,12.294670971598459,79,59.99785047027138,2624.023,in_progress,0.0,0
384,98.0,-2.654225413200635,3.5416647054524146,-101.01705045855411,-17.75022291084997,1.540503387482669,[-17.75022291084997 1.540503387482669],1.108791056625368,False,True,12.46357665625072,79,59.99785047027138,2624.087,in_progress,0.0,0
384,99.0,-2.6793934258377985,3.508879563645329,-105.40298714565509,7.349552095410701,0.5,[7.349552095410701 0.5],1.126784139420947,False,True,12.522301742761838,79,59.99785047027138,2624.162,in_progress,0.0,0
384,100.0,-2.7058455920352116,3.458053886529777,-108.33356398377899,30.0,0.5,[30.0 0.5],0.8041171837749657,False,True,12.611154590259554,80,59.99785047027138,2624.205,in_progress,0.0,0
384,101.0,-2.7149793457622047,3.42737532440949,-108.10474465973408,-26.346624810488343,0.5,[-26.346624810488343 0.5],0.8069492912437802,False,True,12.701979584392836,80,59.99785047027138,2624.3,in_progress,0.0,0
384,102.0,-2.732637090654649,3.3744452445434368,-108.14422554829083,-4.729365937452755,0.5,[-4.729365937452755 0.5],1.0123297969579896,False,True,12.79386123762858,80,59.99785047027138,2624.335,in_progress,0.0,0
384,103.0,-2.7425726276312483,3.357319449393486,-109.04247563281207,6.287048477265863,0.5,[6.287048477265863 0.5],1.011182866927791,False,True,12.824758312254907,81,59.99785047027138,2624.438,in_progress,0.0,0
384,104.0,-2.7618051220417223,3.3094876022584225,-109.5922263936071,-23.24121057917568,0.5,[-23.24121057917568 0.5],0.4088811892749304,False,False,13.009856022384147,81,59.99785047027138,2624.478,in_progress,0.0,0
384,105.0,-2.77126187879182,3.289563242838431,-110.1033287250237,-4.510012597510567,0.5,[-4.510012597510567 0.5],0.5107763323527243,False,False,13.046335235997297,81,59.99785047027138,2624.562,in_progress,0.0,0
384,106.0,-2.797641108805868,3.2474237818277962,-112.42839193494027,24.939625815151878,0.5,[24.939625815151878 0.5],0.40975333640624306,False,False,13.126828441756889,82,59.99785047027138,2624.602,in_progress,0.0,0
384,107.0,-2.8071891970221188,3.2308842036572667,-113.13886225162369,23.59739741022026,1.7162586176859729,[23.59739741022026 1.7162586176859729],0.40935999246328897,False,False,13.157999757748573,82,59.99785047027138,2624.684,in_progress,0.0,0
384,108.0,-2.820624322137375,3.1709746048592353,-110.5068049150096,11.209696527378561,0.5,[11.209696527378561 0.5],0.515510020144827,False,False,13.299548448706783,82,59.99785047027138,2624.756,in_progress,0.0,0
384,109.0,-2.823520160571101,3.1244679413007663,-107.25579553689505,17.696718462676003,0.5,[17.696718462676003 0.5],0.4133586017508855,False,False,13.37336652723453,83,59.99785047027138,2624.817,in_progress,0.0,0
384,110.0,-2.822520643610821,3.0795393412749723,-103.60507975225273,-30.0,0.5,[-30.0 0.5],0.41644699300344623,False,False,13.516262053620625,83,59.99785047027138,2624.892,in_progress,0.0,0
384,111.0,-2.8219975917320546,3.0345622043177154,-100.9166858069447,-9.727150245257402,0.5,[-9.727150245257402 0.5],0.5214421419593545,False,False,13.581748813825046,83,59.99785047027138,2624.95,in_progress,0.0,0
384,112.0,-2.8341626349089335,2.996845102190939,-102.08443894957104,-18.86519447682049,0.5,[-18.86519447682049 0.5],0.41785400814517965,False,False,13.646677144625807,84,59.99785047027138,2625.026,in_progress,0.0,0
384,113.0,-2.855373333009131,2.958931573603783,-105.112722889805,-27.369199151713236,0.5,[-27.369199151713236 0.5],0.4215791736855353,False,False,13.810352241422708,84,59.99785047027138,2625.069,in_progress,0.0,0
384,114.0,-2.8693092493153545,2.9371049812683534,-107.01969365993186,-30.0,0.9099975986432768,[-30.0 0.9099975986432768],0.4216236454303561,False,False,13.853348349854555,84,59.99785047027138,2625.153,in_progress,0.0,0
384,115.0,-2.908471537766939,2.8963794868292174,-112.97805353792616,-30.0,0.5,[-30.0 0.5],0.42321778500297325,False,False,13.946949733052527,85,59.99785047027138,2625.219,in_progress,0.0,0
384,116.0,-2.950327060289529,2.864881865115228,-119.73627432519173,-29.867519841833612,0.5,[-29.867519841833612 0.5],0.4271345015805659,False,False,14.11715725562887,85,59.99785047027138,2625.281,in_progress,0.0,0
384,117.0,-2.988043048354321,2.8416122514310813,-125.05549462152317,-30.0,1.1186965567285634,[-30.0 1.1186965567285634],0.4280833154144375,False,False,14.189278432276298,86,59.99785047027138,2625.344,in_progress,0.0,0
384,118.0,-3.032852378306355,2.8213793806498337,-130.97518881708191,-12.432062106525379,2.5852257692466862,[-12.432062106525379 2.5852257692466862],0.5391812810558357,False,False,14.33800501578647,86,59.99785047027138,2625.423,in_progress,0.0,0
384,119.0,-3.0971773926271333,2.789318371265671,-137.2383128916796,26.110746700392454,1.371057263793143,[26.110746700392454 1.371057263793143],0.4382000589530427,False,False,14.606668631768088,87,59.99785047027138,2625.488,in_progress,0.0,0
384,120.0,-3.1506643852414764,2.7476489165304634,-138.86698010358373,-30.0,3.3416669928109757,[-30.0 3.3416669928109757],0.4402795361549349,False,False,14.716525932250585,88,59.99785047027138,2625.555,in_progress,0.0,0
384,121.0,-3.214478714869036,2.6915858631631098,-139.0216733051704,-10.567204992320729,0.5,[-10.567204992320729 0.5],0.5550993031876641,False,False,14.883981316240662,88,59.99785047027138,2625.626,in_progress,0.0,0
384,122.0,-3.2942143628288805,2.653203466422424,-144.47571898274788,-30.0,1.5984370570535704,[-30.0 1.5984370570535704],0.45029965682134887,False,False,15.133021253832213,89,59.99785047027138,2625.69,in_progress,0.0,0
384,123.0,-3.371952544991984,2.6264629671026123,-150.0259213940626,30.0,3.1374472438812204,[30.0 3.1374472438812204],0.4531332751905037,False,False,15.268621229245232,90,59.99785047027138,2625.764,in_progress,0.0,0
384,124.0,-3.468899713811235,2.599162976857868,-155.34835611790626,-30.0,1.722081346241794,[-30.0 1.722081346241794],1.2596296671649647,False,True,15.459685775618343,91,59.99785047027138,2625.803,in_progress,0.0,0
384,125.0,-3.5335198912299934,2.5753970414812386,-156.54709168898515,-29.48578102218167,2.1584856156361996,[-29.48578102218167 2.1584856156361996],1.3548445432490623,False,True,15.633948243998603,91,59.99785047027138,2625.898,in_progress,0.0,0
384,126.0,-3.677124999889058,2.5489067983248983,-163.2618557709687,19.608222051788985,0.5,[19.608222051788985 0.5],1.035104465841958,False,True,15.876773684749818,92,59.99785047027138,2625.949,in_progress,0.0,0
384,127.0,-3.759413523790733,2.540465530343043,-167.63993928465027,15.06358705076665,0.5,[15.06358705076665 0.5],1.040822934682828,False,True,16.014007398856645,93,59.99785047027138,2626.027,in_progress,0.0,0
384,128.0,-3.86259610082708,2.523300665289006,-169.80094415406137,-15.516422804806233,1.599258060025744,[-15.516422804806233 1.599258060025744],1.2687598455922782,False,True,16.19168811279625,93,59.99785047027138,2626.092,in_progress,0.0,0
384,129.0,-3.957445303954252,2.513208737331818,-171.5947090227864,-24.632495936255182,0.5,[-24.632495936255182 0.5],1.0558248684805893,False,True,16.349635908220606,94,59.99785047027138,2626.135,in_progress,0.0,0
384,130.0,-4.012901560663942,2.513150229215793,-173.4587978936259,12.125943259388542,0.5,[12.125943259388542 0.5],1.3236389121476884,False,True,16.442062564538972,94,59.99785047027138,2626.229,in_progress,0.0,0
384,131.0,-4.1115591611029645,2.50320955330579,-173.59620517310282,30.0,0.5,[30.0 0.5],1.1700639046157153,False,True,16.56349850962055,94,59.99785047027138,2626.263,in_progress,0.0,0
384,132.0,-4.14756732219183,2.4911557970788754,-171.73332002186334,-12.521465538737441,3.279765645784064,[-12.521465538737441 3.279765645784064],2.2288396217681563,False,True,16.625364220500487,94,59.99785047027138,2626.348,in_progress,0.0,0
384,133.0,-4.22877427693465,2.4731464554845015,-170.99293594080245,30.0,0.5,[30.0 0.5],1.1778408079290579,False,True,16.763199187264966,95,59.99785047027138,2626.418,in_progress,0.0,0
384,134.0,-4.292250493394927,2.4711056353167793,-173.42912572311454,-14.719498733152953,3.0586255122746486,[-14.719498733152953 3.0586255122746486],2.18124859697047,False,True,16.868726195600658,95,59.99785047027138,2626.489,in_progress,0.0,0
384,135.0,-4.3609456630770005,2.466503929161765,-174.56807224864664,-17.5882709849077,0.8133546055370574,[-17.5882709849077 0.8133546055370574],1.2543338646418323,False,True,16.958932721894758,95,59.99785047027138,2626.559,in_progress,0.0,0
384,136.0,-4.435311171142465,2.4764848431672095,-178.22483958242606,15.214876929328852,3.482626709611654,[15.214876929328852 3.482626709611654],1.6753978893140962,False,True,17.018469415313685,95,59.99785047027138,2626.6,in_progress,0.0,0
384,137.0,-4.475999199551006,2.483321673028174,179.8983149523001,30.0,0.8693288303790329,[30.0 0.8693288303790329],1.1540459384259607,False,True,17.078896942464805,95,59.99785047027138,2626.693,in_progress,0.0,0
384,138.0,-4.562224064829073,2.4750668568454492,-179.00909912624317,-9.475261670955891,0.5,[-9.475261670955891 0.5],1.3576028927151986,False,True,17.21927659169976,96,59.99785047027138,2626.756,in_progress,0.0,0
384,139.0,-4.615370056897687,2.4714215419650327,-178.31534446026532,30.0,0.6657574176766089,[30.0 0.6657574176766089],1.1185675933763577,False,True,17.244781922218127,96,59.99785047027138,2626.817,in_progress,0.0,0
384,140.0,-4.661664964100921,2.469834077703251,-178.26879198666015,-4.698608133513847,4.0,[-4.698608133513847 4.0],2.2320948826497897,False,True,17.28610730881795,96,59.99785047027138,2626.894,in_progress,0.0,0
384,141.0,-4.728024900574585,2.4632604019767386,-177.3788801771093,30.0,0.5,[30.0 0.5],1.0894040559387808,False,True,17.388041577141937,97,59.99785047027138,2626.967,in_progress,0.0,0
384,142.0,-4.799141418930533,2.459331627516836,-177.90832209278605,-11.25728964464393,3.1342820692971345,[-11.25728964464393 3.1342820692971345],1.240731362798458,False,True,17.48025466799798,97,59.99785047027138,2627.005,in_progress,0.0,0
384,143.0,-4.828820073732777,2.4542839044242646,-177.12398634193505,15.932300933197794,0.5,[15.932300933197794 0.5],0.9905477645198856,False,True,17.48025466799798,97,59.99785047027138,2627.08,in_progress,0.0,0
384,144.0,-4.88875993009888,2.4448957917685146,-175.94933955868643,30.0,0.5,[30.0 0.5],0.4958115878196617,False,False,17.534800057036815,97,59.99785047027138,2627.162,in_progress,0.0,0
384,145.0,-4.941663350995138,2.4296446831856424,-173.2183434021827,-29.31496482417569,3.6135794156401606,[-29.31496482417569 3.6135794156401606],0.49722539430334245,False,False,17.620123196186405,98,59.99785047027138,2627.229,in_progress,0.0,0
384,146.0,-4.988833648713262,2.4121638336651263,-170.39441364632137,-9.78837058015262,4.0,[-9.78837058015262 4.0],0.6227599491592364,False,False,17.689992758726135,98,59.99785047027138,2627.263,in_progress,0.0,0
384,147.0,-5.018331803400128,2.4108490724551492,-171.18526728433767,-5.05773129802958,0.5,[-5.05773129802958 0.5],0.6215402861174047,False,False,17.689992758726135,98,59.99785047027138,2627.371,in_progress,0.0,0
384,148.0,-5.10287157070738,2.4220141088052873,-176.43663334369865,7.929987277937187,2.172736690670553,[7.929987277937187 2.172736690670553],0.6203369943915709,False,False,17.689992758726135,98,59.99785047027138,2627.41,in_progress,0.0,0
384,149.0,-5.131294665741061,2.4257643243595313,-177.82810971040712,-26.044635389828883,3.0526998045689826,[-26.044635389828883 3.0526998045689826],0.4953197972443317,False,False,17.689992758726135,98,59.99785047027138,2627.498,in_progress,0.0,0
384,150.0,-5.219174292146271,2.446245780812158,176.66548133279505,5.403897166439769,3.591659687101965,[5.403897166439769 3.591659687101965],0.6200783854499635,False,False,17.75011112852028,98,59.99785047027138,2627.534,in_progress,0.0,0
384,151.0,-5.259407591050689,2.4610440386734322,173.59834180631103,20.8215632230973,3.8328014910695547,[20.8215632230973 3.8328014910695547],0.49582267660605944,True,False,17.774775199085152,98,59.99785047027138,2627.633,off_track,0.0,0
385,1.0,-6.054310400283748,4.521803249830566,0.5958692959869881,-11.72376749039153,1.110633173742972,[-11.72376749039153 1.110633173742972],0.0,False,True,0.23334141885877346,60,59.99785047027138,2627.801,prepare,0.0,0
385,2.0,-6.0543102169531,4.5218014306301555,0.5950419669456929,1.383246544449296,4.0,[1.383246544449296 4.0],1.4940105330730202,False,True,0.23334169291509554,60,59.99785047027138,2627.89,in_progress,0.0,0
385,3.0,-6.050298571625667,4.521854734475312,0.5246920408981637,-0.6664804450009569,4.0,[-0.6664804450009569 4.0],1.4304274272736854,False,True,0.2400285700767557,60,59.99785047027138,2627.956,in_progress,0.0,0
385,4.0,-6.035450751954383,4.522840147553818,0.6295931520586099,-30.0,4.0,[-30.0 4.0],1.1252299241365644,False,True,0.26479154509064795,60,59.99785047027138,2628.012,in_progress,0.0,0
385,5.0,-6.010979614828336,4.5160998076684535,-1.0549571428340223,-30.0,0.5,[-30.0 0.5],0.28128254429347915,False,True,0.30545936419219544,60,59.99785047027138,2628.088,in_progress,0.0,0
385,6.0,-5.980410391527762,4.494877236565896,-5.08580709283352,-17.69731766699001,4.0,[-17.69731766699001 4.0],1.1239295539955838,False,True,0.35681184016451706,60,59.99785047027138,2628.152,in_progress,0.0,0
385,7.0,-5.946788175570932,4.471787990220055,-9.942124578589734,7.399289763363356,2.068784420665465,[7.399289763363356 2.068784420665465],0.8313149538140739,False,True,0.41309730904791064,60,59.99785047027138,2628.213,in_progress,0.0,0
385,8.0,-5.898334163340147,4.450585289739914,-12.889201966053673,-30.0,0.5,[-30.0 0.5],0.3018223902658855,False,True,0.49408258224425405,60,59.99785047027138,2628.292,in_progress,0.0,0
385,9.0,-5.841720754294979,4.433698397607118,-13.430953161396006,17.585115492158558,2.6745343046958743,[17.585115492158558 2.6745343046958743],0.8396648138178254,False,True,0.5886207758655226,60,59.99785047027138,2628.335,in_progress,0.0,0
385,10.0,-5.813854639599852,4.421119455886165,-14.784257061638396,-12.214858133666432,0.5,[-12.214858133666432 0.5],0.3629959615296671,False,True,0.6351998916328649,61,59.99785047027138,2628.423,in_progress,0.0,0
385,11.0,-5.759453084190168,4.396087045118699,-17.230672405752504,30.0,1.8897000885157966,[30.0 1.8897000885157966],0.6074347033709883,False,True,0.726138954157246,61,59.99785047027138,2628.495,in_progress,0.0,0
385,12.0,-5.71352713860278,4.3763560045359,-18.30017088748683,30.0,0.8112309212553849,[30.0 0.8112309212553849],0.3768476135238301,False,True,0.8028949380508688,61,59.99785047027138,2628.557,in_progress,0.0,0
385,13.0,-5.659529803808591,4.369940782546395,-15.794566887632406,9.987223990547719,0.5,[9.987223990547719 0.5],0.3964950685882986,False,True,0.8908921278221571,61,59.99785047027138,2628.632,in_progress,0.0,0
385,14.0,-5.600197066546363,4.3684248133657615,-12.114632430890536,8.6234932926493,0.5,[8.6234932926493 0.5],0.40968917064938554,False,True,0.9897788023614018,61,59.99785047027138,2628.674,in_progress,0.0,0
385,15.0,-5.566596436006953,4.368939634938084,-10.294426817783854,11.944065360201591,0.5,[11.944065360201591 0.5],0.41071089467568384,False,True,1.045783328902139,61,59.99785047027138,2628.761,in_progress,0.0,0
385,16.0,-5.5014158101662956,4.374995121370836,-6.269120591086239,30.0,0.6936497699393721,[30.0 0.6936497699393721],0.3826760089656431,False,True,1.1544397912758797,62,59.99785047027138,2628.823,in_progress,0.0,0
385,17.0,-5.460683778562638,4.3853982156430735,-2.9310458520748544,30.0,2.523411435649554,[30.0 2.523411435649554],0.7882138980269427,False,True,1.2223603960701435,62,59.99785047027138,2628.891,in_progress,0.0,0
385,18.0,-5.408080991252568,4.410280703892855,3.392806309526436,30.0,4.0,[30.0 4.0],1.1196812141860681,False,True,1.3101102041240764,62,59.99785047027138,2628.965,in_progress,0.0,0
385,19.0,-5.338110306768253,4.4587367530784325,13.279119329704839,-12.995404611761469,0.9166503292940671,[-12.995404611761469 0.9166503292940671],0.6174307205945551,False,True,1.4268150908597288,62,59.99785047027138,2628.999,in_progress,0.0,0
385,20.0,-5.302143664919407,4.489274423325064,19.015847422110625,-30.0,1.7201385508613165,[-30.0 1.7201385508613165],0.6881194799855002,False,True,1.4868854895459027,62,59.99785047027138,2629.103,in_progress,0.0,0
385,21.0,-5.195572269716221,4.546936128641674,23.36498167352393,29.82603384144833,2.881984510878776,[29.82603384144833 2.881984510878776],0.9895142086818574,False,True,1.6647445054778776,63,59.99785047027138,2629.149,in_progress,0.0,0
385,22.0,-5.136684575052439,4.568459087994198,22.556123873758658,-30.0,2.889551691927383,[-30.0 2.889551691927383],0.9988714280533039,False,True,1.7629813016533213,63,59.99785047027138,2629.225,in_progress,0.0,0
385,23.0,-5.021869198659464,4.61118181052038,21.337098884853283,-30.0,0.5,[-30.0 0.5],0.44826362519723395,False,True,1.9539501499835354,63,59.99785047027138,2629.303,in_progress,0.0,0
385,24.0,-4.906892831036061,4.631807773336975,16.616642095350475,-30.0,0.5,[-30.0 0.5],0.4309722608409707,False,True,2.1455365029476647,63,59.99785047027138,2629.341,in_progress,0.0,0
385,25.0,-4.864656317028709,4.635070623313482,14.47184330508588,-30.0,1.4663493423594955,[-30.0 1.4663493423594955],0.6450992603948698,False,True,2.2159256162712193,64,59.99785047027138,2629.427,in_progress,0.0,0
385,26.0,-4.756408595281248,4.625318066527144,6.692130935282221,-15.562144807518447,4.0,[-15.562144807518447 4.0],1.2197516286798826,False,True,2.3963672869270702,64,59.99785047027138,2629.463,in_progress,0.0,0
385,27.0,-4.704968178694729,4.613815440557373,2.511677320638167,-30.0,1.5486555451017998,[-30.0 1.5486555451017998],0.6839808451487154,False,True,2.4823722898597467,64,59.99785047027138,2629.552,in_progress,0.0,0
385,28.0,-4.575586064594067,4.560658283877012,-10.153011195338603,16.957602104040078,2.36705379415239,[16.957602104040078 2.36705379415239],0.9655363585719965,False,True,2.69800093429009,64,59.99785047027138,2629.627,in_progress,0.0,0
385,29.0,-4.479179712023196,4.519767613059452,-15.228652626104028,-1.058984774142008,2.328523840696745,[-1.058984774142008 2.328523840696745],1.2131180555196974,False,True,2.8586716850592997,65,59.99785047027138,2629.686,in_progress,0.0,0
385,30.0,-4.371034613501753,4.4838421986771815,-16.670624080050494,-14.798459698522716,0.5,[-14.798459698522716 0.5],0.6851590154750693,False,True,3.03844862266065,65,59.99785047027138,2629.754,in_progress,0.0,0
385,31.0,-4.264127726517371,4.444408689669066,-18.23052621383694,0.33353340504157103,1.1009775959339279,[0.33353340504157103 1.1009775959339279],0.8850763699031775,False,True,3.216133861582604,65,59.99785047027138,2629.813,in_progress,0.0,0
385,32.0,-4.179007747639319,4.407767852366745,-20.03009210777435,7.122167193574342,0.5,[7.122167193574342 0.5],0.6579190589176858,False,True,3.3575423155979722,66,59.99785047027138,2629.879,in_progress,0.0,0
385,33.0,-4.089102619362856,4.3709841538672185,-20.804678412255868,30.0,0.5,[30.0 0.5],0.536233900870619,False,True,3.503857018762341,66,59.99785047027138,2629.95,in_progress,0.0,0
385,34.0,-4.016495739170511,4.352509241174556,-18.88002710843315,30.0,0.5,[30.0 0.5],0.5428386896950879,False,True,3.624247401753128,66,59.99785047027138,2630.012,in_progress,0.0,0
385,35.0,-3.968476858793317,4.349223938484329,-16.059856966504753,0.4513457188707619,3.0869090999848403,[0.4513457188707619 3.0869090999848403],1.3921767038732524,False,True,3.7041593275733256,66,59.99785047027138,2630.092,in_progress,0.0,0
385,36.0,-3.8987449597409687,4.3424754977910975,-13.241072495737187,30.0,0.6706365490443906,[30.0 0.6706365490443906],0.5881984785099419,False,True,3.8201410955123025,67,59.99785047027138,2630.158,in_progress,0.0,0
385,37.0,-3.839357248504376,4.336940738507011,-11.284675517204397,30.0,0.5,[30.0 0.5],0.5546948347516397,False,True,3.9189247960487728,67,59.99785047027138,2630.224,in_progress,0.0,0
385,38.0,-3.794069927525841,4.344517932834307,-7.2726964977454385,30.0,0.5,[30.0 0.5],0.5561704417041737,False,True,3.9946389408775875,67,59.99785047027138,2630.287,in_progress,0.0,0
385,39.0,-3.7519218835138224,4.360347254412589,-2.1399057443692064,-9.314187551975607,0.5,[-9.314187551975607 0.5],0.6972747381035479,False,True,4.071089004389439,67,59.99785047027138,2630.35,in_progress,0.0,0
385,40.0,-3.7149086907138527,4.3724229039353695,1.1089043492145982,-7.733514352458201,1.8073087991526122,[-7.733514352458201 1.8073087991526122],1.0569496364440694,False,True,4.132768385915597,67,59.99785047027138,2630.416,in_progress,0.0,0
385,41.0,-3.66739177694141,4.37509325413565,1.5399332823154182,30.0,2.2457773211675094,[30.0 2.2457773211675094],0.9441493992376349,False,True,4.211963529499302,67,59.99785047027138,2630.489,in_progress,0.0,0
385,42.0,-3.600956062871251,4.385656255732601,3.632073331085673,6.422864057450667,1.4183853245789724,[6.422864057450667 1.4183853245789724],0.9595444009661416,False,True,4.32268363255035,68,59.99785047027138,2630.559,in_progress,0.0,0
385,43.0,-3.5230280199719686,4.407526817501688,7.261484576829897,-30.0,4.0,[-30.0 4.0],1.343099929768637,False,True,4.452883940083047,68,59.99785047027138,2630.595,in_progress,0.0,0
385,44.0,-3.485699622270955,4.4157416613724685,7.963162142188349,21.11907871129757,0.5,[21.11907871129757 0.5],0.5735471448958234,False,True,4.515069593141136,68,59.99785047027138,2630.686,in_progress,0.0,0
385,45.0,-3.3822192190723395,4.433286820795329,8.4590728509155,-20.700036363389074,0.5,[-20.700036363389074 0.5],0.585269479896488,False,True,4.687477717675481,69,59.99785047027138,2630.757,in_progress,0.0,0
385,46.0,-3.3276795763533604,4.445442380290301,9.335053127938892,-30.0,0.9415597884401287,[-30.0 0.9415597884401287],0.7499095185339122,False,True,4.794578068046968,69,59.99785047027138,2630.83,in_progress,0.0,0
385,47.0,-3.2696082160889417,4.438640867930501,5.760990901467253,-15.453340522718745,1.1434077137161829,[-15.453340522718745 1.1434077137161829],0.8027568800386198,False,True,4.892028043951258,70,59.99785047027138,2630.869,in_progress,0.0,0
385,48.0,-3.234029385169734,4.428864521703735,2.59250997933626,-15.849110810957187,0.980231891430836,[-15.849110810957187 0.980231891430836],0.7640993715059632,False,True,4.952855917539289,70,59.99785047027138,2630.956,in_progress,0.0,0
385,49.0,-3.1534419860899594,4.39993729871016,-4.536071707272853,-30.0,0.5,[-30.0 0.5],0.6034868090455106,False,True,5.098004225676761,70,59.99785047027138,2631.031,in_progress,0.0,0
385,50.0,-3.1015104384825816,4.367102167804168,-11.35191429247207,-20.56959882919199,1.92632839581959,[-20.56959882919199 1.92632839581959],0.9209993420973976,False,True,5.191965979908164,71,59.99785047027138,2631.062,in_progress,0.0,0
385,51.0,-3.079737927196949,4.347590823531587,-15.358670180859285,-30.0,0.5,[-30.0 0.5],0.6059119293740479,False,True,5.232836917096284,71,59.99785047027138,2631.153,in_progress,0.0,0
385,52.0,-3.030983112802809,4.294156217468261,-24.278764704502393,-30.0,0.5,[-30.0 0.5],0.6161007489018979,False,True,5.394879262228597,71,59.99785047027138,2631.228,in_progress,0.0,0
385,53.0,-2.9991888464034147,4.253628430629234,-30.00521155907412,-30.0,2.96540432083576,[-30.0 2.96540432083576],1.1603814507755434,False,True,5.468818781967805,72,59.99785047027138,2631.271,in_progress,0.0,0
385,54.0,-2.9804296206444656,4.2284521771649395,-33.07184302785588,27.892716999752288,2.741636834528922,[27.892716999752288 2.741636834528922],1.0094323022477973,False,True,5.513211183437111,72,59.99785047027138,2631.367,in_progress,0.0,0
385,55.0,-2.9203268032197576,4.172930178780358,-35.831120784566956,-19.559132608839807,0.5499738383285091,[-19.559132608839807 0.5499738383285091],0.5802172296105743,False,True,5.675098678645013,72,59.99785047027138,2631.408,in_progress,0.0,0
385,56.0,-2.884367809301602,4.154906821982923,-34.49589756569763,-19.154752203671457,1.9600644489106618,[-19.154752203671457 1.9600644489106618],0.8634724824276937,False,True,5.742136064272863,73,59.99785047027138,2631.493,in_progress,0.0,0
385,57.0,-2.8130789098853146,4.101119882629881,-35.511124639406724,-9.739715122931138,2.3893483662296475,[-9.739715122931138 2.3893483662296475],1.2083595031687788,False,True,6.006660995501573,74,59.99785047027138,2631.532,in_progress,0.0,0
385,58.0,-2.7742478086990046,4.061754869532479,-37.7520195688955,-6.791812695059274,3.488107557747554,[-6.791812695059274 3.488107557747554],1.4918023519411707,False,True,6.145672653403805,74,59.99785047027138,2631.627,in_progress,0.0,0
385,59.0,-2.6849039361363762,3.966862186498346,-41.92687271499611,-7.668814767550803,1.4944863301179545,[-7.668814767550803 1.4944863301179545],1.0205921106507532,False,True,6.469705281212645,75,59.99785047027138,2631.686,in_progress,0.0,0
385,60.0,-2.6251981588725344,3.8951260051835224,-44.83818355159604,-1.0498514075452228,1.058054228837162,[-1.0498514075452228 1.058054228837162],1.0176592018570616,False,True,6.660909335016885,76,59.99785047027138,2631.76,in_progress,0.0,0
385,61.0,-2.548013125761428,3.797076130640901,-47.94438209871721,-29.0536520598827,0.5,[-29.0536520598827 0.5],0.7099487371092444,False,True,6.929363208042688,77,59.99785047027138,2631.804,in_progress,0.0,0
385,62.0,-2.521434570193732,3.761001160517918,-48.95539081146937,-22.635178197280776,3.467394223710518,[-22.635178197280776 3.467394223710518],1.3637888406383043,False,True,6.995678680632922,77,59.99785047027138,2631.898,in_progress,0.0,0
385,63.0,-2.456999310028555,3.6447396866802912,-54.967077989216634,-1.2678234400258432,2.1207285125925495,[-1.2678234400258432 2.1207285125925495],1.3528216221337583,False,True,7.222252491925463,78,59.99785047027138,2631.94,in_progress,0.0,0
385,64.0,-2.431056169949307,3.5696259287989314,-60.299747158557174,-26.447671890117853,0.5,[-26.447671890117853 0.5],0.7319230251844163,False,True,7.349999388543099,79,59.99785047027138,2632.03,in_progress,0.0,0
385,65.0,-2.391682726371608,3.438332236360294,-68.17757021999982,-30.0,0.9181169797959264,[-30.0 0.9181169797959264],0.9157922759593964,False,True,7.589172826281859,80,59.99785047027138,2632.058,in_progress,0.0,0
385,66.0,-2.3766790502595687,3.3852518510173835,-69.81771756250295,-30.0,4.0,[-30.0 4.0],1.6582693858302233,False,True,7.674548695968664,80,59.99785047027138,2632.16,in_progress,0.0,0
385,67.0,-2.349564220152302,3.2449038737777767,-74.450222097659,-30.0,0.7098409744110314,[-30.0 0.7098409744110314],0.8842204898418395,False,True,7.900779395647306,81,59.99785047027138,2632.196,in_progress,0.0,0
385,68.0,-2.3484404860642716,3.1927251482738166,-77.74306101582633,-30.0,2.372559221857402,[-30.0 2.372559221857402],1.2853629360413952,False,True,7.978110767586838,81,59.99785047027138,2632.293,in_progress,0.0,0
385,69.0,-2.3656995358853354,3.0514391774199257,-88.83059634018174,-17.891302453459286,2.5247598490131007,[-17.891302453459286 2.5247598490131007],1.3378682112820106,False,True,8.210706622807795,82,59.99785047027138,2632.357,in_progress,0.0,0
385,70.0,-2.4028866909638826,2.938271544994116,-98.443642463189,-30.0,0.5,[-30.0 0.5],0.8641888334603337,False,True,8.402895543206695,83,59.99785047027138,2632.419,in_progress,0.0,0
385,71.0,-2.451381963235021,2.842658439333021,-109.17629909868623,-30.0,4.0,[-30.0 4.0],1.7140298903766613,False,True,8.56852148155297,83,59.99785047027138,2632.48,in_progress,0.0,0
385,72.0,-2.5073672339552537,2.760497780153003,-118.00269824478626,-30.0,1.388189815228235,[-30.0 1.388189815228235],1.0969176237228961,False,True,8.733380477595981,84,59.99785047027138,2632.547,in_progress,0.0,0
385,73.0,-2.5768575478162807,2.688069266084854,-128.6321850451323,-30.0,3.697881606013545,[-30.0 3.697881606013545],1.6597690203424371,False,True,8.885032677633674,85,59.99785047027138,2632.627,in_progress,0.0,0
385,74.0,-2.6675252674316923,2.6159033849642874,-139.19363966325136,-5.3793708289145705,0.5043143414345866,[-5.3793708289145705 0.5043143414345866],1.1306312077886072,False,True,9.06793430887251,85,59.99785047027138,2632.698,in_progress,0.0,0
385,75.0,-2.7722987705817586,2.5647811866884203,-153.39692429798822,-23.549950048541376,1.1268831353235433,[-23.549950048541376 1.1268831353235433],1.065200739140827,False,True,9.25259004080904,86,59.99785047027138,2632.747,in_progress,0.0,0
385,76.0,-2.833653888513394,2.537572801058706,-161.6175479003352,-30.0,1.2476943835486436,[-30.0 1.2476943835486436],1.0991539913824673,False,True,9.363969757979174,86,59.99785047027138,2632.831,in_progress,0.0,0
385,77.0,-2.938382820105149,2.5063204428832204,-174.17374977438575,12.11354104670113,0.5998863086112423,[12.11354104670113 0.5998863086112423],1.194807469493169,False,True,9.560101811469096,87,59.99785047027138,2632.877,in_progress,0.0,0
385,78.0,-2.988854773657652,2.4998342602994947,179.41666228736037,30.0,0.6454995054102082,[30.0 0.6454995054102082],0.9691737370481395,False,True,9.641195234446265,87,59.99785047027138,2632.962,in_progress,0.0,0
385,79.0,-3.078975177677826,2.4878275545206097,169.14892610369256,27.765247898051406,1.6041707868117985,[27.765247898051406 1.6041707868117985],1.107215340740299,False,True,9.796074904437702,88,59.99785047027138,2633.0,in_progress,0.0,0
385,80.0,-3.1295253248415813,2.477362822975705,166.54025414139045,20.338914954930992,0.5,[20.338914954930992 0.5],0.8668067457782969,False,True,9.88093913733753,88,59.99785047027138,2633.094,in_progress,0.0,0
385,81.0,-3.2157290083204506,2.461529944738296,165.36994699368506,-0.06665347201396088,0.5,[-0.06665347201396088 0.5],1.0960308411447974,False,True,10.063960175912085,89,59.99785047027138,2633.158,in_progress,0.0,0
385,82.0,-3.271161500232314,2.459136370379122,165.702909071355,26.428572226959226,0.5,[26.428572226959226 0.5],0.8798587096251886,False,True,10.155478845977534,89,59.99785047027138,2633.23,in_progress,0.0,0
385,83.0,-3.3288062888454726,2.4651264656356764,167.36684134849457,30.0,2.76173223465721,[30.0 2.76173223465721],1.3805745512491006,False,True,10.248019351082572,90,59.99785047027138,2633.265,in_progress,0.0,0
385,84.0,-3.356451354806103,2.4671569832782994,168.3888108161703,30.0,0.5,[30.0 0.5],0.8834836073692346,False,True,10.30503238658071,90,59.99785047027138,2633.355,in_progress,0.0,0
385,85.0,-3.432142788810941,2.4650485402201383,172.49824350610902,30.0,0.5,[30.0 0.5],0.8891290063519652,False,True,10.430431903217464,91,59.99785047027138,2633.416,in_progress,0.0,0
385,86.0,-3.4643086612765477,2.452510217281041,176.47854311882605,30.0,0.9979598566742905,[30.0 0.9979598566742905],0.9991643182978056,False,True,10.486447748169937,91,59.99785047027138,2633.504,in_progress,0.0,0
385,87.0,-3.51816486539733,2.420828065910401,-175.44394604778898,-5.671946941006876,0.5,[-5.671946941006876 0.5],1.1190745837452776,False,True,10.611617121570566,91,59.99785047027138,2633.547,in_progress,0.0,0
385,88.0,-3.5432136923922672,2.4080024785237173,-172.66087317476905,-17.533385255013435,3.366402739565925,[-17.533385255013435 3.366402739565925],1.5253863898236153,False,True,10.653633778767684,91,59.99785047027138,2633.631,in_progress,0.0,0
385,89.0,-3.6024378726068647,2.393534368737347,-171.24809212622824,30.0,0.7684845982683155,[30.0 0.7684845982683155],0.9575936531946327,False,True,10.752641476030956,92,59.99785047027138,2633.666,in_progress,0.0,0
385,90.0,-3.6383087901750537,2.38917825729207,-171.79977202548997,30.0,0.5,[30.0 0.5],0.899432454310934,False,True,10.812515554228625,92,59.99785047027138,2633.765,in_progress,0.0,0
385,91.0,-3.7000086712502123,2.3689000408335166,-169.35087763446364,6.554491896715092,0.5,[6.554491896715092 0.5],1.2321770610047063,False,True,10.916698422415894,92,59.99785047027138,2633.809,in_progress,0.0,0
385,92.0,-3.72704947540698,2.358423999403673,-168.0860323151309,30.0,1.6396682825644848,[30.0 1.6396682825644848],1.2591545964864634,False,True,10.961871106536192,92,59.99785047027138,2633.892,in_progress,0.0,0
385,93.0,-3.7861733886540203,2.3190565406097923,-162.05519457123162,-13.885511633988951,0.8917074315258091,[-13.885511633988951 0.8917074315258091],1.354765634613672,False,True,11.060803039465084,93,59.99785047027138,2633.94,in_progress,0.0,0
385,94.0,-3.8182875312155216,2.2945324742039643,-158.45138269165903,12.5978196316942,0.5,[12.5978196316942 0.5],1.2380579751191836,False,True,11.11457071358306,93,59.99785047027138,2634.022,in_progress,0.0,0
385,95.0,-3.883125417341296,2.2584565706901225,-156.27287777552436,-14.165306370585544,3.0599214493723745,[-14.165306370585544 3.0599214493723745],2.0121571461167145,False,True,11.222366269794898,93,59.99785047027138,2634.094,in_progress,0.0,0
385,96.0,-3.9454080977815944,2.22537470610763,-155.25720078462513,-2.4478764098366455,0.5,[-2.4478764098366455 0.5],1.249880098434494,False,True,11.325729251395533,93,59.99785047027138,2634.135,in_progress,0.0,0
385,97.0,-3.984753330529437,2.209559368926515,-155.45829212815582,-30.0,0.5043948467880562,[-30.0 0.5043948467880562],1.0025859281006284,False,True,11.391093638898536,94,59.99785047027138,2634.22,in_progress,0.0,0
385,98.0,-4.055269659344652,2.1920299011755233,-158.21201135389512,11.93380249240488,2.7784503742731155,[11.93380249240488 2.7784503742731155],1.780648051233209,False,True,11.50838715065776,94,59.99785047027138,2634.292,in_progress,0.0,0
385,99.0,-4.114717085591994,2.1824384741461933,-161.1724392000312,-8.896695515166854,0.8600235952242999,[-8.896695515166854 0.8600235952242999],1.2597447926262224,False,True,11.627707999312953,94,59.99785047027138,2634.353,in_progress,0.0,0
385,100.0,-4.164183549242178,2.166236211837045,-161.09281415722003,23.950302190682613,1.7035165469633011,[23.950302190682613 1.7035165469633011],1.19628133454028,False,True,11.712630874512103,94,59.99785047027138,2634.411,in_progress,0.0,0
385,101.0,-4.2211704147862115,2.141390873970331,-159.87895674543907,2.3475889934715113,0.5,[2.3475889934715113 0.5],1.1692780742864943,False,True,11.811600850417781,95,59.99785047027138,2634.476,in_progress,0.0,0
385,102.0,-4.27678377515013,2.107485963222971,-156.92742312219957,-7.610232229680975,0.5,[-7.610232229680975 0.5],1.1741291531897837,False,True,11.909961269218933,95,59.99785047027138,2634.559,in_progress,0.0,0
385,103.0,-4.339415227217666,2.0816817462742097,-157.12073539134485,5.282251227823615,0.9689546982540282,[5.282251227823615 0.9689546982540282],1.3142780718998144,False,True,12.081243360034977,95,59.99785047027138,2634.623,in_progress,0.0,0
385,104.0,-4.385021391736408,2.0608558277872224,-156.7893300563714,-6.762481537024943,2.802836318354076,[-6.762481537024943 2.802836318354076],1.822132727992956,False,True,12.16441187292412,96,59.99785047027138,2634.689,in_progress,0.0,0
385,105.0,-4.446764738355202,2.0305648315615756,-156.01261031841557,30.0,0.5534397738028196,[30.0 0.5534397738028196],0.9713555323767503,False,True,12.329883749569243,96,59.99785047027138,2634.759,in_progress,0.0,0
385,106.0,-4.5090687121514375,2.0034597295031036,-156.3114580640267,26.014527862053257,3.9427659826390826,[26.014527862053257 3.9427659826390826],1.7218766239201935,False,True,12.442581318472602,97,59.99785047027138,2634.844,in_progress,0.0,0
385,107.0,-4.589162688049432,1.9507742973482707,-152.67703104818094,30.0,3.582811666211075,[30.0 3.582811666211075],1.6535616862985625,False,True,12.643000125956384,98,59.99785047027138,2634.877,in_progress,0.0,0
385,108.0,-4.624308528919476,1.9167577255116146,-149.28998867974295,18.267837519903985,2.995534959320956,[18.267837519903985 2.995534959320956],1.5308624925417633,False,True,12.77986597129312,98,59.99785047027138,2634.96,in_progress,0.0,0
385,109.0,-4.689763902863296,1.8271185844568703,-139.81205059306157,30.0,4.0,[30.0 4.0],1.764350998650963,False,True,13.005161744867094,100,59.99785047027138,2635.025,in_progress,0.0,0
385,110.0,-4.7401350794649675,1.732561615049173,-130.42292172478307,-11.543412704199088,0.5049716694999566,[-11.543412704199088 0.5049716694999566],1.2590640234018906,False,True,13.220823645520857,101,59.99785047027138,2635.091,in_progress,0.0,0
385,111.0,-4.784987983576632,1.6380201073492364,-120.39481458044436,30.0,3.177136096098186,[30.0 3.177136096098186],1.6065785736194103,False,True,13.431840226944319,102,59.99785047027138,2635.158,in_progress,0.0,0
385,112.0,-4.82837746992982,1.5497143203524408,-112.7939724179544,30.0,1.2509780828642332,[30.0 1.2509780828642332],1.192695805479813,False,True,13.619983037206257,103,59.99785047027138,2635.194,in_progress,0.0,0
385,113.0,-4.846110515404296,1.4920384881352915,-106.77358307283143,-21.02089665401419,4.0,[-21.02089665401419 4.0],1.9677182156900157,False,True,13.75477449576889,103,59.99785047027138,2635.294,in_progress,0.0,0
385,114.0,-4.893636252307099,1.344928517968384,-101.51492807551851,30.0,0.5,[30.0 0.5],1.1417927081963657,False,True,13.988828743164527,104,59.99785047027138,2635.335,in_progress,0.0,0
385,115.0,-4.91861752278754,1.2837797931834325,-101.73701230421612,-24.283474903566816,0.8662636819723855,[-24.283474903566816 0.8662636819723855],1.2332317815377474,False,True,14.078847745296812,105,59.99785047027138,2635.428,in_progress,0.0,0
385,116.0,-4.973997222110385,1.1544469356008027,-103.31503615004459,13.278356921083052,0.5,[13.278356921083052 0.5],1.321256382595057,False,True,14.226964228415168,105,59.99785047027138,2635.476,in_progress,0.0,0
385,117.0,-4.997381169349131,1.1006841102795464,-105.35205951679694,30.0,0.5,[30.0 0.5],1.0585905885251456,False,True,14.291839816900815,106,59.99785047027138,2635.555,in_progress,0.0,0
385,118.0,-5.018493632008152,1.0166778083023367,-104.8906905194708,30.0,2.5446790212380197,[30.0 2.5446790212380197],1.374314162134735,False,True,14.382684998403434,106,59.99785047027138,2635.627,in_progress,0.0,0
385,119.0,-5.021746220718622,0.9474223973354168,-101.58204436100296,30.0,1.6598384690619523,[30.0 1.6598384690619523],1.200382395245133,False,True,14.473578357212375,106,59.99785047027138,2635.69,in_progress,0.0,0
385,120.0,-5.004442815200112,0.8647613527945426,-94.13773142639435,22.575321121553422,2.3313577395095875,[22.575321121553422 2.3313577395095875],1.34032980118432,False,True,14.607879647399269,107,59.99785047027138,2635.758,in_progress,0.0,0
385,121.0,-4.9725013533711016,0.7789586213313664,-85.73542016600204,1.5609674801232707,2.364069941128722,[1.5609674801232707 2.364069941128722],1.6885768071017138,False,True,14.714531567250882,107,59.99785047027138,2635.813,in_progress,0.0,0
385,122.0,-4.938304893614281,0.6938905501616345,-79.45631489570091,28.26369375327861,3.2330348346656557,[28.26369375327861 3.2330348346656557],1.5293698160469202,False,True,14.83331016953498,107,59.99785047027138,2635.891,in_progress,0.0,0
385,123.0,-4.88408169500997,0.5728743393021369,-72.8100864930863,30.0,0.5,[30.0 0.5],0.9931923548053505,False,True,15.048349455959709,108,59.99785047027138,2635.942,in_progress,0.0,0
385,124.0,-4.820085255784354,0.4850778411545341,-63.34056272211966,-4.355842759477017,0.5,[-4.355842759477017 0.5],1.2507923931270724,False,True,15.213410717933412,108,59.99785047027138,2636.018,in_progress,0.0,0
385,125.0,-4.759387747993057,0.40614254231314234,-54.2832482334889,7.925266314166748,0.9297494041721392,[7.925266314166748 0.9297494041721392],1.3669447517941415,False,True,15.370745429531125,108,59.99785047027138,2636.086,in_progress,0.0,0
385,126.0,-4.710580601546844,0.3410463374259274,-48.71620107862938,30.0,1.0077626301374414,[30.0 1.0077626301374414],0.9132767887218212,False,True,15.506170075891884,109,59.99785047027138,2636.155,in_progress,0.0,0
385,127.0,-4.6473523743689995,0.2793128502765416,-43.5777409329042,-17.10093573048588,3.4713665745389677,[-17.10093573048588 3.4713665745389677],0.45979767926887494,False,False,15.652686953834039,109,59.99785047027138,2636.198,in_progress,0.0,0
385,128.0,-4.612851155560178,0.24853164038436923,-42.89943827341612,29.642957655735962,0.5,[29.642957655735962 0.5],0.4608751052223621,False,False,15.72827740044569,109,59.99785047027138,2636.295,in_progress,0.0,0
385,129.0,-4.535747670970814,0.18715465321114078,-42.17479381912961,25.64703929841947,0.5,[25.64703929841947 0.5],1.0280813524832266,False,True,15.875075766160457,109,59.99785047027138,2636.345,in_progress,0.0,0
385,130.0,-4.500553809257268,0.16440974776077322,-41.098425235976976,-19.594437175188038,0.5,[-19.594437175188038 0.5],1.029763886296737,False,True,15.94228653205138,109,59.99785047027138,2636.434,in_progress,0.0,0
385,131.0,-4.441924040048061,0.12374894989496354,-39.32666067137438,19.328061817758766,0.5,[19.328061817758766 0.5],1.0342673030310827,False,True,16.057719270846732,110,59.99785047027138,2636.48,in_progress,0.0,0
385,132.0,-4.415658181382684,0.10581043470758492,-38.606755646048725,6.421221703624973,0.6015507463220033,[6.421221703624973 0.6015507463220033],1.3192047988006066,False,True,16.1090855881113,110,59.99785047027138,2636.565,in_progress,0.0,0
385,133.0,-4.36699414181843,0.0793466701566944,-36.37835251206279,13.845654672760297,1.0423987118584295,[13.845654672760297 1.0423987118584295],1.4329808694192863,False,True,16.19578140772443,110,59.99785047027138,2636.61,in_progress,0.0,0
385,134.0,-4.337514261493371,0.06299981869780497,-35.40240590815259,-5.304997086599624,0.5,[-5.304997086599624 0.5],1.2985168701881462,False,True,16.248695125682026,110,59.99785047027138,2636.692,in_progress,0.0,0
385,135.0,-4.28617973300086,0.03218128457185192,-34.377509792826785,-25.454234795209658,0.5,[-25.454234795209658 0.5],1.039943485972951,False,True,16.305142103612415,110,59.99785047027138,2636.774,in_progress,0.0,0
385,136.0,-4.239352390335962,-0.0007908413820116866,-34.50772823965924,-30.0,2.140261058220756,[-30.0 2.140261058220756],1.3713291867330428,False,True,16.399612384159663,110,59.99785047027138,2636.801,in_progress,0.0,0
385,137.0,-4.220834309694862,-0.015562862486306353,-34.92923473990916,-9.317955235855106,0.5,[-9.317955235855106 0.5],1.3043163562474809,False,True,16.43895526890428,110,59.99785047027138,2636.898,in_progress,0.0,0
385,138.0,-4.180241415309595,-0.06075724175921117,-37.93056319357382,-1.6713022040054426,0.5,[-1.6713022040054426 0.5],1.3089689304877616,False,True,16.539867471135565,111,59.99785047027138,2636.942,in_progress,0.0,0
385,139.0,-4.162276702218963,-0.08076727663238818,-39.09858018858399,6.488267068823433,2.3111574586673918,[6.488267068823433 2.3111574586673918],1.762399162361,False,True,16.58453716771813,111,59.99785047027138,2637.025,in_progress,0.0,0
385,140.0,-4.119767804153086,-0.1245916564537221,-40.76219250279939,30.0,0.5,[30.0 0.5],1.0514685173907423,False,True,16.686201610957045,111,59.99785047027138,2637.092,in_progress,0.0,0
385,141.0,-4.081549439693802,-0.15429461740928063,-40.45625989441711,30.0,0.5,[30.0 0.5],1.0540375377267164,False,True,16.766501281830905,111,59.99785047027138,2637.156,in_progress,0.0,0
385,142.0,-4.043876344569208,-0.1751112628189262,-38.48124535824662,30.0,1.7938187852098344,[30.0 1.7938187852098344],1.31134931913693,False,True,16.775829480243807,111,59.99785047027138,2637.207,in_progress,0.0,0
385,143.0,-3.996510775928844,-0.19286759327068614,-34.80773125358072,30.0,0.5083270612053481,[30.0 0.5083270612053481],1.0569266450554127,False,True,16.857551167311936,111,59.99785047027138,2637.284,in_progress,0.0,0
385,144.0,-3.9387393092265355,-0.1994733783543305,-27.581829472444273,-11.611934162281816,0.5,[-11.611934162281816 0.5],1.45495767414696,False,True,16.942914656435406,111,59.99785047027138,2637.354,in_progress,0.0,0
385,145.0,-3.8942849400336828,-0.2055355865878235,-22.60092535053462,-30.0,3.6112677606939787,[-30.0 3.6112677606939787],1.85046791954473,False,True,17.00953174978376,111,59.99785047027138,2637.429,in_progress,0.0,0
385,146.0,-3.8419111515717908,-0.22896638033022484,-22.872115332200664,-30.0,2.398382302872402,[-30.0 2.398382302872402],1.5873632978357803,False,True,17.103504732868487,112,59.99785047027138,2637.475,in_progress,0.0,0
385,147.0,-3.8069307048172805,-0.25929907941097335,-26.197045041005484,13.811679918032247,0.5,[13.811679918032247 0.5],1.4654854276763387,False,True,17.180231057351232,112,59.99785047027138,2637.561,in_progress,0.0,0
385,148.0,-3.749040551462849,-0.3113132232953611,-31.246638301421246,10.161308109918757,0.5,[10.161308109918757 0.5],1.4713832443060892,False,True,17.290004645637868,112,59.99785047027138,2637.62,in_progress,0.0,0
385,149.0,-3.709593423957896,-0.32786994792236934,-29.82744540919785,5.7943364388380445,0.5,[5.7943364388380445 0.5],1.4711923514146323,False,True,17.320679888501715,112,59.99785047027138,2637.696,in_progress,0.0,0
385,150.0,-3.6489397024360035,-0.35137391845945615,-27.60587299545888,30.0,0.5,[30.0 0.5],1.1815944295817733,False,True,17.428991691819018,112,59.99785047027138,2637.738,in_progress,0.0,0
385,151.0,-3.6278405878835236,-0.3587702180516028,-26.823118308723057,30.0,0.7132194493941182,[30.0 0.7132194493941182],1.2287781050707536,False,True,17.46614639612084,112,59.99785047027138,2637.82,in_progress,0.0,0
385,152.0,-3.561647488722259,-0.36655540167768175,-21.68771242358555,0.9371288224009433,2.2166906682566365,[0.9371288224009433 2.2166906682566365],1.955082363047287,False,True,17.572372315777802,113,59.99785047027138,2637.892,in_progress,0.0,0
385,153.0,-3.4929820911831753,-0.3731389327170033,-17.492135686228437,16.772095749042926,0.5,[16.772095749042926 0.5],1.1911014124964758,False,True,17.68156515765264,113,59.99785047027138,2637.944,in_progress,0.0,0
385,154.0,-3.4503419533579103,-0.3789762816931832,-15.88658371576404,-0.23662996454614316,0.5,[-0.23662996454614316 0.5],1.4916947940698868,False,True,17.750544869415002,113,59.99785047027138,2638.03,in_progress,0.0,0
385,155.0,-3.3774431594084153,-0.3893666368558239,-13.689255316980613,14.190920621719798,3.625895955516196,[14.190920621719798 3.625895955516196],2.3551364910534325,False,True,17.832521558307295,113,59.99785047027138,2638.081,in_progress,0.0,0
385,156.0,-3.335994030679233,-0.3977452115373774,-13.299507451803617,11.196483006690478,3.1476633246796255,[11.196483006690478 3.1476633246796255],2.226577190951533,False,True,17.902995805307736,113,59.99785047027138,2638.165,in_progress,0.0,0
385,157.0,-3.237118082350128,-0.41465913608914684,-11.96696733079523,-23.936252265194867,4.0,[-23.936252265194867 4.0],1.9770105119899277,False,True,18.07002302902508,114,59.99785047027138,2638.2,in_progress,0.0,0
385,158.0,-3.178448201300317,-0.4253880988416634,-11.458731878617106,23.210592638454827,3.1372273202266947,[23.210592638454827 3.1372273202266947],1.7913228141051942,False,True,18.169376897176846,114,59.99785047027138,2638.29,in_progress,0.0,0
385,159.0,-3.048533852766551,-0.439690013113245,-8.75889237024342,-9.800448782640647,1.6153476237654132,[-9.800448782640647 1.6153476237654132],1.8328132659655403,False,True,18.36155595940564,114,59.99785047027138,2638.366,in_progress,0.0,0
385,160.0,-2.93348307134797,-0.44362882880725746,-5.583943186316896,23.919169465637367,4.0,[23.919169465637367 4.0],2.000578226822274,False,True,18.55338281760449,114,59.99785047027138,2638.409,in_progress,0.0,0
385,161.0,-2.854389630445743,-0.4505055027593897,-5.172744219884232,-30.0,1.2795922664902752,[-30.0 1.2795922664902752],1.408185364193428,False,True,18.685642979281525,115,59.99785047027138,2638.5,in_progress,0.0,0
385,162.0,-2.714277343730772,-0.4552722652863539,-2.6074948610189037,-7.189708953558672,3.3320576044482584,[-7.189708953558672 3.3320576044482584],2.338829943003028,False,True,18.90499784672649,115,59.99785047027138,2638.542,in_progress,0.0,0
385,163.0,-2.6403478731497265,-0.4616702176496241,-3.179739513336606,-16.831480937595177,0.5,[-16.831480937595177 0.5],1.2535222000552932,False,True,19.027763880790182,115,59.99785047027138,2638.626,in_progress,0.0,0
385,164.0,-2.507147090829919,-0.49912659090414563,-9.531707460019804,-30.0,0.5,[-30.0 0.5],1.2648455960264104,False,True,19.24742660044017,116,59.99785047027138,2638.672,in_progress,0.0,0
385,165.0,-2.4503550963639085,-0.5214107438725643,-12.393129813573088,30.0,0.5,[30.0 0.5],1.267682059189703,False,True,19.32574636217726,116,59.99785047027138,2638.764,in_progress,0.0,0
385,166.0,-2.3585239008750363,-0.5520946411901648,-14.541084566172572,30.0,0.5,[30.0 0.5],1.2746929967508205,False,True,19.473741535581397,116,59.99785047027138,2638.802,in_progress,0.0,0
385,167.0,-2.324795187273504,-0.5567797444973479,-13.59268475294744,30.0,2.144508875764396,[30.0 2.144508875764396],1.6379557684172124,False,True,19.529059115414633,117,59.99785047027138,2638.899,in_progress,0.0,0
385,168.0,-2.2308281933993745,-0.5528707816344756,-7.928229098485631,1.6580394095963555,0.6448782961662439,[1.6580394095963555 0.6448782961662439],1.6436820886605876,False,True,19.675391359215016,117,59.99785047027138,2638.944,in_progress,0.0,0
385,169.0,-2.184645921298242,-0.5469965755595103,-4.6634893943248334,-2.168998154877876,4.0,[-2.168998154877876 4.0],2.5698540833716392,False,True,19.752979776535863,117,59.99785047027138,2639.022,in_progress,0.0,0
385,170.0,-2.0908696334649592,-0.5464088401134072,-2.778806058512783,30.0,3.2718283364014593,[30.0 3.2718283364014593],1.7284027389124732,False,True,19.876660091894266,118,59.99785047027138,2639.087,in_progress,0.0,0
385,171.0,-1.9987548989608102,-0.5383818629783398,0.021486757609673977,14.9554447999219,0.5,[14.9554447999219 0.5],1.4751619554890254,False,True,20.01964278828555,119,59.99785047027138,2639.157,in_progress,0.0,0
385,172.0,-1.9150564789479756,-0.5093612114043142,6.610470423226001,30.0,0.5,[30.0 0.5],1.18552986034843,False,True,20.14985684981528,119,59.99785047027138,2639.218,in_progress,0.0,0
385,173.0,-1.8557164011735328,-0.48037986011367295,11.577977042527536,30.0,2.527111152681292,[30.0 2.527111152681292],1.5951588806003965,False,True,20.25792490503846,120,59.99785047027138,2639.283,in_progress,0.0,0
385,174.0,-1.7912361040291445,-0.4424607033012194,17.081767376475028,30.0,0.5,[30.0 0.5],1.311805212688764,False,True,20.340030195409447,120,59.99785047027138,2639.349,in_progress,0.0,0
385,175.0,-1.73111850445089,-0.38554066508728974,25.4865873616676,12.99565546434603,4.0,[12.99565546434603 4.0],2.6095097348950236,False,True,20.467928608746078,121,59.99785047027138,2639.421,in_progress,0.0,0
385,176.0,-1.6756190570308618,-0.3332566303303662,30.669256340268145,30.0,0.5,[30.0 0.5],1.320894768516993,False,True,20.55316206631259,121,59.99785047027138,2639.48,in_progress,0.0,0
385,177.0,-1.6269426887105674,-0.27723842837953033,36.879209360698255,8.059870669655389,1.553484993117438,[8.059870669655389 1.553484993117438],1.947206012728263,False,True,20.669181042974195,122,59.99785047027138,2639.557,in_progress,0.0,0
385,178.0,-1.5778235948982076,-0.2123853116788733,42.35600965363236,18.89785728799471,2.9146590460952657,[18.89785728799471 2.9146590460952657],1.8614905546594724,False,True,20.77097147668447,122,59.99785047027138,2639.612,in_progress,0.0,0
385,179.0,-1.5417370225852773,-0.1645077891035578,44.962195583653155,11.136299527086479,1.6025581504545083,[11.136299527086479 1.6025581504545083],2.1501022034525934,False,True,20.86668447895301,123,59.99785047027138,2639.697,in_progress,0.0,0
385,180.0,-1.4819834041477795,-0.06011622916305506,51.45035804697048,30.0,0.5,[30.0 0.5],1.4648328752100968,False,True,21.042077317861995,124,59.99785047027138,2639.74,in_progress,0.0,0
385,181.0,-1.4543148180473686,0.0032525592131313064,55.56498427299038,-30.0,1.2836001100677639,[-30.0 1.2836001100677639],1.6575484137117333,False,True,21.143780861550926,124,59.99785047027138,2639.819,in_progress,0.0,0
385,182.0,-1.402891080052414,0.0981963274418376,57.72886355368402,3.0699949575108647,1.2223362289883835,[3.0699949575108647 1.2223362289883835],2.065333345423345,False,True,21.32028417290877,125,59.99785047027138,2639.894,in_progress,0.0,0
385,183.0,-1.3509475999373581,0.18150706648947879,57.97848510126484,15.218292356945916,2.458581482561357,[15.218292356945916 2.458581482561357],1.9575313225123665,False,True,21.483504531452013,125,59.99785047027138,2639.93,in_progress,0.0,0
385,184.0,-1.327084983436965,0.23251580818899117,59.55539447541391,-0.44404218327489176,2.0367472164655043,[-0.44404218327489176 2.0367472164655043],2.3255098649992725,False,True,21.576860851090473,126,59.99785047027138,2640.027,in_progress,0.0,0
385,185.0,-1.2718953066647494,0.3574176341191826,62.49059707602811,30.0,0.9788438497525653,[30.0 0.9788438497525653],1.6192624939343319,False,True,21.806168226527035,126,59.99785047027138,2640.088,in_progress,0.0,0
385,186.0,-1.2339912410307599,0.44717222002807505,64.13661949694439,29.46509593705718,2.64610563032753,[29.46509593705718 2.64610563032753],2.0278936651092083,False,True,21.968530253569696,127,59.99785047027138,2640.165,in_progress,0.0,0
385,187.0,-1.2000780058081493,0.5628926412576623,68.4127197992364,13.983293203159064,0.9747407070550158,[13.983293203159064 0.9747407070550158],2.0470055842177635,False,True,22.168123249666444,127,59.99785047027138,2640.221,in_progress,0.0,0
385,188.0,-1.1872489073932009,0.6537660507915823,73.2390659478246,1.50441155077797,3.6466821896406487,[1.50441155077797 3.6466821896406487],2.8579937870280583,False,True,22.315525140272978,127,59.99785047027138,2640.287,in_progress,0.0,0
385,189.0,-1.1767017836737506,0.7717562287198435,78.29387324615125,-30.0,0.5,[-30.0 0.5],1.4127963345152843,False,True,22.502845777991272,128,59.99785047027138,2640.343,in_progress,0.0,0
385,190.0,-1.1631798825684883,0.879462015043975,81.44852762826807,-15.710072645186528,4.0,[-15.710072645186528 4.0],2.1908360241973592,False,True,22.67019925947985,128,59.99785047027138,2640.428,in_progress,0.0,0
385,191.0,-1.140406465622037,1.002016501852789,80.70573099568621,-30.0,0.5,[-30.0 0.5],1.4308083530219564,False,True,22.8711403120685,129,59.99785047027138,2640.463,in_progress,0.0,0
385,192.0,-1.1209032039978077,1.0674638420946398,79.10146634650607,-30.0,0.5,[-30.0 0.5],1.4356693651555164,False,True,22.983667577705226,129,59.99785047027138,2640.562,in_progress,0.0,0
385,193.0,-1.0639077119892606,1.192854437642952,72.57292092056932,-30.0,0.6504555254092386,[-30.0 0.6504555254092386],1.4803988104796595,False,True,23.21366565932244,129,59.99785047027138,2640.603,in_progress,0.0,0
385,194.0,-1.035661554253136,1.2372516195575913,69.41091954219212,-30.0,2.2927580130602903,[-30.0 2.2927580130602903],1.8450907605789806,False,True,23.300657714136786,129,59.99785047027138,2640.697,in_progress,0.0,0
385,195.0,-0.958348997633355,1.328725772614582,60.898914701744864,-30.0,0.5,[-30.0 0.5],1.4601533938226403,False,True,23.493436185124068,130,59.99785047027138,2640.732,in_progress,0.0,0
385,196.0,-0.9145315207922987,1.3657551390744327,55.50797941024863,-1.1158806458451842,2.2723792143677657,[-1.1158806458451842 2.2723792143677657],2.316823996331222,False,True,23.58034547851977,130,59.99785047027138,2640.822,in_progress,0.0,0
385,197.0,-0.8273238110680102,1.446764673840219,50.26387882112858,26.369471874058647,0.7896718188485727,[26.369471874058647 0.7896718188485727],1.6758758232142161,False,True,23.76439019418044,130,59.99785047027138,2640.898,in_progress,0.0,0
385,198.0,-0.7610195396136051,1.5318244831154537,50.735149511810825,-20.54413147922324,2.9355511811044015,[-20.54413147922324 2.9355511811044015],2.2001003882774404,False,True,23.939676066414446,131,59.99785047027138,2640.959,in_progress,0.0,0
385,199.0,-0.709825398400331,1.6048177473628489,52.05616049614801,-1.8562049380134482,1.0395617781733595,[-1.8562049380134482 1.0395617781733595],2.1905810489377573,False,True,24.086057890842945,131,59.99785047027138,2641.011,in_progress,0.0,0
385,200.0,-0.6524026368822338,1.6756797344444094,51.710007217253555,-0.7523354120917034,2.5103275782278303,[-0.7523354120917034 2.5103275782278303],2.6411506843381285,False,True,24.233622898137014,131,59.99785047027138,2641.085,in_progress,0.0,0
385,201.0,-0.5997771584443943,1.7498665936358946,52.69067443937311,30.0,2.10637369968592,[30.0 2.10637369968592],2.023546091838557,False,True,24.382897073045097,132,59.99785047027138,2641.156,in_progress,0.0,0
385,202.0,-0.5404124991410825,1.8504850316211292,55.631499707515,30.0,1.700374257309803,[30.0 1.700374257309803],1.9364520016780986,False,True,24.57679994649243,132,59.99785047027138,2641.216,in_progress,0.0,0
385,203.0,-0.5030220396576464,1.9483692132769976,60.94273980967441,-19.043525335126887,0.8572241368661091,[-19.043525335126887 0.8572241368661091],1.7432131614215685,False,True,24.751088319841802,132,59.99785047027138,2641.288,in_progress,0.0,0
385,204.0,-0.4676315310042944,2.0515290799393124,66.25275113126797,5.825712602659472,0.5,[5.825712602659472 0.5],2.0837208914581615,False,True,24.931621556536047,133,59.99785047027138,2641.359,in_progress,0.0,0
385,205.0,-0.4349570485224685,2.148320698769197,68.80709638115891,-29.78725822152182,1.3219767211822524,[-29.78725822152182 1.3219767211822524],1.8730258947349285,False,True,25.100626975261964,133,59.99785047027138,2641.422,in_progress,0.0,0
385,206.0,-0.40736246697050327,2.2287349628436464,69.41993678460534,-21.242968314952297,0.5,[-21.242968314952297 0.5],1.682765642534022,False,True,25.24129900160288,133,59.99785047027138,2641.488,in_progress,0.0,0
385,207.0,-0.3717939848154983,2.3009460498590286,67.74655048558256,-30.0,3.9306538347980657,[-30.0 3.9306538347980657],2.5127314426838288,False,True,25.37545869442762,133,59.99785047027138,2641.554,in_progress,0.0,0
385,208.0,-0.3331942909576277,2.371575476895774,65.76466682895327,-30.0,2.080158544779091,[-30.0 2.080158544779091],2.0752087299904134,False,True,25.50943865875752,134,59.99785047027138,2641.624,in_progress,0.0,0
385,209.0,-0.27341511082367764,2.4405511246623894,60.17460331161882,-25.662003078365608,4.0,[-25.662003078365608 4.0],2.5433584250664203,False,True,25.656270776539213,134,59.99785047027138,2641.69,in_progress,0.0,0
385,210.0,-0.19202521006766632,2.5083183141472336,52.08545001101513,10.667009970992275,0.5,[10.667009970992275 0.5],2.139244745984362,False,True,25.813692583191905,134,59.99785047027138,2641.751,in_progress,0.0,0
385,211.0,-0.11318249309167644,2.5648859307970016,44.39103880349602,-13.687183249229015,2.755321986366118,[-13.687183249229015 2.755321986366118],2.589103460453608,False,True,25.95285172533557,134,59.99785047027138,2641.809,in_progress,0.0,0
385,212.0,-0.03052729473477861,2.6261155927483784,40.92586218664769,30.0,0.5,[30.0 0.5],1.5819877162917828,False,True,26.101680283895245,135,59.99785047027138,2641.886,in_progress,0.0,0
385,213.0,0.05653903444025612,2.6828287478771817,37.338299929959675,30.0,0.5,[30.0 0.5],1.5885531228877816,False,True,26.245053773887296,135,59.99785047027138,2641.951,in_progress,0.0,0
385,214.0,0.1263538870522608,2.7383438341514164,37.78162909464312,30.0,3.3898461392020627,[30.0 3.3898461392020627],2.027452294926515,False,True,26.376259947591997,135,59.99785047027138,2642.019,in_progress,0.0,0
385,215.0,0.1841768579436237,2.798502464962511,40.49468296628581,30.0,1.9708450132126683,[30.0 1.9708450132126683],1.7489512076983438,False,True,26.506608359787588,136,59.99785047027138,2642.086,in_progress,0.0,0
385,216.0,0.23730980684550557,2.8860209214989063,47.30935397895093,30.0,0.5,[30.0 0.5],1.4620575627169168,False,True,26.675676092921563,136,59.99785047027138,2642.141,in_progress,0.0,0
385,217.0,0.26955265422545743,2.9544902151217793,52.65736767626045,26.0535555300824,1.4701083396535877,[26.0535555300824 1.4701083396535877],1.6634579669262095,False,True,26.846862696134643,136,59.99785047027138,2642.206,in_progress,0.0,0
385,218.0,0.30530011204404894,3.051053354044273,59.13209850755031,30.0,1.0524059712894993,[30.0 1.0524059712894993],1.5872209994207287,False,True,27.016668219593143,137,59.99785047027138,2642.275,in_progress,0.0,0
385,219.0,0.3267905604204764,3.137993767726643,64.93007609624915,14.412065159851508,2.309979267117529,[14.412065159851508 2.309979267117529],2.3059224515955847,False,True,27.1610056899689,137,59.99785047027138,2642.35,in_progress,0.0,0
385,220.0,0.34021561657771526,3.2334641352949256,71.14616074249,-30.0,2.5881517394459,[-30.0 2.5881517394459],2.1009384718840227,False,True,27.375563305929262,137,59.99785047027138,2642.419,in_progress,0.0,0
385,221.0,0.35833651751222517,3.336353773713448,74.41502229052013,-30.0,0.8970506994809615,[-30.0 0.8970506994809615],1.7359670108902492,False,True,27.5284268419556,137,59.99785047027138,2642.48,in_progress,0.0,0
385,222.0,0.3912545417581308,3.430200883123647,73.069154171318,-30.0,0.5724366428091057,[-30.0 0.5724366428091057],1.6718210827878928,False,True,27.684898792602418,138,59.99785047027138,2642.544,in_progress,0.0,0
385,223.0,0.4209544350941385,3.5043361916954328,71.60696691390092,15.664009815009756,2.0511018994395016,[15.664009815009756 2.0511018994395016],2.005285175182984,False,True,27.857360566309996,138,59.99785047027138,2642.617,in_progress,0.0,0
385,224.0,0.45318607640305436,3.5902449359629878,71.17534318158746,-30.0,4.0,[-30.0 4.0],2.661601734481154,False,True,27.986870632913707,138,59.99785047027138,2642.684,in_progress,0.0,0
385,225.0,0.4858115731797997,3.6795517452606643,70.1888330967766,-30.0,1.8962444411322565,[-30.0 1.8962444411322565],2.1632223983040078,False,True,28.120335338701352,139,59.99785047027138,2642.75,in_progress,0.0,0
385,226.0,0.5423011038330485,3.768250574920906,65.28179321440903,-30.0,0.5,[-30.0 0.5],1.836527448992034,False,True,28.28482367314109,139,59.99785047027138,2642.826,in_progress,0.0,0
385,227.0,0.6113108080235027,3.8546387307241936,59.61537599581672,-30.0,4.0,[-30.0 4.0],2.683679022149007,False,True,28.428733872249246,139,59.99785047027138,2642.881,in_progress,0.0,0
385,228.0,0.6700688681859885,3.9174454588759438,55.43667273355009,-30.0,1.056123789775043,[-30.0 1.056123789775043],1.8180340518633402,False,True,28.556329140282966,139,59.99785047027138,2642.942,in_progress,0.0,0
385,229.0,0.7451738715381435,3.978515716787176,49.01374409800612,-30.0,2.108908817642011,[-30.0 2.108908817642011],2.05666206667656,False,True,28.708580655401484,140,59.99785047027138,2643.018,in_progress,0.0,0
385,230.0,0.82423428477416,4.027431558888652,42.97253461358179,30.0,0.5,[30.0 0.5],1.7088396319992416,False,True,28.845044907202812,140,59.99785047027138,2643.085,in_progress,0.0,0
385,231.0,0.9081971867629874,4.068767069906124,35.856984751367,8.308585795937546,1.857692403449241,[8.308585795937546 1.857692403449241],2.511588560837007,False,True,28.90210278792802,140,59.99785047027138,2643.158,in_progress,0.0,0
385,232.0,0.992061135549547,4.120290538625322,33.66345305585505,30.0,2.3434196711957433,[30.0 2.3434196711957433],1.9294855198926033,False,True,29.041533230141205,140,59.99785047027138,2643.199,in_progress,0.0,0
385,233.0,1.0362724997860355,4.1550766110874395,34.629039935328535,30.0,3.635225372305668,[30.0 3.635225372305668],2.190259796668288,False,True,29.11498681942807,141,59.99785047027138,2643.285,in_progress,0.0,0
385,234.0,1.1311157667770175,4.253618701152713,40.328097671248244,9.20800210154043,0.5,[9.20800210154043 0.5],1.837310229595905,False,True,29.272400268138142,141,59.99785047027138,2643.359,in_progress,0.0,0
385,235.0,1.1977054089981864,4.356680712672593,48.787636852716155,21.30799950635491,2.269794557735909,[21.30799950635491 2.269794557735909],0.7365723539837283,False,False,29.363357354756737,141,59.99785047027138,2643.403,in_progress,0.0,0
385,236.0,1.223805180784157,4.404441752668062,52.060867971828316,-30.0,2.6643232167931927,[-30.0 2.6643232167931927],0.735942374207827,False,False,29.363357354756737,141,59.99785047027138,2643.487,in_progress,0.0,0
385,237.0,1.2965233566468686,4.519721116835054,54.955703530629165,-30.0,3.5507570502159704,[-30.0 3.5507570502159704],0.7353176883796225,False,False,29.363357354756737,141,59.99785047027138,2643.551,in_progress,0.0,0
385,238.0,1.3738765935894495,4.602767456391998,51.593785468698066,-27.577930523345493,2.191103056971834,[-27.577930523345493 2.191103056971834],0.7346982300478883,True,False,29.363357354756737,141,59.99785047027138,2643.622,off_track,0.0,0
386,1.0,-3.056615844395615,4.494182795287682,-6.890124472362812,-30.0,0.5,[-30.0 0.5],0.0,False,True,0.23322423722088037,71,59.99785047027138,2643.758,prepare,0.0,0
386,2.0,-3.0562354502822986,4.4944496998474195,-6.819086429818005,26.31265117930348,1.9633436896530498,[26.31265117930348 1.9633436896530498],0.7068547806212634,False,True,0.23378203879417803,71,59.99785047027138,2643.806,in_progress,0.0,0
386,3.0,-3.054783360601046,4.493289890845218,-7.113266326146727,-30.0,0.5,[-30.0 0.5],0.3016101115902683,False,True,0.23647149946649515,71,59.99785047027138,2643.891,in_progress,0.0,0
386,4.0,-3.0449989844083185,4.485658696347373,-8.445242266060548,-27.036746661643246,0.5,[-27.036746661643246 0.5],0.2788368312537267,False,True,0.25454620393225436,71,59.99785047027138,2643.958,in_progress,0.0,0
386,5.0,-3.0272397160794506,4.465870449188548,-12.492267617318916,-8.443631172424155,0.5,[-8.443631172424155 0.5],0.3406604166695965,False,True,0.2888794191963584,71,59.99785047027138,2644.002,in_progress,0.0,0
386,6.0,-3.0149859060224817,4.45478606417879,-14.537726156358996,-30.0,1.3279875016130631,[-30.0 1.3279875016130631],0.4620167062926724,False,True,0.311908563849117,71,59.99785047027138,2644.089,in_progress,0.0,0
386,7.0,-2.9770521967008805,4.416477212535115,-20.986322601647185,-30.0,2.3755232638468877,[-30.0 2.3755232638468877],0.735127671899589,False,True,0.4044168837655293,71,59.99785047027138,2644.162,in_progress,0.0,0
386,8.0,-2.939724284324521,4.36244955789932,-29.558967224483045,-30.0,1.7580389349942902,[-30.0 1.7580389349942902],0.6041389757613789,False,True,0.49513486783355765,72,59.99785047027138,2644.213,in_progress,0.0,0
386,9.0,-2.9133440067125154,4.312256187859176,-36.72011078025956,-30.0,0.5,[-30.0 0.5],0.2844917282929121,False,True,0.5665315853665975,72,59.99785047027138,2644.282,in_progress,0.0,0
386,10.0,-2.887017478833874,4.2319590655014325,-47.91092510079139,-30.0,0.5,[-30.0 0.5],0.3036245714532364,False,True,0.6817766600466069,72,59.99785047027138,2644.338,in_progress,0.0,0
386,11.0,-2.8764405449161323,4.194964155222532,-52.004781306762,-22.307284948467718,0.5,[-22.307284948467718 0.5],0.3013182321935922,False,True,0.7246902734605765,73,59.99785047027138,2644.426,in_progress,0.0,0
386,12.0,-2.861685210559391,4.1262754498874905,-58.89702073865115,3.3839594730877636,0.9303670176819658,[3.3839594730877636 0.9303670176819658],0.4903945763524256,False,True,0.9182018315383955,73,59.99785047027138,2644.497,in_progress,0.0,0
386,13.0,-2.846453126772887,4.073695996750298,-62.12157997106774,-5.324698508203017,0.5,[-5.324698508203017 0.5],0.38803864598232196,False,True,0.9952813631763535,74,59.99785047027138,2644.535,in_progress,0.0,0
386,14.0,-2.8353226303805172,4.0435990543121845,-63.102462603008604,14.208347020051377,1.1920454091781143,[14.208347020051377 1.1920454091781143],0.5586145729158868,False,True,1.0424128824854328,74,59.99785047027138,2644.628,in_progress,0.0,0
386,15.0,-2.8019178824562077,3.977386965304001,-62.96729829031561,30.0,0.8650613114880152,[30.0 0.8650613114880152],0.40459499553842876,False,True,1.218856490741188,74,59.99785047027138,2644.692,in_progress,0.0,0
386,16.0,-2.761288692877027,3.9292392684950217,-59.75436114024197,-13.85709935252902,0.5,[-13.85709935252902 0.5],0.4570979236075217,False,True,1.4664064159293166,75,59.99785047027138,2644.764,in_progress,0.0,0
386,17.0,-2.7221135039883486,3.8864979936608175,-56.96983614899846,-30.0,0.5,[-30.0 0.5],0.37035987744224846,False,True,1.5597685237052794,76,59.99785047027138,2644.804,in_progress,0.0,0
386,18.0,-2.7022595337489443,3.8571929600245163,-56.7745356070288,0.8177580096372026,0.5,[0.8177580096372026 0.5],0.47269804476761285,False,True,1.672471607742948,76,59.99785047027138,2644.895,in_progress,0.0,0
386,19.0,-2.668611413387762,3.8022351518916038,-57.174349465324696,-30.0,0.5,[-30.0 0.5],0.3845242016572689,False,True,1.7782762603579305,77,59.99785047027138,2644.942,in_progress,0.0,0
386,20.0,-2.656290078333861,3.77854481031446,-57.73865756971147,-30.0,0.5015720719827271,[-30.0 0.5015720719827271],0.38150734472696507,False,True,1.8225467706601273,77,59.99785047027138,2645.022,in_progress,0.0,0
386,21.0,-2.635901851509878,3.7354236348885665,-59.081529029124084,-30.0,0.5,[-30.0 0.5],0.3993665565949203,False,True,2.0079464161854412,77,59.99785047027138,2645.093,in_progress,0.0,0
386,22.0,-2.6243668006657743,3.694382170417883,-61.686317491627705,-30.0,0.6503536520238888,[-30.0 0.6503536520238888],0.430100053247755,False,True,2.0785163931893003,78,59.99785047027138,2645.138,in_progress,0.0,0
386,23.0,-2.6237084584570725,3.668065532032045,-64.57490459643253,-30.0,0.5,[-30.0 0.5],0.39708152247449485,False,True,2.1220108748178204,78,59.99785047027138,2645.227,in_progress,0.0,0
386,24.0,-2.6324880292477664,3.6112016179234354,-72.11842409912363,-30.0,0.7643038158319261,[-30.0 0.7643038158319261],0.4600796413034224,False,True,2.2589623392429203,78,59.99785047027138,2645.285,in_progress,0.0,0
386,25.0,-2.6429573485605333,3.5766039349721632,-77.08249077708814,-30.0,0.5,[-30.0 0.5],0.4063408431712384,False,True,2.3153668379221504,79,59.99785047027138,2645.358,in_progress,0.0,0
386,26.0,-2.6585001220568727,3.528244400386858,-83.17513016487071,-30.0,2.162687972862091,[-30.0 2.162687972862091],0.7530283601602064,False,True,2.4865662847328385,79,59.99785047027138,2645.423,in_progress,0.0,0
386,27.0,-2.6768116824118593,3.477213444419743,-88.83049555977955,-15.997741423294176,1.5166153495216843,[-15.997741423294176 1.5166153495216843],0.6269547266273348,False,True,2.5743427239329373,80,59.99785047027138,2645.477,in_progress,0.0,0
386,28.0,-2.6982977037876474,3.4395954522678034,-94.18065840893145,-21.019057796787422,1.029189890395323,[-21.019057796787422 1.029189890395323],0.5299745120021878,False,True,2.640438057238925,80,59.99785047027138,2645.565,in_progress,0.0,0
386,29.0,-2.749433300148734,3.353731374240098,-103.75190602582009,-25.61625131089746,0.5,[-25.61625131089746 0.5],0.16995324031442172,False,False,2.832554005240362,81,59.99785047027138,2645.609,in_progress,0.0,0
386,30.0,-2.773570966004373,3.321960642217987,-107.82921119478077,27.82663675766065,1.0887695936888386,[27.82663675766065 1.0887695936888386],0.16975616612868527,False,False,2.891451181312771,81,59.99785047027138,2645.693,in_progress,0.0,0
386,31.0,-2.82085538485349,3.250061505261795,-112.9683260817513,5.745524121727456,0.5,[5.745524121727456 0.5],0.22531469665932063,False,False,3.1348131709122873,82,59.99785047027138,2645.752,in_progress,0.0,0
386,32.0,-2.8419151087567234,3.194722195347487,-112.50823520554097,-9.187769606287087,0.5,[-9.187769606287087 0.5],0.2307998110088692,False,False,3.2758682852871757,82,59.99785047027138,2645.831,in_progress,0.0,0
386,33.0,-2.869661183210697,3.1274089135044307,-112.46927432010581,13.845566159428792,3.9624680108735686,[13.845566159428792 3.9624680108735686],0.23480705589584996,False,False,3.3972084682803825,83,59.99785047027138,2645.873,in_progress,0.0,0
386,34.0,-2.8844075521509858,3.099999691519194,-113.19519787618444,-8.744025305965813,1.65180405941031,[-8.744025305965813 1.65180405941031],0.23990518996815258,False,False,3.5354449047938274,83,59.99785047027138,2645.942,in_progress,0.0,0
386,35.0,-2.921582516594807,3.0240158223807896,-114.18194607285868,30.0,0.5,[30.0 0.5],0.19606990729913498,False,False,3.676310761858781,84,59.99785047027138,2646.035,in_progress,0.0,0
386,36.0,-2.9615785011898064,2.9449357708614987,-115.26686440936092,-30.0,1.8850499059637107,[-30.0 1.8850499059637107],0.20641563891978532,False,False,3.9367931134185854,85,59.99785047027138,2646.077,in_progress,0.0,0
386,37.0,-2.9756558725681623,2.910166574101103,-114.89934697793244,29.056028471515518,0.5,[29.056028471515518 0.5],0.21120982254254406,False,False,4.094884314600344,85,59.99785047027138,2646.165,in_progress,0.0,0
386,38.0,-3.0165878605441026,2.8381708978288516,-116.87139067477979,-30.0,2.0908019576004557,[-30.0 2.0908019576004557],0.21827963317091267,False,False,4.299447320033129,86,59.99785047027138,2646.196,in_progress,0.0,0
386,39.0,-3.0319260600300244,2.8069351554246915,-116.91272245100164,-6.838709288837489,0.5,[-6.838709288837489 0.5],0.2719677822475758,False,False,4.3514845159612126,86,59.99785047027138,2646.284,in_progress,0.0,0
386,40.0,-3.0767263040751187,2.736024038494574,-118.63532220196302,1.1082338725614669,0.5,[1.1082338725614669 0.5],0.28404725797005825,False,False,4.612252505652431,87,59.99785047027138,2646.35,in_progress,0.0,0
386,41.0,-3.100301643622487,2.6900699183500367,-118.28827627973241,-30.0,0.9810142292073961,[-30.0 0.9810142292073961],0.2272967281136319,False,False,4.67963851998654,88,59.99785047027138,2646.425,in_progress,0.0,0
386,42.0,-3.126804649046933,2.644373566043004,-118.7247685429555,-24.595649678278853,0.8067057479324153,[-24.595649678278853 0.8067057479324153],0.22762006365813764,False,False,4.75129259092229,88,59.99785047027138,2646.486,in_progress,0.0,0
386,43.0,-3.172358437162746,2.595645855157416,-122.43749996485168,-9.6970347474644,0.5,[-9.6970347474644 0.5],0.7012885230119732,False,True,4.876287502409005,88,59.99785047027138,2646.534,in_progress,0.0,0
386,44.0,-3.1972537259258837,2.575957515191607,-124.98431659367016,22.895736316815103,0.5,[22.895736316815103 0.5],0.5598378106427921,False,True,4.926833685458487,89,59.99785047027138,2646.631,in_progress,0.0,0
386,45.0,-3.2458808536351524,2.5167714303030775,-126.0537836827997,-30.0,0.5,[-30.0 0.5],0.626710181890992,False,True,5.096198191892287,89,59.99785047027138,2646.668,in_progress,0.0,0
386,46.0,-3.2585692127915675,2.493727809015708,-125.15651980313159,-30.0,3.2589565994714254,[-30.0 3.2589565994714254],1.2302552275128944,False,True,5.124125839968458,89,59.99785047027138,2646.755,in_progress,0.0,0
386,47.0,-3.3138212607532225,2.4342591448631423,-127.64576748251959,-10.510227214021484,1.9744276918047046,[-10.510227214021484 1.9744276918047046],1.1905583491198704,False,True,5.233056435342032,90,59.99785047027138,2646.798,in_progress,0.0,0
386,48.0,-3.348929463309857,2.4108769504646195,-130.91715356809206,-30.0,4.0,[-30.0 4.0],1.3993184662371387,False,True,5.305797507426979,90,59.99785047027138,2646.902,in_progress,0.0,0
386,49.0,-3.4606318756994603,2.3571228723630964,-141.85108284070247,-29.29247638133042,4.0,[-29.29247638133042 4.0],1.5410866896572806,False,True,5.502714864178793,91,59.99785047027138,2646.945,in_progress,0.0,0
386,50.0,-3.5140549048314518,2.3435345731294697,-147.47057195264068,-30.0,4.0,[-30.0 4.0],1.545703635087293,False,True,5.606397407930169,91,59.99785047027138,2647.025,in_progress,0.0,0
386,51.0,-3.6440400786486578,2.334526978692956,-162.50806632492018,-30.0,0.5420488646019823,[-30.0 0.5420488646019823],0.7321785553027942,False,True,5.823756518882544,92,59.99785047027138,2647.097,in_progress,0.0,0
386,52.0,-3.745673355578717,2.3402622004225817,-174.83509426477758,-7.582216111779822,0.5,[-7.582216111779822 0.5],0.9166634065969662,False,True,5.9930915264954585,93,59.99785047027138,2647.135,in_progress,0.0,0
386,53.0,-3.794330808528711,2.348050904900549,178.7697102112145,-18.773531875305856,1.6612388340948328,[-18.773531875305856 1.6612388340948328],1.0142072890230374,False,True,6.074111534608001,93,59.99785047027138,2647.224,in_progress,0.0,0
386,54.0,-3.900061568189213,2.3826941963233432,165.73681170334018,-6.593203498711802,0.5,[-6.593203498711802 0.5],0.856509063141447,False,True,6.252252722969104,93,59.99785047027138,2647.294,in_progress,0.0,0
386,55.0,-3.9671322987616726,2.419468509534049,156.93080896225473,-15.383164180601502,1.3092832727005816,[-15.383164180601502 1.3092832727005816],0.8681236664987546,False,True,6.364528880144804,94,59.99785047027138,2647.363,in_progress,0.0,0
386,56.0,-4.028731596835505,2.4656914520191964,150.63533668675944,30.0,0.5,[30.0 0.5],0.6941455608322497,False,True,6.467812153737029,94,59.99785047027138,2647.392,in_progress,0.0,0
386,57.0,-4.0527977492278255,2.4876520642136386,148.20192058887977,30.0,0.9421352954077694,[30.0 0.9421352954077694],0.7898672970945801,False,True,6.5082158825274465,94,59.99785047027138,2647.482,in_progress,0.0,0
386,58.0,-4.132490234246215,2.5396455992163105,147.64119017508506,30.0,3.158025503965275,[30.0 3.158025503965275],1.1633917108639114,False,True,6.5914726878530505,94,59.99785047027138,2647.554,in_progress,0.0,0
386,59.0,-4.2040531829955805,2.572850524149834,149.86492017570617,30.0,1.5690078738639173,[30.0 1.5690078738639173],0.8501148055377918,False,True,6.703915384562603,94,59.99785047027138,2647.615,in_progress,0.0,0
386,60.0,-4.280982174844518,2.5938144454377667,154.2990486880555,-2.477829460243772,1.517665781313696,[-2.477829460243772 1.517665781313696],1.0565699255264027,False,True,6.8274978995168105,95,59.99785047027138,2647.679,in_progress,0.0,0
386,61.0,-4.370971837723118,2.618736157633891,157.84659778642384,-19.776989147745617,1.5742886583037983,[-19.776989147745617 1.5742886583037983],0.5477353497233296,False,True,6.958932721894762,95,59.99785047027138,2647.745,in_progress,0.0,0
386,62.0,-4.457377824671864,2.6578673883538655,156.95884125465926,-11.245285707567032,1.3961116103394575,[-11.245285707567032 1.3961116103394575],0.3396621923781967,False,False,6.958932721894762,95,59.99785047027138,2647.814,in_progress,0.0,0
386,63.0,-4.539912544825805,2.711454873098544,153.32748650155065,-4.97370024465166,3.2352542396946387,[-4.97370024465166 3.2352542396946387],0.3417760887748138,False,False,7.05602247793164,95,59.99785047027138,2647.88,in_progress,0.0,0
386,64.0,-4.6284545098309,2.779874207841616,148.73303619382781,30.0,4.0,[30.0 4.0],0.2753272463412233,False,False,7.158508404871805,96,59.99785047027138,2647.958,in_progress,0.0,0
386,65.0,-4.718479970274605,2.853024809385272,145.3101036075731,27.850358949127887,3.0212159849848383,[27.850358949127887 3.0212159849848383],0.27661894612105586,True,False,7.24478192221813,96,59.99785047027138,2648.014,off_track,0.0,0
387,1.0,-3.285486273853189,2.294654684253743,-158.82722261460077,30.0,0.5,[30.0 0.5],0.0,False,True,0.22996712628445826,90,59.99785047027138,2648.156,prepare,0.0,0
387,2.0,-3.28548265556457,2.294644334063366,-158.82224969412454,-11.370114839735976,2.4161405345541107,[-11.370114839735976 2.4161405345541107],1.014597319625219,False,True,0.22996441211030616,90,59.99785047027138,2648.222,in_progress,0.0,0
387,3.0,-3.2893590433876696,2.292117497911777,-158.50249505410395,-0.09315931513214437,1.714038298649697,[-0.09315931513214437 1.714038298649697],0.7418239544277112,False,True,0.23709631753416893,90,59.99785047027138,2648.285,in_progress,0.0,0
387,4.0,-3.308141293185447,2.283864316316076,-158.0717812492078,-30.0,1.6280165349927014,[-30.0 1.6280165349927014],0.5594626788734715,False,True,0.27041460012054985,90,59.99785047027138,2648.357,in_progress,0.0,0
387,5.0,-3.3435581064676114,2.2741737926228605,-159.02490921845344,-30.0,4.0,[-30.0 4.0],1.1336814640876314,False,True,0.32894216683263533,90,59.99785047027138,2648.419,in_progress,0.0,0
387,6.0,-3.3896092926488754,2.2754017740020758,-163.24351232302217,-25.45459413509166,4.0,[-25.45459413509166 4.0],1.145906946214614,False,True,0.40464820382534183,90,59.99785047027138,2648.494,in_progress,0.0,0
387,7.0,-3.4558021553324183,2.286023849263351,-169.93310964945115,-30.0,0.5,[-30.0 0.5],0.32864810042959625,False,True,0.5113924030137162,91,59.99785047027138,2648.556,in_progress,0.0,0
387,8.0,-3.512929732851296,2.3053613970911826,-176.73420394187414,-30.0,0.5,[-30.0 0.5],0.3427604010379321,False,True,0.6053271767335111,91,59.99785047027138,2648.62,in_progress,0.0,0
387,9.0,-3.559772839888721,2.3249642626967386,178.03249438100414,30.0,1.5892254142348265,[30.0 1.5892254142348265],0.6108961174737499,False,True,0.6829821965993799,92,59.99785047027138,2648.689,in_progress,0.0,0
387,10.0,-3.6122743829184705,2.342676280003582,174.47160380129571,30.0,0.5,[30.0 0.5],0.3585932742196594,False,True,0.7701073991831731,92,59.99785047027138,2648.757,in_progress,0.0,0
387,11.0,-3.664252548353148,2.3471170726466974,174.27816188188262,30.0,4.0,[30.0 4.0],1.2069080910709327,False,True,0.8573197606629612,92,59.99785047027138,2648.816,in_progress,0.0,0
387,12.0,-3.7130457312107628,2.3487053052916718,175.00220353706885,-4.648152006120558,1.344406716332859,[-4.648152006120558 1.344406716332859],0.7195672671782646,False,True,0.9386274611002943,92,59.99785047027138,2648.892,in_progress,0.0,0
387,13.0,-3.785806072615529,2.3439630404514182,177.2335508161282,30.0,1.7471457232420464,[30.0 1.7471457232420464],0.6882378858533019,False,True,1.0599439109946374,93,59.99785047027138,2648.95,in_progress,0.0,0
387,14.0,-3.861418150152669,2.3416692673745274,178.5981869119415,9.80615266607289,3.2435444049359483,[9.80615266607289 3.2435444049359483],1.3292529677565217,False,True,1.1872988209191249,93,59.99785047027138,2649.025,in_progress,0.0,0
387,15.0,-3.943120959538141,2.327095916014852,-177.68659595930072,30.0,1.6615445093995702,[30.0 1.6615445093995702],0.7004776149931726,False,True,1.3232760207775252,93,59.99785047027138,2649.083,in_progress,0.0,0
387,16.0,-4.033169753524019,2.2997366630840124,-172.525309228178,-30.0,0.8934270017986472,[-30.0 0.8934270017986472],0.534668371983177,False,True,1.4729924665518201,94,59.99785047027138,2649.152,in_progress,0.0,0
387,17.0,-4.12699325392388,2.264636812467037,-167.39513101237884,30.0,2.4922841881634215,[30.0 2.4922841881634215],0.9377978174008907,False,True,1.6329308280849497,94,59.99785047027138,2649.216,in_progress,0.0,0
387,18.0,-4.207938142315791,2.2294016309062306,-162.7520923945119,-9.530517291502449,3.1619778755221235,[-9.530517291502449 3.1619778755221235],1.391034661620747,False,True,1.7734988777042382,95,59.99785047027138,2649.282,in_progress,0.0,0
387,19.0,-4.300582014013222,2.1831750022963674,-158.99490596413807,3.748097447805158,1.5690096155115218,[3.748097447805158 1.5690096155115218],0.9352151696515408,False,True,1.9354678541586845,95,59.99785047027138,2649.353,in_progress,0.0,0
387,20.0,-4.421246406154035,2.139734917047159,-159.35357185045413,-0.4784323925742058,0.5,[-0.4784323925742058 0.5],0.6542293327668066,False,True,2.1787687218318808,96,59.99785047027138,2649.417,in_progress,0.0,0
387,21.0,-4.513215486603593,2.1151841500824213,-161.4878369298162,30.0,4.0,[30.0 4.0],1.3818532712132252,False,True,2.3579197069844904,96,59.99785047027138,2649.494,in_progress,0.0,0
387,22.0,-4.627360556403581,2.0835397587266686,-162.74854059902484,16.680673551872296,0.5,[16.680673551872296 0.5],0.5631122975044208,False,True,2.558128223544598,97,59.99785047027138,2649.533,in_progress,0.0,0
387,23.0,-4.682520904651953,2.0555497326783976,-159.75038888401002,30.0,0.5,[30.0 0.5],0.5667803249743811,False,True,2.6594066962760787,98,59.99785047027138,2649.618,in_progress,0.0,0
387,24.0,-4.779751445705796,1.9911600202707418,-153.17279188304096,30.0,1.8424288908658863,[30.0 1.8424288908658863],0.9078389897855932,False,True,2.8532846567265957,99,59.99785047027138,2649.691,in_progress,0.0,0
387,25.0,-4.8494862664873475,1.9312652558021433,-148.36354561299098,30.0,3.5393168016558683,[30.0 3.5393168016558683],1.3252766853033062,False,True,2.9970583758607896,100,59.99785047027138,2649.749,in_progress,0.0,0
387,26.0,-4.903126143144703,1.8702556838400601,-142.9596208825446,21.957413535821487,1.2571135850425574,[21.957413535821487 1.2571135850425574],0.7840397083689461,False,True,3.1185287583538726,100,59.99785047027138,2649.816,in_progress,0.0,0
387,27.0,-4.957567797035312,1.7917953545448326,-136.30206433119093,30.0,1.9698231619609405,[30.0 1.9698231619609405],0.9667577439108778,False,True,3.2746224387137923,101,59.99785047027138,2649.893,in_progress,0.0,0
387,28.0,-5.014565620500352,1.6853279145612587,-128.41957278894253,30.0,0.5,[30.0 0.5],0.5761657378174354,False,True,3.452197751967728,102,59.99785047027138,2649.941,in_progress,0.0,0
387,29.0,-5.038437027000247,1.6180785882219426,-122.15076560604464,30.0,0.5,[30.0 0.5],0.5777940838136847,False,True,3.543894574346096,102,59.99785047027138,2650.025,in_progress,0.0,0
387,30.0,-5.059648744229079,1.5165697541604042,-112.32377804892133,30.0,1.809706287398106,[30.0 1.809706287398106],0.8724483009775947,False,True,3.6722528597028847,103,59.99785047027138,2650.065,in_progress,0.0,0
387,31.0,-5.063639803829671,1.4744987103766711,-109.03825642900802,30.0,0.5,[30.0 0.5],0.5823633217185348,False,True,3.7340974048896025,103,59.99785047027138,2650.156,in_progress,0.0,0
387,32.0,-5.051326698161461,1.3879420549858188,-99.74245077873692,30.0,0.5,[30.0 0.5],0.591097050472771,False,True,3.8798149231675074,104,59.99785047027138,2650.221,in_progress,0.0,0
387,33.0,-5.032085431450725,1.3349158900208067,-92.98323361296873,30.0,1.3790100187702865,[30.0 1.3790100187702865],0.7843097010621114,False,True,3.953465883875734,104,59.99785047027138,2650.295,in_progress,0.0,0
387,34.0,-4.997327107481274,1.2692808627043957,-84.27685074437082,15.505234019914866,0.5,[15.505234019914866 0.5],0.5964385253056986,False,True,4.073049853038146,105,59.99785047027138,2650.339,in_progress,0.0,0
387,35.0,-4.975708212215448,1.2380107607345114,-79.77208668396221,30.0,3.402647585783977,[30.0 3.402647585783977],1.231338336464586,False,True,4.114396598796399,105,59.99785047027138,2650.421,in_progress,0.0,0
387,36.0,-4.92719228948825,1.1694080357559784,-71.82841114199681,30.0,0.5631359651705528,[30.0 0.5631359651705528],0.6683506785728937,False,True,4.237183792199861,105,59.99785047027138,2650.496,in_progress,0.0,0
387,37.0,-4.866947562381015,1.1136871123303484,-62.960725168875236,8.157772086636676,1.8100395289070743,[8.157772086636676 1.8100395289070743],1.2182361223823788,False,True,4.363694221256758,106,59.99785047027138,2650.532,in_progress,0.0,0
387,38.0,-4.837744280542209,1.086933345664178,-59.657782327793676,-26.51228401946296,0.5,[-26.51228401946296 0.5],0.6586240735004243,False,True,4.420525855748431,106,59.99785047027138,2650.633,in_progress,0.0,0
387,39.0,-4.775499028558717,1.0092266606546856,-56.31299036818547,-30.0,0.5,[-30.0 0.5],0.6701062188173246,False,True,4.58421849014437,107,59.99785047027138,2650.682,in_progress,0.0,0
387,40.0,-4.756445017058165,0.9809887975228907,-56.21580871281676,16.89191801708678,0.5,[16.89191801708678 0.5],0.6687462519899605,False,True,4.640799573347437,107,59.99785047027138,2650.76,in_progress,0.0,0
387,41.0,-4.712060536089018,0.9349733514163191,-53.55510510731007,30.0,0.5,[30.0 0.5],0.6730216347814291,False,True,4.744058141507357,107,59.99785047027138,2650.796,in_progress,0.0,0
387,42.0,-4.685488857450456,0.918186404026059,-50.8013120473423,-30.0,0.5,[-30.0 0.5],0.6711083046300592,False,True,4.79321543266435,107,59.99785047027138,2650.894,in_progress,0.0,0
387,43.0,-4.635240975435478,0.8764403539855765,-47.941437649159425,-30.0,2.4317782493469555,[-30.0 2.4317782493469555],1.1394858379644353,False,True,4.899398749465406,107,59.99785047027138,2650.942,in_progress,0.0,0
387,44.0,-4.616076150055483,0.8533000569037111,-48.17953763011936,-0.1810786530236257,3.602942037364514,[-0.1810786530236257 3.602942037364514],1.7738045646798164,False,True,4.949442524789016,107,59.99785047027138,2651.022,in_progress,0.0,0
387,45.0,-4.571475189897584,0.7917523096845603,-49.923716124516865,-16.2532574082837,2.6362958218706307,[-16.2532574082837 2.6362958218706307],1.1941697294731213,False,True,5.076081305485813,108,59.99785047027138,2651.095,in_progress,0.0,0
387,46.0,-4.530386396691923,0.7253626347106411,-52.4458385902351,-25.434107341712615,2.4355125348615063,[-25.434107341712615 2.4355125348615063],1.1533688206752684,False,True,5.205559419489841,108,59.99785047027138,2651.125,in_progress,0.0,0
387,47.0,-4.507533642547393,0.6693594535679911,-56.14644967020035,-11.977939278325572,0.5,[-11.977939278325572 0.5],0.865869302885619,False,True,5.302735576930512,108,59.99785047027138,2651.23,in_progress,0.0,0
387,48.0,-4.485483162937718,0.5572176415126779,-66.67612044227752,5.0416442419781475,0.5,[5.0416442419781475 0.5],0.8800519843453354,False,True,5.469808445400831,108,59.99785047027138,2651.269,in_progress,0.0,0
387,49.0,-4.47497040499019,0.5041367349767818,-70.4510136619585,30.0,0.5,[30.0 0.5],0.7059713181476415,False,True,5.548970815792059,109,59.99785047027138,2651.355,in_progress,0.0,0
387,50.0,-4.4421243820560665,0.43334061077749575,-69.05754484605045,30.0,3.543309872148143,[30.0 3.543309872148143],1.322959404135593,False,True,5.674650459748786,109,59.99785047027138,2651.4,in_progress,0.0,0
387,51.0,-4.420869878217224,0.40221838373283003,-66.99105913508217,30.0,4.0,[30.0 4.0],1.4232620602717543,False,True,5.73247303858182,109,59.99785047027138,2651.49,in_progress,0.0,0
387,52.0,-4.357679615705364,0.33020630512674853,-60.4029970769151,29.035390524140432,1.8764662874357598,[29.035390524140432 1.8764662874357598],0.9655734173929684,False,True,5.8921549095587995,109,59.99785047027138,2651.564,in_progress,0.0,0
387,53.0,-4.2577346332012915,0.2649736674889304,-48.910941992870214,-30.0,0.5,[-30.0 0.5],0.7364942160558154,False,True,6.0838245005508105,110,59.99785047027138,2651.598,in_progress,0.0,0
387,54.0,-4.20773160671862,0.23903380108264238,-43.115245676113375,13.635686720434556,3.943919439544547,[13.635686720434556 3.943919439544547],1.9573983800892114,False,True,6.171339152524869,110,59.99785047027138,2651.698,in_progress,0.0,0
387,55.0,-4.097877853513767,0.18256594049466246,-34.97684639520917,-30.0,2.0505820222541864,[-30.0 2.0505820222541864],1.1246094538916105,False,True,6.361046522779079,110,59.99785047027138,2651.723,in_progress,0.0,0
387,56.0,-4.047966403055753,0.15623322135373063,-32.646822504176704,1.053622771352046,1.6439342385319085,[1.053622771352046 1.6439342385319085],1.2877520132376796,False,True,6.451650893967536,110,59.99785047027138,2651.822,in_progress,0.0,0
387,57.0,-3.9169811264451146,0.07421016369459446,-32.336469151559726,-25.667790531904643,1.6635834320593759,[-25.667790531904643 1.6635834320593759],1.0539615198917776,False,True,6.704217298632869,111,59.99785047027138,2651.891,in_progress,0.0,0
387,58.0,-3.82422388312724,0.005730637984173115,-34.12587864213,7.600507501003037,3.7174638571514462,[7.600507501003037 3.7174638571514462],1.950806954642434,False,True,6.9045518280564435,111,59.99785047027138,2651.947,in_progress,0.0,0
387,59.0,-3.74926759282301,-0.05201477584617353,-35.244994158278416,-14.43841728419554,1.9693576261849925,[-14.43841728419554 1.9693576261849925],1.4382552173025842,False,True,7.062066078725721,112,59.99785047027138,2652.037,in_progress,0.0,0
387,60.0,-3.6157167681585216,-0.1584848394908665,-37.28110300380112,30.0,0.5,[30.0 0.5],0.8198512244524507,False,True,7.350365821556387,112,59.99785047027138,2652.082,in_progress,0.0,0
387,61.0,-3.5593532970702437,-0.20853491412967456,-38.77976318931545,30.0,0.5,[30.0 0.5],0.8255468175767482,False,True,7.469928738005188,112,59.99785047027138,2652.16,in_progress,0.0,0
387,62.0,-3.455891058149868,-0.28851948668609434,-38.297915446614155,16.704734351882784,0.5,[16.704734351882784 0.5],0.8398598013880503,False,True,7.681430807494438,113,59.99785047027138,2652.215,in_progress,0.0,0
387,63.0,-3.386685083868286,-0.3406325583213353,-37.96707783786856,30.0,0.5,[30.0 0.5],0.8461897890663391,False,True,7.8084923555520325,113,59.99785047027138,2652.298,in_progress,0.0,0
387,64.0,-3.3146405361703266,-0.38281311585048017,-35.419998394408125,30.0,0.5,[30.0 0.5],0.781210735122335,False,True,7.93249050599123,113,59.99785047027138,2652.345,in_progress,0.0,0
387,65.0,-3.277022675136577,-0.3973197273837261,-33.04439266301488,30.0,0.5,[30.0 0.5],0.7819070369790122,False,True,7.998893297369191,113,59.99785047027138,2652.431,in_progress,0.0,0
387,66.0,-3.2093388331253285,-0.4137663352778647,-27.85016962453265,19.516047293586695,4.0,[19.516047293586695 4.0],1.556811204779228,False,True,8.11495181106089,114,59.99785047027138,2652.467,in_progress,0.0,0
387,67.0,-3.1739427656905033,-0.42068357213953406,-25.462485078565198,30.0,0.5,[30.0 0.5],0.7870865061779351,False,True,8.175050145614271,114,59.99785047027138,2652.572,in_progress,0.0,0
387,68.0,-3.1115261320369045,-0.423074268042433,-20.15160227076425,27.97080767967868,0.5,[27.97080767967868 0.5],0.8628206461304804,False,True,8.27755564970981,114,59.99785047027138,2652.608,in_progress,0.0,0
387,69.0,-3.0914046380006837,-0.4208172839641797,-17.906451153438525,30.0,0.5,[30.0 0.5],0.8607351830770901,False,True,8.309529297339152,114,59.99785047027138,2652.687,in_progress,0.0,0
387,70.0,-3.040172228052365,-0.407797359895979,-11.33573819194515,-20.175926185989027,0.5,[-20.175926185989027 0.5],0.8614986212324869,False,True,8.372519419132724,114,59.99785047027138,2652.772,in_progress,0.0,0
387,71.0,-2.992297228276682,-0.4033304637863249,-8.149051589072151,-27.599404231871702,1.4155221178843966,[-27.599404231871702 1.4155221178843966],1.0834817229550884,False,True,8.451777439350378,114,59.99785047027138,2652.81,in_progress,0.0,0
387,72.0,-2.9692040614286976,-0.40458692211701164,-7.638000953846836,29.118344896692093,3.3417801731543464,[29.118344896692093 3.3417801731543464],1.5445235500804855,False,True,8.490324329920313,114,59.99785047027138,2652.894,in_progress,0.0,0
387,73.0,-2.902490692279391,-0.40454345571629247,-5.332316721776399,-0.2452227911644087,0.8659702985562862,[-0.2452227911644087 0.8659702985562862],1.19431524107778,False,True,8.601341693010717,115,59.99785047027138,2652.968,in_progress,0.0,0
387,74.0,-2.837162940454884,-0.3990393551827235,-2.5927020956785034,30.0,0.5,[30.0 0.5],0.8725049305287853,False,True,8.709547807046125,115,59.99785047027138,2653.008,in_progress,0.0,0
387,75.0,-2.798584575757897,-0.39860359965682207,-2.1265081287786525,-30.0,1.136330042537336,[-30.0 1.136330042537336],1.0263345377098994,False,True,8.773707856934948,115,59.99785047027138,2653.091,in_progress,0.0,0
387,76.0,-2.731691501100601,-0.40499440433967887,-3.1469586909299228,30.0,2.8547753660726154,[30.0 2.8547753660726154],1.4434318852480892,False,True,8.878954744385787,115,59.99785047027138,2653.162,in_progress,0.0,0
387,77.0,-2.661825442390415,-0.41600267187641515,-4.46406478872735,30.0,2.2329348070631,[30.0 2.2329348070631],1.2997603135323108,False,True,8.994680686488376,115,59.99785047027138,2653.205,in_progress,0.0,0
387,78.0,-2.6162012511337447,-0.41135414001910375,-2.582227824795301,30.0,1.86593730119927,[30.0 1.86593730119927],1.2139183626337946,False,True,9.070950152477758,115,59.99785047027138,2653.3,in_progress,0.0,0
387,79.0,-2.5034972441541457,-0.3767412869132037,5.770442152519978,21.747858269898103,4.0,[21.747858269898103 4.0],1.7379004368826418,False,True,9.260719486698122,116,59.99785047027138,2653.337,in_progress,0.0,0
387,80.0,-2.4564153355385585,-0.3560326817553032,9.604614179057533,-30.0,2.775594026819067,[-30.0 2.775594026819067],1.446535109724377,False,True,9.339804374455063,116,59.99785047027138,2653.421,in_progress,0.0,0
387,81.0,-2.324237115656933,-0.3013761387775986,16.156613262621942,30.0,0.8149554862300923,[30.0 0.8149554862300923],0.9908366203569255,False,True,9.56723575414608,117,59.99785047027138,2653.506,in_progress,0.0,0
387,82.0,-2.2013346891932057,-0.2606261465245573,17.558288602483543,6.6683172883545225,0.9887384721807735,[6.6683172883545225 0.9887384721807735],1.307636460198281,False,True,9.780214246987889,118,59.99785047027138,2653.56,in_progress,0.0,0
387,83.0,-2.143988073976299,-0.23468509371055019,19.25067698446442,-1.1940762884751095,1.082997686641086,[-1.1940762884751095 1.082997686641086],1.3426441948931445,False,True,9.894741975424626,118,59.99785047027138,2653.633,in_progress,0.0,0
387,84.0,-2.0620309630938993,-0.19273614121689886,22.01012638534129,30.0,0.5,[30.0 0.5],0.8638434097785332,False,True,10.043368312096446,119,59.99785047027138,2653.666,in_progress,0.0,0
387,85.0,-2.0232438262484638,-0.1721463719249208,23.01987881165539,20.516825379071697,0.5,[20.516825379071697 0.5],0.8660945232480786,False,True,10.122062422063316,119,59.99785047027138,2653.757,in_progress,0.0,0
387,86.0,-1.9493763267221291,-0.12318341308471027,26.760186920093947,-1.6300287316409054,1.1029394164573247,[-1.6300287316409054 1.1029394164573247],1.2569831924134445,False,True,10.262178379867432,120,59.99785047027138,2653.815,in_progress,0.0,0
387,87.0,-1.901876807177576,-0.08773234363856869,29.038231821871236,-0.3460439074864077,2.557958553452406,[-0.3460439074864077 2.557958553452406],1.6639547166155089,False,True,10.383957993687536,120,59.99785047027138,2653.885,in_progress,0.0,0
387,88.0,-1.8482920882996714,-0.047332186525502834,31.16787975537851,-3.9180915405632604,0.5,[-3.9180915405632604 0.5],1.1070716209750364,False,True,10.529819922730715,121,59.99785047027138,2653.955,in_progress,0.0,0
387,89.0,-1.7934178326551045,-0.007466068731534617,32.37540071453848,30.0,0.5,[30.0 0.5],0.8904103442755578,False,True,10.64195924012124,122,59.99785047027138,2654.029,in_progress,0.0,0
387,90.0,-1.7406675401983418,0.03499849352090295,34.20638937054033,-10.60693096436729,0.5,[-10.60693096436729 0.5],1.1228092170086477,False,True,10.796284015386748,122,59.99785047027138,2654.081,in_progress,0.0,0
387,91.0,-1.7136051153579657,0.061562119071748495,36.45907319969532,6.73168277248719,1.8473330278890587,[6.73168277248719 1.8473330278890587],1.4947552054703404,False,True,10.85884608823901,123,59.99785047027138,2654.164,in_progress,0.0,0
387,92.0,-1.6659006510452066,0.10421102411896463,38.091908504312194,30.0,3.1296109251992035,[30.0 3.1296109251992035],1.4850582716570313,False,True,11.003948267161052,123,59.99785047027138,2654.222,in_progress,0.0,0
387,93.0,-1.6342037685587782,0.15033634409426122,42.21520383373112,11.154688114386403,0.792135962174758,[11.154688114386403 0.792135962174758],1.2175659362746891,False,True,11.094980329114911,124,59.99785047027138,2654.293,in_progress,0.0,0
387,94.0,-1.5971968759509858,0.21414137360331487,47.95487647076001,24.780879575015568,1.8398123649431435,[24.780879575015568 1.8398123649431435],1.2153695770495432,False,True,11.291500204163473,125,59.99785047027138,2654.343,in_progress,0.0,0
387,95.0,-1.5752135501637137,0.2594566506256182,51.274462048147136,-17.68869284490114,1.5714901278696436,[-17.68869284490114 1.5714901278696436],1.0536299745011248,False,True,11.374337675803014,125,59.99785047027138,2654.429,in_progress,0.0,0
387,96.0,-1.53068066078148,0.3475361247765321,55.43154310398106,30.0,0.5,[30.0 0.5],0.8488298289336749,False,True,11.566320606141156,126,59.99785047027138,2654.473,in_progress,0.0,0
387,97.0,-1.499905001308555,0.389787352943562,55.05925154844864,-9.03763189496982,1.9319988477054248,[-9.03763189496982 1.9319988477054248],1.4223825777018864,False,True,11.653103904557211,126,59.99785047027138,2654.57,in_progress,0.0,0
387,98.0,-1.4206530036346394,0.49117770132279925,53.37531182129459,-30.0,0.5,[-30.0 0.5],0.9515913813931745,False,True,11.909312000846805,126,59.99785047027138,2654.612,in_progress,0.0,0
387,99.0,-1.3799622968747032,0.5311030327908355,51.42046995220134,23.945896110632297,3.3482682581569003,[23.945896110632297 3.3482682581569003],1.5812537886992677,False,True,11.997653010010644,127,59.99785047027138,2654.697,in_progress,0.0,0
387,100.0,-1.3031462584255933,0.6170098562958236,50.3721345084615,8.342771884648265,2.643515070748218,[8.342771884648265 2.643515070748218],1.7950225901378636,False,True,12.182230436351492,127,59.99785047027138,2654.741,in_progress,0.0,0
387,101.0,-1.2663883202979285,0.6833790386053856,53.47894697548914,-22.547090059489204,0.6239808016180355,[-22.547090059489204 0.6239808016180355],0.9973955585591812,False,True,12.308111361493795,127,59.99785047027138,2654.825,in_progress,0.0,0
387,102.0,-1.1965237937020752,0.8021027281166673,56.82726385701931,-0.8929053125550155,0.5,[-0.8929053125550155 0.5],1.2286212177485076,False,True,12.536027376251674,128,59.99785047027138,2654.882,in_progress,0.0,0
387,103.0,-1.1600527392776983,0.8581039751661403,57.22885013217173,30.0,3.1731759346356627,[30.0 3.1731759346356627],1.5751358722948094,False,True,12.640225240326524,128,59.99785047027138,2654.955,in_progress,0.0,0
387,104.0,-1.1082606211660662,0.9589685185442278,60.029920081248996,30.0,3.036685771345789,[30.0 3.036685771345789],1.5551114355350777,False,True,12.829099092712864,128,59.99785047027138,2655.024,in_progress,0.0,0
387,105.0,-1.0828849920259367,1.0642514481941707,66.64659862202201,13.995893589201152,1.5565055245980968,[13.995893589201152 1.5565055245980968],1.5482601573604344,False,True,13.005853301004544,129,59.99785047027138,2655.095,in_progress,0.0,0
387,106.0,-1.0719716124909444,1.1769886494897122,74.12005952636966,-30.0,3.099478301427688,[-30.0 3.099478301427688],1.5872698401238756,False,True,13.18401655928782,129,59.99785047027138,2655.138,in_progress,0.0,0
387,107.0,-1.0647836007797482,1.253770020111852,77.02316219428418,-30.0,2.639353696604494,[-30.0 2.639353696604494],1.4913073419165528,False,True,13.304944412292329,129,59.99785047027138,2655.233,in_progress,0.0,0
387,108.0,-1.01444056694172,1.4289496699677113,74.8766055978676,-30.0,0.5,[-30.0 0.5],1.038138823081112,False,True,13.605047299064172,130,59.99785047027138,2655.271,in_progress,0.0,0
387,109.0,-0.9893792995208803,1.49535489029246,73.47275471400305,-30.0,0.5,[-30.0 0.5],0.9483302051569371,False,True,13.722988612832804,130,59.99785047027138,2655.358,in_progress,0.0,0
387,110.0,-0.9330721855119493,1.6206730578731525,69.77669718993421,-30.0,0.5,[-30.0 0.5],0.9597414204990415,False,True,13.951944104589709,131,59.99785047027138,2655.424,in_progress,0.0,0
387,111.0,-0.8862570879360507,1.6927122018253238,65.55583320394528,-28.92758814259068,1.7568614184183482,[-28.92758814259068 1.7568614184183482],1.3388467847328949,False,True,14.093786276460907,131,59.99785047027138,2655.497,in_progress,0.0,0
387,112.0,-0.8230593017241504,1.767282091299569,59.74100478462264,30.0,2.0275443708668917,[30.0 2.0275443708668917],1.4059862434720367,False,True,14.25009096854824,131,59.99785047027138,2655.533,in_progress,0.0,0
387,113.0,-0.7898648884891097,1.804629678088376,57.1271895576456,-30.0,0.5079079823874897,[-30.0 0.5079079823874897],1.0741132601422736,False,True,14.330012990849127,131,59.99785047027138,2655.629,in_progress,0.0,0
387,114.0,-0.7178620984068633,1.9025329585455388,55.55902106197316,-27.04298109730106,0.5,[-27.04298109730106 0.5],1.0827997176683606,False,True,14.5288269521898,132,59.99785047027138,2655.687,in_progress,0.0,0
387,115.0,-0.6774173811458657,1.9489386840330394,53.943754128313586,30.0,0.5,[30.0 0.5],1.0865159105773396,False,True,14.627562710094445,132,59.99785047027138,2655.757,in_progress,0.0,0
387,116.0,-0.6357399988813275,1.992222168105041,52.03783778980388,-17.481855479294914,0.5,[-17.481855479294914 0.5],1.0899080103033825,False,True,14.72126825956545,132,59.99785047027138,2655.826,in_progress,0.0,0
387,117.0,-0.5992231524657792,2.0324911592133197,51.146564856372365,30.0,1.2061008373714222,[30.0 1.2061008373714222],1.2481992919599267,False,True,14.808112705963893,132,59.99785047027138,2655.887,in_progress,0.0,0
387,118.0,-0.5717028884712403,2.0722702541206273,51.95423110609764,25.07668007332564,2.725941841253057,[25.07668007332564 2.725941841253057],1.5850499246006282,False,True,14.88773281151215,132,59.99785047027138,2655.952,in_progress,0.0,0
387,119.0,-0.5494949470421409,2.136337565851286,56.989555356320096,21.212151783015287,0.8581210636730344,[21.212151783015287 0.8581210636730344],1.178787802437847,False,True,15.000017703481506,133,59.99785047027138,2656.018,in_progress,0.0,0
387,120.0,-0.538691524230001,2.201767267857238,62.91564202319309,-30.0,1.4431818404581394,[-30.0 1.4431818404581394],1.3117576845145993,False,True,15.106124966508139,133,59.99785047027138,2656.088,in_progress,0.0,0
387,121.0,-0.5212589382351686,2.2689141068352754,66.384604417449,-22.78268714962444,2.020188928172264,[-22.78268714962444 2.020188928172264],1.4434167007911465,False,True,15.219151681365673,133,59.99785047027138,2656.163,in_progress,0.0,0
387,122.0,-0.4751416331813678,2.351409255213955,64.28732086172779,-30.0,2.204993112558046,[-30.0 2.204993112558046],1.4916893534904463,False,True,15.376388084141102,133,59.99785047027138,2656.192,in_progress,0.0,0
387,123.0,-0.4489068781895714,2.384215060902695,62.02299543115586,-1.8860899020256525,2.912695724973694,[-1.8860899020256525 2.912695724973694],2.061472643142873,False,True,15.444632759694986,134,59.99785047027138,2656.29,in_progress,0.0,0
387,124.0,-0.36785759343642993,2.502467004488145,59.02131936041775,14.294881596554077,1.3725932738310807,[14.294881596554077 1.3725932738310807],1.653883621602049,False,True,15.680841170743264,134,59.99785047027138,2656.36,in_progress,0.0,0
387,125.0,-0.3140035852706713,2.601994686687096,59.90353592789645,10.591674854071002,0.5580301116831486,[10.591674854071002 0.5580301116831486],1.442350163811729,False,True,15.874914689194208,134,59.99785047027138,2656.424,in_progress,0.0,0
387,126.0,-0.2849260348634385,2.6939813541283,64.45804225219437,-18.42055860436391,3.627977930735031,[-18.42055860436391 3.627977930735031],1.8370068339549679,False,True,16.03477935434421,135,59.99785047027138,2656.488,in_progress,0.0,0
387,127.0,-0.26128677763483366,2.7830217759818883,68.0118807855454,30.0,2.4270130816579245,[30.0 2.4270130816579245],1.5799956749605097,False,True,16.186503628561177,135,59.99785047027138,2656.552,in_progress,0.0,0
387,128.0,-0.2286070217427231,2.869725951903403,68.57382605591123,-30.0,0.5,[-30.0 0.5],1.1634627343042803,False,True,16.341593641805208,135,59.99785047027138,2656.615,in_progress,0.0,0
387,129.0,-0.20795109947668433,2.9581913135110174,72.58044697365393,-20.200769649721003,0.5,[-20.200769649721003 0.5],1.1704697524862975,False,True,16.490558352059647,136,59.99785047027138,2656.678,in_progress,0.0,0
387,130.0,-0.18164100686778106,3.0335501351009646,73.58475329197934,-30.0,2.1671293856232245,[-30.0 2.1671293856232245],1.5431934618457215,False,True,16.623235912437906,136,59.99785047027138,2656.742,in_progress,0.0,0
387,131.0,-0.14341882900344471,3.104513757127702,69.95624507582443,-15.66188637599778,2.1691383623941083,[-15.66188637599778 2.1691383623941083],1.549058966850664,False,True,16.747633236311877,136,59.99785047027138,2656.821,in_progress,0.0,0
387,132.0,-0.08135459004047817,3.1797253979360534,62.90844685694027,-30.0,1.9671914255705265,[-30.0 1.9671914255705265],1.5115776512334564,False,True,16.895879239502598,136,59.99785047027138,2656.882,in_progress,0.0,0
387,133.0,-0.00668864393323651,3.247126215680959,55.165467788784575,29.168240153986602,3.366983518615384,[29.168240153986602 3.366983518615384],1.9932109328637297,False,True,17.054131770303805,137,59.99785047027138,2656.942,in_progress,0.0,0
387,134.0,0.07412938528716467,3.3181396325864405,49.23795605800426,-18.348888479215823,1.2900315246108593,[-18.348888479215823 1.2900315246108593],1.5037067686993246,False,True,17.222584655664207,137,59.99785047027138,2657.025,in_progress,0.0,0
387,135.0,0.15399597583590513,3.407520694943665,47.64859818708769,-30.0,0.5,[-30.0 0.5],1.324268370428574,False,True,17.408641409256596,137,59.99785047027138,2657.079,in_progress,0.0,0
387,136.0,0.21818395517775163,3.463870228219311,45.49023147813263,-30.0,3.799775355867907,[-30.0 3.799775355867907],2.1231966428274807,False,True,17.54878662927538,138,59.99785047027138,2657.152,in_progress,0.0,0
387,137.0,0.2977114113249484,3.5191405391974007,41.6199435195081,-0.8213783003436319,4.0,[-0.8213783003436319 4.0],2.724038450876753,False,True,17.70347695462895,138,59.99785047027138,2657.228,in_progress,0.0,0
387,138.0,0.40120302217788323,3.5873515975578263,38.06578852210831,-30.0,0.5,[-30.0 0.5],1.3511106470840364,False,True,17.91503140124383,138,59.99785047027138,2657.272,in_progress,0.0,0
387,139.0,0.455206945949539,3.6247378519805857,37.6820048839861,-30.0,0.5,[-30.0 0.5],1.355958315865228,False,True,18.024392106367905,138,59.99785047027138,2657.342,in_progress,0.0,0
387,140.0,0.5494550767569941,3.6758928739467676,34.260973496506935,-30.0,0.7327754018493942,[-30.0 0.7327754018493942],1.4212802185334947,False,True,18.20101484397173,139,59.99785047027138,2657.414,in_progress,0.0,0
387,141.0,0.6262096922842496,3.709813785036585,30.99345781768057,-30.0,1.0837994635535741,[-30.0 1.0837994635535741],1.5144712394024802,False,True,18.370362033544385,139,59.99785047027138,2657.486,in_progress,0.0,0
387,142.0,0.6951555579934074,3.728988082394383,26.715776123748267,-28.882888965109743,0.5,[-28.882888965109743 0.5],1.3798589231713727,False,True,18.48930890943209,139,59.99785047027138,2657.558,in_progress,0.0,0
387,143.0,0.7715167403539773,3.740622335456876,21.419803714235183,-30.0,3.235663132995993,[-30.0 3.235663132995993],2.042421954307151,False,True,18.615629446884007,140,59.99785047027138,2657.6,in_progress,0.0,0
387,144.0,0.8090180053613095,3.7429374464269447,18.654613995434335,-30.0,1.2822697772246223,[-30.0 1.2822697772246223],1.4438596664733918,False,True,18.675747865318883,140,59.99785047027138,2657.696,in_progress,0.0,0
387,145.0,0.9131009694349721,3.731039842380584,9.225743521775057,-10.992166309612152,0.7374955687894359,[-10.992166309612152 0.7374955687894359],1.670476850496246,False,True,18.912548374718096,140,59.99785047027138,2657.762,in_progress,0.0,0
387,146.0,0.9884008273814364,3.716641352437956,2.9599943934826998,-30.0,0.5,[-30.0 0.5],1.289588139183669,False,True,19.038148491436026,140,59.99785047027138,2657.81,in_progress,0.0,0
387,147.0,1.0376406158562657,3.7074418917826577,0.24941256424968777,5.0076360722982685,0.5,[5.0076360722982685 0.5],1.6154458883641765,False,True,19.120278975340742,141,59.99785047027138,2657.887,in_progress,0.0,0
387,148.0,1.1033781970318328,3.7038937044412905,-0.5581532828181693,-30.0,0.5,[-30.0 0.5],1.2968313482036533,False,True,19.229868517001336,141,59.99785047027138,2657.955,in_progress,0.0,0
387,149.0,1.1494298365014846,3.7006295205100073,-1.2206855599894861,-27.694554142185677,0.5,[-27.694554142185677 0.5],1.2992893527466292,False,True,19.306645336795924,141,59.99785047027138,2658.025,in_progress,0.0,0
387,150.0,1.1914132028284292,3.6864888493581978,-4.345302461193057,-30.0,0.5,[-30.0 0.5],1.307362859496066,False,True,19.474557495035107,141,59.99785047027138,2658.08,in_progress,0.0,0
387,151.0,1.2239383365287317,3.6731758027493395,-6.855384063675491,-30.0,2.1210341563733355,[-30.0 2.1210341563733355],1.6653416611732035,False,True,19.533077863336466,141,59.99785047027138,2658.151,in_progress,0.0,0
387,152.0,1.2644816653906146,3.65059928527524,-10.968859262819434,-4.2458887183329175,0.904927593486465,[-4.2458887183329175 0.904927593486465],1.7503196312566887,False,True,19.609396080779373,141,59.99785047027138,2658.223,in_progress,0.0,0
387,153.0,1.3104885034362848,3.623474570806505,-15.214753386592108,-30.0,2.0646690436092348,[-30.0 2.0646690436092348],1.6585487190308663,False,True,19.696847444060374,142,59.99785047027138,2658.297,in_progress,0.0,0
387,154.0,1.3694478000552142,3.5889164911282436,-19.373112581193578,0.5542750664215674,1.9704575735703416,[0.5542750664215674 1.9704575735703416],2.053095939811367,False,True,19.80880478624322,142,59.99785047027138,2658.342,in_progress,0.0,0
387,155.0,1.411705243048912,3.5571690139786987,-23.216615856864184,-30.0,4.0,[-30.0 4.0],2.097201477358695,False,True,19.97931717886746,142,59.99785047027138,2658.428,in_progress,0.0,0
387,156.0,1.4935588496513454,3.4909873724961438,-30.033204719589364,-30.0,1.0500364411826462,[-30.0 1.0500364411826462],1.456685989937899,False,True,20.154109943632324,143,59.99785047027138,2658.468,in_progress,0.0,0
387,157.0,1.5294954076596192,3.45265979328732,-33.63292740236179,6.82013790710274,1.0782317680348077,[6.82013790710274 1.0782317680348077],1.8324097252133718,False,True,20.239496769191014,143,59.99785047027138,2658.561,in_progress,0.0,0
387,158.0,1.606416244185055,3.377891837597806,-37.68721282721855,10.220863448990087,3.4304336582606387,[10.220863448990087 3.4304336582606387],2.267330979759103,False,True,20.46994409733671,143,59.99785047027138,2658.609,in_progress,0.0,0
387,159.0,1.6513531910931847,3.346405249876319,-37.02256434338487,-22.637265090492228,0.5,[-22.637265090492228 0.5],1.2308418504221565,False,True,20.560760916766483,143,59.99785047027138,2658.698,in_progress,0.0,0
387,160.0,1.734913345742866,3.2911929637859534,-33.96552628361471,-30.0,0.5,[-30.0 0.5],1.3617945999833145,False,True,20.725928691620076,144,59.99785047027138,2658.732,in_progress,0.0,0
387,161.0,1.7601372005713176,3.2694211618170796,-34.6731319116991,-15.941051231771048,2.7847938222380133,[-15.941051231771048 2.7847938222380133],1.8656995063781296,False,True,20.78145661432168,144,59.99785047027138,2658.826,in_progress,0.0,0
387,162.0,1.8248581992520494,3.20490313069797,-38.19774460136162,30.0,1.3173479652990505,[30.0 1.3173479652990505],1.5511090440813833,False,True,20.952983708687476,144,59.99785047027138,2658.884,in_progress,0.0,0
387,163.0,1.8828507006504263,3.149664879585564,-40.50140331336763,30.0,2.2421335501186594,[30.0 2.2421335501186594],1.7605132081721764,False,True,21.086443552349397,144,59.99785047027138,2658.936,in_progress,0.0,0
387,164.0,1.9232989920721903,3.1209968100309613,-39.49256832536605,-1.1198937802383213,0.7022493271760604,[-1.1198937802383213 0.7022493271760604],1.7807150327182808,False,True,21.167952903264855,144,59.99785047027138,2659.03,in_progress,0.0,0
387,165.0,2.013267766348121,3.0614425593086456,-37.19144748259123,-9.300976244981683,0.792760490150493,[-9.300976244981683 0.792760490150493],1.8162606571059987,False,True,21.344308343059193,145,59.99785047027138,2659.078,in_progress,0.0,0
387,166.0,2.051303390100974,3.0296228601859965,-37.72793761969282,-27.24078641148956,3.4993690110035787,[-27.24078641148956 3.4993690110035787],2.0513552991809143,False,True,21.426663746389785,145,59.99785047027138,2659.163,in_progress,0.0,0
387,167.0,2.1237476913712507,2.9530390088868956,-41.32206894005544,30.0,2.080926294123548,[30.0 2.080926294123548],1.7479817366465125,False,True,21.605850869797415,145,59.99785047027138,2659.199,in_progress,0.0,0
387,168.0,2.157236434205524,2.904040608689357,-45.17818699251384,13.752966754269828,1.9289746422047869,[13.752966754269828 1.9289746422047869],2.1479343285482235,False,True,21.703200081634165,145,59.99785047027138,2659.301,in_progress,0.0,0
387,169.0,2.2464276027364454,2.8167943453881303,-44.71586837351733,-30.0,0.8197798553659996,[-30.0 0.8197798553659996],1.4847075423717087,False,True,21.911118143527876,146,59.99785047027138,2659.333,in_progress,0.0,0
387,170.0,2.2897531123199553,2.782863391896147,-42.97057645579467,-8.68493816463953,0.5396293579152196,[-8.68493816463953 0.5396293579152196],1.783259912432156,False,True,22.004043641868197,146,59.99785047027138,2659.421,in_progress,0.0,0
387,171.0,2.3720157631700776,2.7037252368022875,-43.43264883650945,2.9750942859013776,1.412730557633081,[2.9750942859013776 1.412730557633081],2.0350005114027323,False,True,22.194195343669687,146,59.99785047027138,2659.496,in_progress,0.0,0
387,172.0,2.424811305643951,2.6460169030398557,-44.6806570139493,30.0,4.0,[30.0 4.0],2.2029522641213073,False,True,22.324496848711096,147,59.99785047027138,2659.531,in_progress,0.0,0
387,173.0,2.466960715942643,2.6077814702722732,-43.68289268080892,-10.710127577724485,0.5,[-10.710127577724485 0.5],1.7957449937110093,False,True,22.419163085137185,147,59.99785047027138,2659.627,in_progress,0.0,0
387,174.0,2.5529169669101606,2.5458615004559255,-38.67734081211057,-25.819843147850513,0.5,[-25.819843147850513 0.5],1.4449318756370069,False,True,22.593141028672747,147,59.99785047027138,2659.688,in_progress,0.0,0
387,175.0,2.602378114407143,2.5024404406354863,-38.661455129627996,30.0,1.6626843389426291,[30.0 1.6626843389426291],1.7052379073988675,False,True,22.702497505618457,147,59.99785047027138,2659.747,in_progress,0.0,0
387,176.0,2.6553058719767133,2.462964878489742,-37.91570953423333,5.508487321449174,2.7778049685993302,[5.508487321449174 2.7778049685993302],2.4438035366407695,False,True,22.8111675595584,148,59.99785047027138,2659.829,in_progress,0.0,0
387,177.0,2.7332248928972076,2.4184965237507114,-35.275952007218024,25.40177193560062,1.3162873737243723,[25.40177193560062 1.3162873737243723],1.640050141102325,False,True,22.954842586054948,148,59.99785047027138,2659.864,in_progress,0.0,0
387,178.0,2.770234425660738,2.3983592574796018,-34.28584615313332,18.992539163155357,0.8857678296028656,[18.992539163155357 0.8857678296028656],1.5473739033674114,False,True,23.021908669932078,148,59.99785047027138,2659.945,in_progress,0.0,0
387,179.0,2.875882491723525,2.359028556019373,-28.458986998554195,-30.0,0.5,[-30.0 0.5],1.6042453278616566,False,True,23.191333247838386,148,59.99785047027138,2660.011,in_progress,0.0,0
387,180.0,2.941735709997345,2.3387542620465434,-25.413647544715094,-13.927661993081443,4.0,[-13.927661993081443 4.0],3.0608057147666807,False,True,23.29224304099372,148,59.99785047027138,2660.085,in_progress,0.0,0
387,181.0,3.018304885225437,2.3069203702606935,-24.393798152599516,-29.560576291787292,1.4557264552125724,[-29.560576291787292 1.4557264552125724],1.8440992165674555,False,True,23.4194151043037,149,59.99785047027138,2660.157,in_progress,0.0,0
387,182.0,3.0910258399974433,2.2514453625066615,-28.784576745119047,-30.0,3.7449418660335247,[-30.0 3.7449418660335247],2.4011008705409926,False,True,23.570268565913,149,59.99785047027138,2660.218,in_progress,0.0,0
387,183.0,3.1572331530095186,2.18400245258985,-34.88995573904281,-30.0,0.5719887270631543,[-30.0 0.5719887270631543],1.6476258388650635,False,True,23.728153361002637,149,59.99785047027138,2660.293,in_progress,0.0,0
387,184.0,3.2172449325225854,2.103927417186287,-41.81861171031422,-25.003956651355704,4.0,[-25.003956651355704 4.0],2.4788227702058503,False,True,23.893045279598834,150,59.99785047027138,2660.353,in_progress,0.0,0
387,185.0,3.2661118833019662,2.0308025716536724,-46.68467731072815,-30.0,3.0856392333531466,[-30.0 3.0856392333531466],2.2664879130648186,False,True,24.036569821576204,150,59.99785047027138,2660.416,in_progress,0.0,0
387,186.0,3.306823204766884,1.9360090272090305,-54.46903300006199,19.449303572033365,4.0,[19.449303572033365 4.0],2.494015695339705,False,True,24.195422994983538,150,59.99785047027138,2660.493,in_progress,0.0,0
387,187.0,3.353757814361409,1.8169286707068917,-61.18730141472797,17.434340595331847,4.0,[17.434340595331847 4.0],2.2956634971135617,False,True,24.390096907748305,151,59.99785047027138,2660.553,in_progress,0.0,0
387,188.0,3.4092526183194227,1.7169814130712588,-61.171899269993155,-19.339019485707368,0.5,[-19.339019485707368 0.5],1.534435561518708,False,True,24.572683563986473,151,59.99785047027138,2660.624,in_progress,0.0,0
387,189.0,3.481022716839752,1.5940045308360145,-60.573790916592216,30.0,0.6742362513468994,[30.0 0.6742362513468994],1.5845823853783874,False,True,24.80796162869029,151,59.99785047027138,2660.692,in_progress,0.0,0
387,190.0,3.5442203687299747,1.4837651984261035,-60.27421517404434,29.00236826216262,0.8096173088341372,[29.00236826216262 0.8096173088341372],1.6244111527250622,False,True,25.012894861759904,152,59.99785047027138,2660.733,in_progress,0.0,0
387,191.0,3.572655563646825,1.4415271161652545,-59.40453052615246,30.0,2.0263689408508174,[30.0 2.0263689408508174],1.8951148634570818,False,True,25.096341064413885,152,59.99785047027138,2660.826,in_progress,0.0,0
387,192.0,3.6629592022883037,1.3377338046368024,-54.25425534449559,30.0,0.8921843371174885,[30.0 0.8921843371174885],1.50658708202687,False,True,25.329346978107793,152,59.99785047027138,2660.893,in_progress,0.0,0
387,193.0,3.7425586336285517,1.2746271561106268,-47.85036576403469,21.819701633038008,0.5,[21.819701633038008 0.5],1.5788434293652054,False,True,25.497103194063154,153,59.99785047027138,2660.958,in_progress,0.0,0
387,194.0,3.8117160023797,1.22832741697942,-43.01928177542641,9.524277771486368,0.5,[9.524277771486368 0.5],1.9810753889544201,False,True,25.632598990810116,153,59.99785047027138,2661.032,in_progress,0.0,0
387,195.0,3.8785314998057223,1.2000530678746923,-37.36154375831351,-26.752028527264514,0.9905880684401241,[-26.752028527264514 0.9905880684401241],1.6973803078642278,False,True,25.74328682796968,153,59.99785047027138,2661.064,in_progress,0.0,0
387,196.0,3.915555410899179,1.1844043495265453,-34.971856398942926,-21.14048396080952,0.5,[-21.14048396080952 0.5],1.5912262413172045,False,True,25.804878806109766,153,59.99785047027138,2661.148,in_progress,0.0,0
387,197.0,3.976476645272868,1.1452423717980762,-34.32380842220169,-4.5731887301355485,0.5,[-4.5731887301355485 0.5],1.9952668582026067,False,True,25.922328253989857,153,59.99785047027138,2661.224,in_progress,0.0,0
387,198.0,4.023727299156824,1.1113842948821968,-34.56339496132245,21.970087423460157,2.721441465697592,[21.970087423460157 2.721441465697592],2.088649917316626,False,True,26.0176049647041,154,59.99785047027138,2661.282,in_progress,0.0,0
387,199.0,4.064486169358818,1.0861874495640056,-33.883503138163945,-0.9777465914440562,0.5,[-0.9777465914440562 0.5],2.0032909301035047,False,True,26.09497804340566,154,59.99785047027138,2661.362,in_progress,0.0,0
387,200.0,4.1200142193067935,1.0526729511231459,-33.05240347019745,-9.705399886432712,0.5,[-9.705399886432712 0.5],2.0086072701049247,False,True,26.199412141490065,154,59.99785047027138,2661.391,in_progress,0.0,0
387,201.0,4.140345343682916,1.038542991033292,-33.21807760793478,-30.0,0.5,[-30.0 0.5],1.607235728678331,False,True,26.235393580241396,154,59.99785047027138,2661.475,in_progress,0.0,0
387,202.0,4.184372396762073,0.9925302304634361,-36.761637152028136,30.0,1.8869209472127533,[30.0 1.8869209472127533],1.9167168846589604,False,True,26.341482724096732,154,59.99785047027138,2661.547,in_progress,0.0,0
387,203.0,4.212026179563712,0.953906173036795,-40.26830515120482,28.877959955649366,0.5,[28.877959955649366 0.5],1.6143554765647394,False,True,26.419466014050176,154,59.99785047027138,2661.613,in_progress,0.0,0
387,204.0,4.250164209971936,0.9293721434056071,-38.8463786475527,25.43544904812166,0.5,[25.43544904812166 0.5],1.6168974475399442,False,True,26.493479995342074,155,59.99785047027138,2661.686,in_progress,0.0,0
387,205.0,4.292929634397332,0.9161438113545863,-34.89019382997024,30.0,0.5,[30.0 0.5],1.7661921987630986,False,True,26.5598052118733,155,59.99785047027138,2661.738,in_progress,0.0,0
387,206.0,4.337296227890152,0.9127157624087017,-29.540007791492073,-16.182344988056325,0.5,[-16.182344988056325 0.5],1.767914573076918,False,True,26.616597739304147,155,59.99785047027138,2661.822,in_progress,0.0,0
387,207.0,4.382681796014354,0.9047651108663307,-25.80190349863346,14.243443292821674,0.5,[14.243443292821674 0.5],2.2125600367451024,False,True,26.679881072324708,155,59.99785047027138,2661.883,in_progress,0.0,0
387,208.0,4.417835828890332,0.8944009399130232,-24.35452122456841,-23.40700771741116,0.5,[-23.40700771741116 0.5],1.771612023239435,False,True,26.73380675782543,155,59.99785047027138,2661.956,in_progress,0.0,0
387,209.0,4.459857694707385,0.8847139203045868,-22.42376344483772,-24.856218701507768,0.5,[-24.856218701507768 0.5],1.7737701283392615,False,True,26.797201153645446,155,59.99785047027138,2662.027,in_progress,0.0,0
387,210.0,4.499949039607775,0.8712011585020432,-21.722659723940254,-8.119463996880668,0.5,[-8.119463996880668 0.5],2.220079061902112,False,True,26.86264957326849,155,59.99785047027138,2662.085,in_progress,0.0,0
387,211.0,4.53190544148232,0.854885400911448,-22.433041400480658,-25.341419054037605,0.5,[-25.341419054037605 0.5],1.7779159859965394,False,True,26.92081717457616,155,59.99785047027138,2662.148,in_progress,0.0,0
387,212.0,4.562205521271381,0.8345710519365505,-24.21676840357734,-18.946211931827854,1.043304896263443,[-18.946211931827854 1.043304896263443],1.910307689182817,False,True,26.98121119497503,155,59.99785047027138,2662.22,in_progress,0.0,0
387,213.0,4.597544845519084,0.7973570502601882,-28.758600805986145,-30.0,0.5,[-30.0 0.5],1.7834378428840005,False,True,27.066278769554142,156,59.99785047027138,2662.292,in_progress,0.0,0
387,214.0,4.626242650083205,0.7528132400269041,-34.7113388979771,25.674315900385565,0.5,[25.674315900385565 0.5],1.7869363203739086,False,True,27.150856733362904,156,59.99785047027138,2662.347,in_progress,0.0,0
387,215.0,4.651064259038579,0.7164111688935888,-38.511233533046834,-8.158566205554187,1.2120800834846008,[-8.158566205554187 1.2120800834846008],2.4506218977568355,False,True,27.221711383192893,156,59.99785047027138,2662.423,in_progress,0.0,0
387,216.0,4.687489556722619,0.6741535964649071,-40.96053105427218,30.0,1.4304369598212245,[30.0 1.4304369598212245],2.016897839078618,False,True,27.314205340897313,156,59.99785047027138,2662.493,in_progress,0.0,0
387,217.0,4.737476707434567,0.6321568592183944,-40.650841448399014,30.0,0.5,[30.0 0.5],1.7985200999731843,False,True,27.421866141648245,156,59.99785047027138,2662.549,in_progress,0.0,0
387,218.0,4.779432470538415,0.6045399748589665,-39.21024725086087,-23.236735616028547,1.494819819939156,[-23.236735616028547 1.494819819939156],2.0407399028659303,False,True,27.5055487598295,157,59.99785047027138,2662.604,in_progress,0.0,0
387,219.0,4.829126757551644,0.5635113405309928,-39.477599346544544,30.0,0.5,[30.0 0.5],1.8068389315742,False,True,27.611946796601494,157,59.99785047027138,2662.678,in_progress,0.0,0
387,220.0,4.870725741771796,0.5191033589539022,-41.30052693320695,30.0,3.384301616112272,[30.0 3.384301616112272],2.5034091171415214,False,True,27.70982037141765,157,59.99785047027138,2662.745,in_progress,0.0,0
387,221.0,4.918665410758884,0.4845875015508826,-39.97635601241875,30.0,0.5,[30.0 0.5],1.8149442268572429,False,True,27.79828740856294,157,59.99785047027138,2662.81,in_progress,0.0,0
387,222.0,4.978580400621844,0.46463866135762083,-33.701278104628884,-11.453824534119523,2.343123958802668,[-11.453824534119523 2.343123958802668],2.827572680504734,False,True,27.90304563655225,157,59.99785047027138,2662.892,in_progress,0.0,0
387,223.0,5.044731119111928,0.4435974125440475,-29.279110193131938,30.0,0.5,[30.0 0.5],1.8250979043757924,False,True,28.018040682231327,158,59.99785047027138,2662.947,in_progress,0.0,0
387,224.0,5.099583600232469,0.42078050362602065,-27.791023024317784,20.83743157821162,2.185194800116922,[20.83743157821162 2.185194800116922],2.233314256783511,False,True,28.10637343347778,158,59.99785047027138,2663.016,in_progress,0.0,0
387,225.0,5.167621038997152,0.40497132261435803,-23.74643118653005,8.442048260414225,2.320361377280448,[8.442048260414225 2.320361377280448],2.8390424854039367,False,True,28.222791394037017,158,59.99785047027138,2663.083,in_progress,0.0,0
387,226.0,5.250938363136491,0.3958958927572959,-18.190723027579452,30.0,1.746001117554574,[30.0 1.746001117554574],2.1402266171607307,False,True,28.3615927127695,159,59.99785047027138,2663.16,in_progress,0.0,0
387,227.0,5.360086973082448,0.4013460029363886,-9.73629189994527,-20.01559726790424,2.9757440762030534,[-20.01559726790424 2.9757440762030534],2.444433908431441,False,True,28.5371972853398,159,59.99785047027138,2663.198,in_progress,0.0,0
387,228.0,5.412894647859384,0.40928747249438285,-5.599379627426109,30.0,3.0588323694408253,[30.0 3.0588323694408253],2.46805832510826,False,True,28.623985685216535,160,59.99785047027138,2663.294,in_progress,0.0,0
387,229.0,5.586703976698089,0.4490533801559661,6.157414057108439,30.0,1.5871699919173095,[30.0 1.5871699919173095],2.1314143959127607,False,True,28.923385596702545,161,59.99785047027138,2663.327,in_progress,0.0,0
387,230.0,5.642108338975602,0.4710579684117022,10.723511251147192,17.6688542854153,4.0,[17.6688542854153 4.0],2.715911071791305,False,True,29.03890732988198,161,59.99785047027138,2663.421,in_progress,0.0,0
387,231.0,5.791084838288887,0.5436284208020968,21.392724672482053,30.0,3.6393197400065644,[30.0 3.6393197400065644],2.645471653140662,False,True,29.33162816816981,162,59.99785047027138,2663.486,in_progress,0.0,0
387,232.0,5.905351192018123,0.6256241737319752,31.917348680499618,-12.254992727363316,3.4075400786485304,[-12.254992727363316 3.4075400786485304],3.2543640004085423,False,True,29.583604129559614,163,59.99785047027138,2663.552,in_progress,0.0,0
387,233.0,6.014039364916243,0.7169272267247644,41.672928150975565,-3.7605883786255667,4.0,[-3.7605883786255667 4.0],3.162748744722244,False,True,29.850538420841378,164,59.99785047027138,2663.617,in_progress,0.0,0
387,234.0,6.133410730299574,0.8128589811340172,48.21969327936032,30.0,4.0,[30.0 4.0],2.775371073354785,False,True,30.127980384066,166,59.99785047027138,2663.688,in_progress,0.0,0
387,235.0,6.258694603196113,0.9363653657625187,56.55521595731284,-6.557503279473732,4.0,[-6.557503279473732 4.0],3.4883925892128076,False,True,30.408820442242256,167,59.99785047027138,2663.755,in_progress,0.0,0
387,236.0,6.362155480445244,1.0622266115590446,64.40422823815967,30.0,1.6885922547795489,[30.0 1.6885922547795489],2.2481119351555354,False,True,30.63660221520771,168,59.99785047027138,2663.823,in_progress,0.0,0
387,237.0,6.469949097010617,1.2052790010168943,71.37542327402832,25.088087375873627,2.6870077437621305,[25.088087375873627 2.6870077437621305],2.2911985563642157,False,True,30.858261970050183,168,59.99785047027138,2663.886,in_progress,0.0,0
387,238.0,6.562594114641048,1.3434564383250054,76.08548304252923,30.0,0.5,[30.0 0.5],1.6556944589492588,False,True,31.087874221477662,169,59.99785047027138,2663.926,in_progress,0.0,0
387,239.0,6.602657853832748,1.4100115528266635,78.4333723035976,30.0,1.1162553715407868,[30.0 1.1162553715407868],1.7783715368859334,False,True,31.102409251555517,169,59.99785047027138,2664.015,in_progress,0.0,0
387,240.0,6.698819206584293,1.5650569519451278,81.2693997785308,30.0,0.5,[30.0 0.5],0.7810459461915658,False,False,31.267786217967995,169,59.99785047027138,2664.09,in_progress,0.0,0
387,241.0,6.768141357175289,1.6694573851766377,80.62952170778776,-1.3354987460900318,1.4515471838502088,[-1.3354987460900318 1.4515471838502088],0.9797973945088516,False,False,31.405426420018824,170,59.99785047027138,2664.161,in_progress,0.0,0
387,242.0,6.823009381363618,1.7547136865038908,77.82813585136704,19.342154586594546,2.1413203990759304,[19.342154586594546 2.1413203990759304],0.7860191181720242,False,False,31.5185884019475,170,59.99785047027138,2664.221,in_progress,0.0,0
387,243.0,6.868177273278024,1.8508449697901366,74.83099391329904,-8.83950419494873,1.0366663569326082,[-8.83950419494873 1.0366663569326082],0.9825226555058415,True,False,31.544148413608596,170,59.99785047027138,2664.292,off_track,0.0,0
388,1.0,-4.5329993952611725,0.7023480024856851,-52.50074816163164,23.516580925339014,3.222685113239479,[23.516580925339014 3.222685113239479],0.0,False,True,0.23332552008957785,108,59.99785047027138,2664.39,prepare,0.0,0
388,2.0,-4.533004192637776,0.7023442967558591,-52.50250976417194,-17.323445366719188,0.5,[-17.323445366719188 0.5],0.3551917424533364,False,True,0.2333251413227544,108,59.99785047027138,2664.497,in_progress,0.0,0
388,3.0,-4.528763574798466,0.6896328148043334,-53.491325696692115,-7.864477781098717,1.1603410321341003,[-7.864477781098717 1.1603410321341003],0.5920594765648233,False,True,0.2541220488797846,108,59.99785047027138,2664.53,in_progress,0.0,0
388,4.0,-4.525136050786362,0.6787075801121044,-54.40822260859778,-4.077621589481097,0.5,[-4.077621589481097 0.5],0.36214297372122245,False,True,0.2719781714374647,108,59.99785047027138,2664.625,in_progress,0.0,0
388,5.0,-4.5065188536808405,0.6399550546384631,-56.14218339378926,-0.269805881805393,0.5,[-0.269805881805393 0.5],0.375359610559527,False,True,0.34145395539322276,108,59.99785047027138,2664.69,in_progress,0.0,0
388,6.0,-4.490496823943988,0.6079334978340318,-57.219730499363656,-5.5347219865311175,1.8811194016721777,[-5.5347219865311175 1.8811194016721777],0.7937882667322826,False,True,0.39954406060059844,108,59.99785047027138,2664.757,in_progress,0.0,0
388,7.0,-4.472128092141614,0.5684792150424659,-58.65598729144863,17.26865144131699,1.2287243350865151,[17.26865144131699 1.2287243350865151],0.48651216830336397,False,True,0.4696527644181381,108,59.99785047027138,2664.809,in_progress,0.0,0
388,8.0,-4.448554342130337,0.5269343787960876,-59.08660722419795,15.423521236194937,0.5,[15.423521236194937 0.5],0.32166185052397434,False,True,0.5479941590325388,109,59.99785047027138,2664.878,in_progress,0.0,0
388,9.0,-4.412494651641538,0.4879861962581627,-56.54263123984859,-30.0,0.5,[-30.0 0.5],0.3338110085097991,False,True,0.636342287231545,109,59.99785047027138,2664.952,in_progress,0.0,0
388,10.0,-4.375877819719428,0.4513819821947926,-54.04578176783362,11.31568944429388,0.5,[11.31568944429388 0.5],0.4297213445587982,False,True,0.7222851620062865,109,59.99785047027138,2665.016,in_progress,0.0,0
388,11.0,-4.3419611374770835,0.4169917895942795,-52.39074559996514,30.0,0.5,[30.0 0.5],0.3506517009896062,False,True,0.800873961769466,109,59.99785047027138,2665.087,in_progress,0.0,0
388,12.0,-4.307541035627611,0.39204892792042545,-49.49892557850432,17.57331580605171,0.5,[17.57331580605171 0.5],0.3544938500837102,False,True,0.8699828912923036,109,59.99785047027138,2665.151,in_progress,0.0,0
388,13.0,-4.264440595847615,0.37334481199129077,-44.602206883816216,21.214741047843333,1.485227055403934,[21.214741047843333 1.485227055403934],0.595159950524495,False,True,0.9408435814148963,109,59.99785047027138,2665.213,in_progress,0.0,0
388,14.0,-4.209185383309293,0.3575114753832858,-38.22838158184197,-12.537537493470243,2.140956725700968,[-12.537537493470243 2.140956725700968],0.9487357580131229,False,True,1.0214958010094422,110,59.99785047027138,2665.291,in_progress,0.0,0
388,15.0,-4.148110349104716,0.33551083513849556,-33.711451065086926,-30.0,2.9874305496008837,[-30.0 2.9874305496008837],0.971493550168181,False,True,1.1162728871226713,110,59.99785047027138,2665.359,in_progress,0.0,0
388,16.0,-4.082782430656808,0.2906463563210966,-34.05997324652051,-30.0,3.1321062679936547,[-30.0 3.1321062679936547],1.0222398057704487,False,True,1.2443406722628558,110,59.99785047027138,2665.427,in_progress,0.0,0
388,17.0,-4.014794966111796,0.21761247353843644,-38.92417405641847,-10.275903125469675,1.483076286054036,[-10.275903125469675 1.483076286054036],0.8145274473745371,False,True,1.4215560059935628,110,59.99785047027138,2665.468,in_progress,0.0,0
388,18.0,-3.977283195209225,0.16829649181852674,-42.68567433459006,22.962148874935025,0.5,[22.962148874935025 0.5],0.42404955711106407,False,True,1.523455059364509,111,59.99785047027138,2665.561,in_progress,0.0,0
388,19.0,-3.8951346016897155,0.08259608275051891,-44.400981795013735,-20.45434855385937,0.5,[-20.45434855385937 0.5],0.4504469577822161,False,True,1.7210779051157088,111,59.99785047027138,2665.608,in_progress,0.0,0
388,20.0,-3.8628918684961113,0.051263723649707146,-44.40347471643189,-18.904858122057995,2.3987965810048864,[-18.904858122057995 2.3987965810048864],0.9105094916028966,False,True,1.8083242169228908,111,59.99785047027138,2665.686,in_progress,0.0,0
388,21.0,-3.8077150870563097,-0.025182531840672595,-47.978535317275444,-20.6596701069246,2.43243990329103,[-20.6596701069246 2.43243990329103],0.9338291923698638,False,True,1.956544599278548,111,59.99785047027138,2665.759,in_progress,0.0,0
388,22.0,-3.7672728558138187,-0.11503535505463461,-54.50372556063784,-1.7689492514830576,2.9884036763207567,[-1.7689492514830576 2.9884036763207567],1.3506414428507834,False,True,2.097342935533092,112,59.99785047027138,2665.816,in_progress,0.0,0
388,23.0,-3.723523095140699,-0.21263448344435948,-58.89951773437279,-20.55305474528526,3.7067146528358434,[-20.55305474528526 3.7067146528358434],1.2676173230404613,False,True,2.2500345616658257,112,59.99785047027138,2665.904,in_progress,0.0,0
388,24.0,-3.6711889435400127,-0.33990641700224633,-63.33448214022915,16.897533960318974,0.8046194148279922,[16.897533960318974 0.8046194148279922],0.5341641968847329,False,True,2.3873524440011673,112,59.99785047027138,2665.944,in_progress,0.0,0
388,25.0,-3.6469723419254385,-0.4167624912454567,-67.13799521401673,-27.157807346041167,1.6706798675802783,[-27.157807346041167 1.6706798675802783],0.6617077679322598,False,True,2.475833329889915,112,59.99785047027138,2666.023,in_progress,0.0,0
388,26.0,-3.6074501062050794,-0.5497981188379002,-71.51265774994731,-24.34844453519782,4.0,[-24.34844453519782 4.0],1.1383765153213683,False,True,2.6253350326657876,113,59.99785047027138,2666.088,in_progress,0.0,0
388,27.0,-3.581852491580543,-0.6804569233711464,-75.0662457725945,-7.99770811088203,0.5,[-7.99770811088203 0.5],0.2162281891683367,False,False,2.7519951348697393,113,59.99785047027138,2666.15,in_progress,0.0,0
388,28.0,-3.5750042518404235,-0.7864038764188466,-79.8851431910085,0.7735370962432739,0.9771853362059127,[0.7735370962432739 0.9771853362059127],0.21547915486563013,False,False,2.8084923555520334,113,59.99785047027138,2666.218,in_progress,0.0,0
388,29.0,-3.5707442907497136,-0.9003699048061882,-83.27800316865672,-1.0120402869758323,1.2785350314493407,[-1.0120402869758323 1.2785350314493407],0.2106369266664025,False,False,2.8084923555520334,113,59.99785047027138,2666.289,in_progress,0.0,0
388,30.0,-3.566139020756877,-1.0119231197876246,-84.98576694891239,-20.359217683531526,3.849307074010876,[-20.359217683531526 3.849307074010876],0.16488568022918387,True,False,2.8084923555520334,113,59.99785047027138,2666.362,off_track,0.0,0
389,1.0,-1.927792575509838,-0.26998131836068956,12.709331969576015,7.8976399819898475,2.6816826922086627,[7.8976399819898475 2.6816826922086627],0.0,False,True,0.23322103237115588,120,59.99785047027138,2666.459,prepare,0.0,0
389,2.0,-1.9277853271484795,-0.27001339427002585,12.69573924873016,-7.286361669724172,0.5,[-7.286361669724172 0.5],0.443855662931872,False,True,0.23321878010466035,120,59.99785047027138,2666.55,in_progress,0.0,0
389,3.0,-1.9185005026342612,-0.27214588625406944,11.607588196536367,30.0,1.762448083016047,[30.0 1.762448083016047],0.6128642463939716,False,True,0.24723529488296925,120,59.99785047027138,2666.628,in_progress,0.0,0
389,4.0,-1.892090979050265,-0.2672062276082585,11.63169809905457,24.226739820496427,1.9343946760293553,[24.226739820496427 1.9343946760293553],0.6463868334198984,False,True,0.2918783832898286,120,59.99785047027138,2666.666,in_progress,0.0,0
389,5.0,-1.8744457251587512,-0.2559329164264707,13.454605546764618,30.0,0.5366425047756934,[30.0 0.5366425047756934],0.3000154052819366,False,True,0.3242825835904739,120,59.99785047027138,2666.748,in_progress,0.0,0
389,6.0,-1.832300287020044,-0.2228859556193536,18.48475238906655,30.0,0.5,[30.0 0.5],0.30826354085013685,False,True,0.40977760757181514,121,59.99785047027138,2666.811,in_progress,0.0,0
389,7.0,-1.799893732946642,-0.19020782567715738,23.38661466495899,-0.0813975976964727,0.5,[-0.0813975976964727 0.5],0.39476657364220297,False,True,0.47993445812196667,121,59.99785047027138,2666.888,in_progress,0.0,0
389,8.0,-1.766704929201027,-0.16247625495829462,26.404808218545085,30.0,4.0,[30.0 4.0],1.1649145039675648,False,True,0.5568328912162079,121,59.99785047027138,2666.952,in_progress,0.0,0
389,9.0,-1.7261625278934396,-0.13924972942877734,27.281376840396973,30.0,4.0,[30.0 4.0],1.1732577088286833,False,True,0.6346955619901284,122,59.99785047027138,2667.02,in_progress,0.0,0
389,10.0,-1.6820077242896583,-0.09679931681515233,31.213535289066776,27.587952803029033,4.0,[27.587952803029033 4.0],1.1908309223412736,False,True,0.7450528596696038,122,59.99785047027138,2667.092,in_progress,0.0,0
389,11.0,-1.6349087814616712,-0.032249872440316255,38.11574212586674,16.257878004482855,2.624165095903598,[16.257878004482855 2.624165095903598],0.8809378965942541,False,True,0.8720078943659393,123,59.99785047027138,2667.158,in_progress,0.0,0
389,12.0,-1.589156114118849,0.044590344264038385,45.303753959966556,30.0,0.5028628801317454,[30.0 0.5028628801317454],0.3651220207255428,False,True,1.0300119652102313,123,59.99785047027138,2667.225,in_progress,0.0,0
389,13.0,-1.5508078952779245,0.1265238986521424,52.1565386826131,30.0,0.5,[30.0 0.5],0.3929798063244388,False,True,1.2167436389871444,124,59.99785047027138,2667.289,in_progress,0.0,0
389,14.0,-1.5265003739728364,0.18982915959426538,56.56089881779296,10.087226132440534,0.5,[10.087226132440534 0.5],0.5022366471633206,False,True,1.3263150805938928,125,59.99785047027138,2667.361,in_progress,0.0,0
389,15.0,-1.5033580082188005,0.2449483325885217,59.426751786873425,-30.0,1.878473637073265,[-30.0 1.878473637073265],0.7149018165647362,False,True,1.4432421837732912,125,59.99785047027138,2667.431,in_progress,0.0,0
389,16.0,-1.4672495153253373,0.2993681018753457,58.55535514940841,-13.437606643951245,1.2406871640624495,[-13.437606643951245 1.2406871640624495],0.727816420351755,False,True,1.5519874035390513,125,59.99785047027138,2667.478,in_progress,0.0,0
389,17.0,-1.430756846633807,0.3337874656675269,55.423645919850145,-8.984181702667183,1.5170969498111018,[-8.984181702667183 1.5170969498111018],0.8062791150084253,False,True,1.6324928131903726,126,59.99785047027138,2667.569,in_progress,0.0,0
389,18.0,-1.342312438239939,0.4032871860760324,48.44082475404645,-11.209092089227205,0.7012603115193099,[-11.209092089227205 0.7012603115193099],0.6109760093377974,False,True,1.8284140505707147,126,59.99785047027138,2667.613,in_progress,0.0,0
389,19.0,-1.2997503576859148,0.4299690678952153,45.14363480661758,13.48478563204118,0.5,[13.48478563204118 0.5],0.6054832348730278,False,True,1.897846811970949,126,59.99785047027138,2667.688,in_progress,0.0,0
389,20.0,-1.23128425803341,0.47445051849563735,41.333959730985946,18.29059060746887,3.1332775949382263,[18.29059060746887 3.1332775949382263],1.1244782610971407,False,True,2.0119147131047566,127,59.99785047027138,2667.755,in_progress,0.0,0
389,21.0,-1.172546194507494,0.5224672311271692,40.58913234550212,3.525334781081355,1.4784072599410285,[3.525334781081355 1.4784072599410285],0.9186758067742427,False,True,2.124670697850112,127,59.99785047027138,2667.795,in_progress,0.0,0
389,22.0,-1.1354874498378797,0.558399985382458,41.22845840748156,-1.6371984743753742,0.5096682131858885,[-1.6371984743753742 0.5096682131858885],0.6301666997028628,False,True,2.204241651040806,127,59.99785047027138,2667.891,in_progress,0.0,0
389,23.0,-1.0658742865500308,0.6187363646409091,41.01059940839787,20.268761730705158,1.7831546147393285,[20.268761730705158 1.7831546147393285],0.8215421763431779,False,True,2.342768266700829,127,59.99785047027138,2667.954,in_progress,0.0,0
389,24.0,-1.0161175892630965,0.6675265319734836,42.016110180709006,6.934798655409551,0.5,[6.934798655409551 0.5],0.5957317113607239,False,True,2.4504369591482558,128,59.99785047027138,2668.019,in_progress,0.0,0
389,25.0,-0.969733835631886,0.7366289434973263,46.6199608714505,30.0,3.8285074704428226,[30.0 3.8285074704428226],1.2195663993699943,False,True,2.5924058278770867,128,59.99785047027138,2668.092,in_progress,0.0,0
389,26.0,-0.9338742820280619,0.7984470185449819,50.43728756878241,30.0,0.5,[30.0 0.5],0.4943723453606801,False,True,2.711090210224232,128,59.99785047027138,2668.151,in_progress,0.0,0
389,27.0,-0.9144922095865804,0.872692571818456,58.49592200265063,-30.0,0.5,[-30.0 0.5],0.5022881688624737,False,True,2.836794609542681,128,59.99785047027138,2668.218,in_progress,0.0,0
389,28.0,-0.8988653366120607,0.9280996786912136,62.09376582040953,-30.0,0.5142961575751237,[-30.0 0.5142961575751237],0.5089893408468372,False,True,2.931430387954287,129,59.99785047027138,2668.284,in_progress,0.0,0
389,29.0,-0.8744956645444342,0.9732702371029429,62.05874929093121,24.485025542692014,3.139496417366656,[24.485025542692014 3.139496417366656],1.088913429180206,False,True,3.016850131511678,129,59.99785047027138,2668.357,in_progress,0.0,0
389,30.0,-0.8509185945285638,1.019255104104208,62.543477628603775,30.0,4.0,[30.0 4.0],1.2807454570869932,False,True,3.102674617806389,129,59.99785047027138,2668.422,in_progress,0.0,0
389,31.0,-0.8396428199409537,1.082647675843119,67.03314686209573,-30.0,0.5,[-30.0 0.5],0.5624693900458768,False,True,3.206299927868672,129,59.99785047027138,2668.49,in_progress,0.0,0
389,32.0,-0.8350719355741896,1.1437143455149252,72.73869051378982,30.0,0.5,[30.0 0.5],0.5666253317934368,False,True,3.301665759225675,129,59.99785047027138,2668.556,in_progress,0.0,0
389,33.0,-0.8299966127510802,1.19499518429939,75.210487087378,-30.0,1.5725953810520812,[-30.0 1.5725953810520812],0.8263172269106998,False,True,3.382625754782537,130,59.99785047027138,2668.619,in_progress,0.0,0
389,34.0,-0.8196245009711354,1.2463071695071843,75.61381584161576,-30.0,0.5,[-30.0 0.5],0.5717508115901972,False,True,3.467385615275637,130,59.99785047027138,2668.696,in_progress,0.0,0
389,35.0,-0.7912716322442933,1.2984710498535785,72.28038224098255,-30.0,3.1085708362880027,[-30.0 3.1085708362880027],1.2025268099250832,False,True,3.5661703844997064,130,59.99785047027138,2668.737,in_progress,0.0,0
389,36.0,-0.7753087846567286,1.3245552997884351,70.45773906722923,-30.0,4.0,[-30.0 4.0],1.415131266218399,False,True,3.616807742714939,130,59.99785047027138,2668.827,in_progress,0.0,0
389,37.0,-0.7173101010483415,1.385091153899555,62.759290844521544,-30.0,2.7416819928204452,[-30.0 2.7416819928204452],1.1221163252527147,False,True,3.74920930805287,130,59.99785047027138,2668.896,in_progress,0.0,0
389,38.0,-0.6452664475798902,1.4325928984099912,53.17483439054869,30.0,0.5,[30.0 0.5],0.5424598799184268,False,True,3.871885977231093,131,59.99785047027138,2668.933,in_progress,0.0,0
389,39.0,-0.5975425744407237,1.4593819743929093,46.83827603705035,-30.0,0.5,[-30.0 0.5],0.544070196404614,False,True,3.9460926945873998,131,59.99785047027138,2669.027,in_progress,0.0,0
389,40.0,-0.5169758529742849,1.5058449485523,38.60050934354519,30.0,0.5,[30.0 0.5],0.5514989882046314,False,True,4.073235489736699,131,59.99785047027138,2669.087,in_progress,0.0,0
389,41.0,-0.46955936844652046,1.5319814401932583,34.93779358580725,-14.18828365537326,1.8772782410119815,[-14.18828365537326 1.8772782410119815],1.070217003819614,False,True,4.147335200844099,131,59.99785047027138,2669.158,in_progress,0.0,0
389,42.0,-0.41010045433996545,1.5610651706872294,32.36576672745623,30.0,0.5,[30.0 0.5],0.5056296790539084,False,True,4.23351364061118,131,59.99785047027138,2669.228,in_progress,0.0,0
389,43.0,-0.35015484205167613,1.5890824925437792,30.39695484689236,30.0,0.5,[30.0 0.5],0.508288102677901,False,True,4.318431855247029,131,59.99785047027138,2669.292,in_progress,0.0,0
389,44.0,-0.3109235396118727,1.6196188213395253,32.03796760933725,30.0,0.5,[30.0 0.5],0.5099564544261823,False,True,4.392390583137668,132,59.99785047027138,2669.361,in_progress,0.0,0
389,45.0,-0.27892144167653704,1.648748843215786,33.80264941859463,22.09439120017918,2.8794310424086187,[22.09439120017918 2.8794310424086187],0.9868971264879088,False,True,4.459080714218045,132,59.99785047027138,2669.425,in_progress,0.0,0
389,46.0,-0.24528490928413638,1.6796291142232174,35.41597050390712,9.745495778541652,0.5,[9.745495778541652 0.5],0.6406002668432269,False,True,4.529572437688162,132,59.99785047027138,2669.485,in_progress,0.0,0
389,47.0,-0.2195672342026171,1.7143382988224742,38.22067447232879,18.78925309988697,1.0536631582259057,[18.78925309988697 1.0536631582259057],0.4140173669099061,False,True,4.600192965665623,132,59.99785047027138,2669.561,in_progress,0.0,0
389,48.0,-0.19249941212710261,1.7636578717534899,43.30546219504396,30.0,3.015777841678212,[30.0 3.015777841678212],0.4179800360657286,False,True,4.697482056701996,132,59.99785047027138,2669.595,in_progress,0.0,0
389,49.0,-0.18012653561446007,1.7932841359905165,46.54711315645231,30.0,0.5,[30.0 0.5],0.41808115583592986,False,True,4.750922225408294,132,59.99785047027138,2669.692,in_progress,0.0,0
389,50.0,-0.16438981804427408,1.8733968982911997,56.411059547863566,0.02071161304318281,0.5,[0.02071161304318281 0.5],0.6563472466036059,False,True,4.882650374195297,132,59.99785047027138,2669.767,in_progress,0.0,0
389,51.0,-0.15089163703270608,1.9239215715869868,60.331522361878655,30.0,2.089223424158287,[30.0 2.089223424158287],0.8458832233909807,False,True,4.968304465420714,133,59.99785047027138,2669.791,in_progress,0.0,0
389,52.0,-0.1421699404372257,1.9441088024998585,61.17790719028781,30.0,0.5,[30.0 0.5],0.5268353837400147,False,True,5.00492817217274,133,59.99785047027138,2669.881,in_progress,0.0,0
389,53.0,-0.13477912184359905,2.0073496373275694,66.87309962982299,30.0,2.078824564668097,[30.0 2.078824564668097],0.84687789177251,False,True,5.105285275723704,133,59.99785047027138,2669.952,in_progress,0.0,0
389,54.0,-0.14205705094447202,2.054482326315066,72.8691271912475,14.899430121778359,0.5,[14.899430121778359 0.5],0.6656877522450466,False,True,5.171795891039577,133,59.99785047027138,2670.035,in_progress,0.0,0
389,55.0,-0.1571925613331402,2.120688933248103,80.73196596084331,12.087258193503757,1.4583699276881679,[12.087258193503757 1.4583699276881679],0.9094019619016512,False,True,5.26022946187209,133,59.99785047027138,2670.075,in_progress,0.0,0
389,56.0,-0.1640351541472443,2.1508364361518275,83.54187679475596,-9.521970685978104,0.9315191299604754,[-9.521970685978104 0.9315191299604754],0.7768819475079755,False,True,5.300533915558603,133,59.99785047027138,2670.159,in_progress,0.0,0
389,57.0,-0.16745971974885257,2.223179734879421,86.03578823407904,-15.760550970012806,3.71145945447712,[-15.760550970012806 3.71145945447712],1.3005103150308093,False,True,5.406659405365732,133,59.99785047027138,2670.219,in_progress,0.0,0
389,58.0,-0.16267684588809272,2.2956844049294545,86.13485975403643,-28.19674806570145,0.5,[-28.19674806570145 0.5],0.5997851754993181,False,True,5.518969701004539,134,59.99785047027138,2670.267,in_progress,0.0,0
389,59.0,-0.1518918696481611,2.3388026948211267,84.55612475008154,-20.968786668728168,0.5,[-20.968786668728168 0.5],0.6020528467945995,False,True,5.591509622665902,134,59.99785047027138,2670.352,in_progress,0.0,0
389,60.0,-0.12223663688864758,2.4078929478846405,79.39515665157141,30.0,0.5,[30.0 0.5],0.6081168424384484,False,True,5.707198983611073,134,59.99785047027138,2670.426,in_progress,0.0,0
389,61.0,-0.10477890460131367,2.4575150679210243,77.53781673726512,-30.0,3.763843290507624,[-30.0 3.763843290507624],1.3297479072108853,False,True,5.7946251424275115,134,59.99785047027138,2670.489,in_progress,0.0,0
389,62.0,-0.09627100692487879,2.5109588405695162,78.0118092709062,-13.135679536041835,1.252522974230548,[-13.135679536041835 1.252522974230548],0.976046369485283,False,True,5.881886289582939,134,59.99785047027138,2670.55,in_progress,0.0,0
389,63.0,-0.07877074864345923,2.5668727159573814,76.85432434856706,17.939874976683257,0.5,[17.939874976683257 0.5],0.6197048684536983,False,True,5.978942738459803,135,59.99785047027138,2670.624,in_progress,0.0,0
389,64.0,-0.06619287356358067,2.6311776589314624,77.42775924327731,11.186241969317521,0.5,[11.186241969317521 0.5],0.7811593179931665,False,True,6.085506279208119,135,59.99785047027138,2670.696,in_progress,0.0,0
389,65.0,-0.07271882063517762,2.6810652148654914,81.49822986434802,8.129383683130754,0.5,[8.129383683130754 0.5],0.7840129585382936,False,True,6.157266271793271,135,59.99785047027138,2670.749,in_progress,0.0,0
389,66.0,-0.08405639648961141,2.721489913443025,85.62600137971721,-30.0,0.9341402962231924,[-30.0 0.9341402962231924],0.7893348015961386,False,True,6.211360850339953,135,59.99785047027138,2670.833,in_progress,0.0,0
389,67.0,-0.08988654183904662,2.7760430963441647,87.89348575289448,-30.0,3.185654758592472,[-30.0 3.185654758592472],1.3329141066341048,False,True,6.290409113100582,135,59.99785047027138,2670.865,in_progress,0.0,0
389,68.0,-0.08615989349299558,2.8087632059191945,87.32255953396825,-30.0,2.271193175855212,[-30.0 2.271193175855212],1.1142935026608383,False,True,6.3429090263946275,135,59.99785047027138,2670.947,in_progress,0.0,0
389,69.0,-0.05930804172205602,2.8949493992381576,82.2612998389098,-30.0,2.448283723574896,[-30.0 2.448283723574896],1.1663481349065485,False,True,6.492500462724382,136,59.99785047027138,2671.016,in_progress,0.0,0
389,70.0,-0.0210839309914075,2.9650288216050473,75.90932093806116,-29.988100482554948,2.894740359354482,[-29.988100482554948 2.894740359354482],1.2814711375465935,False,True,6.625011934225156,136,59.99785047027138,2671.091,in_progress,0.0,0
389,71.0,0.046616191633824466,3.057767557163539,66.60260997595162,-30.0,0.9182331126474974,[-30.0 0.9182331126474974],0.8205151765991122,False,True,6.819763972314918,136,59.99785047027138,2671.15,in_progress,0.0,0
389,72.0,0.11611767869530323,3.1309922694739782,58.07122638592867,-11.390510625176791,1.3820921860778286,[-11.390510625176791 1.3820921860778286],1.1779100325380676,False,True,6.982407706788784,136,59.99785047027138,2671.218,in_progress,0.0,0
389,73.0,0.175237379346021,3.1971941757694173,54.77769292605823,-30.0,4.0,[-30.0 4.0],1.4478073492683177,False,True,7.1264830132047985,137,59.99785047027138,2671.284,in_progress,0.0,0
389,74.0,0.24607578890127513,3.2685364954474787,50.71447259784777,-30.0,3.098462220631729,[-30.0 3.098462220631729],1.2616714330997327,False,True,7.323355360615558,137,59.99785047027138,2671.354,in_progress,0.0,0
389,75.0,0.3475277681939494,3.3379918961529835,43.26126383773203,16.63705173639353,2.1466040583160924,[16.63705173639353 2.1466040583160924],1.06430048697967,False,True,7.519321048698169,137,59.99785047027138,2671.416,in_progress,0.0,0
389,76.0,0.4522871583238685,3.406057287813604,37.616333023998,-6.187262446534412,0.5,[-6.187262446534412 0.5],0.892655292183619,False,True,7.7169153945771285,138,59.99785047027138,2671.481,in_progress,0.0,0
389,77.0,0.531600677780062,3.4639918264728236,36.12125762060576,7.558079263403805,1.7707455301918746,[7.558079263403805 1.7707455301918746],1.261845066181827,False,True,7.963296909033835,138,59.99785047027138,2671.554,in_progress,0.0,0
389,78.0,0.6326547446080419,3.5371321594412004,35.95400661098284,-10.07833961384907,1.228039222637638,[-10.07833961384907 1.228039222637638],1.128450616079329,False,True,8.171150628968515,139,59.99785047027138,2671.613,in_progress,0.0,0
389,79.0,0.7238458336743896,3.6047320894788992,36.15356726546108,-30.0,0.5,[-30.0 0.5],0.7617414299417746,False,True,8.464174414828241,139,59.99785047027138,2671.68,in_progress,0.0,0
389,80.0,0.8138168977839976,3.657899632490715,34.09270117505731,25.91196232831843,0.5,[25.91196232831843 0.5],0.7713984540667648,False,True,8.635279622728554,140,59.99785047027138,2671.743,in_progress,0.0,0
389,81.0,0.8738901990890957,3.69630972783138,33.73054977236376,21.2360253834443,0.5,[21.2360253834443 0.5],0.7767963443798457,False,True,8.751168412155463,140,59.99785047027138,2671.83,in_progress,0.0,0
389,82.0,0.9321875327520551,3.7523393934674485,36.88535055065323,-30.0,1.7804374988690614,[-30.0 1.7804374988690614],1.0697325462849014,False,True,8.944216880530476,140,59.99785047027138,2671.872,in_progress,0.0,0
389,83.0,0.9524844547826645,3.7749707857688497,38.28068923838762,-30.0,2.3299201828366645,[-30.0 2.3299201828366645],1.1897721398799581,False,True,8.97789374543796,140,59.99785047027138,2671.952,in_progress,0.0,0
389,84.0,1.0244209919459488,3.817588086162426,35.77904373836869,4.178357263824807,2.475500464843694,[4.178357263824807 2.475500464843694],1.6738064867959646,False,True,9.09750454300492,140,59.99785047027138,2672.016,in_progress,0.0,0
389,85.0,1.0856948692086623,3.8513471101613757,33.93614861302252,-16.781803269945303,2.29974576879764,[-16.781803269945303 2.29974576879764],1.3015833878577128,False,True,9.199403351566781,141,59.99785047027138,2672.101,in_progress,0.0,0
389,86.0,1.1988224041722344,3.9071792894317317,30.327826447466386,-30.0,0.8420190460040593,[-30.0 0.8420190460040593],0.9614851399509002,False,True,9.36335735475674,141,59.99785047027138,2672.143,in_progress,0.0,0
389,87.0,1.248661375104023,3.922886856916546,27.550611396075862,-30.0,4.0,[-30.0 4.0],1.7213483886815468,False,True,9.431117427361501,141,59.99785047027138,2672.226,in_progress,0.0,0
389,88.0,1.370388144828355,3.953776329143885,21.550316597603185,30.0,0.6293617572777653,[30.0 0.6293617572777653],0.8459655205324158,False,True,9.604641262947888,141,59.99785047027138,2672.278,in_progress,0.0,0
389,89.0,1.443450480502364,3.966394076525653,16.93954031038008,7.608578925326384,1.869192008740177,[7.608578925326384 1.869192008740177],1.4043064823494258,False,True,9.71213105395502,142,59.99785047027138,2672.362,in_progress,0.0,0
389,90.0,1.5681312235246778,3.999900400911,15.153560321722933,30.0,2.8824038847307025,[30.0 2.8824038847307025],1.2322234456764791,False,True,9.879566697758413,142,59.99785047027138,2672.404,in_progress,0.0,0
389,91.0,1.629078756784946,4.024301018287789,16.860208751437522,30.0,1.571305488588008,[30.0 1.571305488588008],0.9671715925259838,False,True,9.879566697758413,142,59.99785047027138,2672.488,in_progress,0.0,0
389,92.0,1.747117127052484,4.0928476593783,23.229303765422774,16.344774506231595,0.5,[16.344774506231595 0.5],0.6543180024610535,False,True,9.943067684457185,142,59.99785047027138,2672.558,in_progress,0.0,0
389,93.0,1.8282851065611099,4.1565918540989975,28.994985156347845,15.5679847459365,1.201670207633878,[15.5679847459365 1.201670207633878],0.32752008488544004,False,False,9.995742850399791,142,59.99785047027138,2672.627,in_progress,0.0,0
389,94.0,1.8938457522154784,4.219589912387295,34.09078536161425,-21.01930457588319,1.6808744632323367,[-21.01930457588319 1.6808744632323367],0.32721492704560073,False,False,10.02755421591357,142,59.99785047027138,2672.667,in_progress,0.0,0
389,95.0,1.9359897136187487,4.258778490225263,36.1209510200143,8.084638808816884,1.7002083668806458,[8.084638808816884 1.7002083668806458],0.40824969532595234,False,False,10.049223269561903,142,59.99785047027138,2672.755,in_progress,0.0,0
389,96.0,2.022948504140709,4.347012295275139,40.39017227446233,12.344151563354785,0.5,[12.344151563354785 0.5],0.4081619001129941,True,False,10.087058423174632,142,59.99785047027138,2672.815,off_track,0.0,0
390,1.0,-0.39217274880250463,2.216108616801525,64.3613009628047,30.0,3.753373122438456,[30.0 3.753373122438456],0.0,False,True,0.23334178630999292,133,59.99785047027138,2672.958,prepare,0.0,0
390,2.0,-0.3921726984701214,2.2161084449569763,64.36120089922726,-30.0,2.208991958866581,[-30.0 2.208991958866581],0.7653663674182276,False,True,0.23334156477207157,133,59.99785047027138,2673.022,in_progress,0.0,0
390,3.0,-0.3904879490973621,2.221344656449292,64.62600804411942,9.495878305615634,4.0,[9.495878305615634 4.0],1.4327253452863686,False,True,0.2424222346733007,133,59.99785047027138,2673.085,in_progress,0.0,0
390,4.0,-0.38169278294970643,2.237191450173344,64.40493040989999,-4.097105924595816,1.0025697064820345,[-4.097105924595816 1.0025697064820345],0.5133835028980428,False,True,0.27258024481209286,133,59.99785047027138,2673.161,in_progress,0.0,0
390,5.0,-0.3677686500961556,2.270541675087866,64.71489533925612,-1.43325194922123,1.1625357945540618,[-1.43325194922123 1.1625357945540618],0.5683617424484636,False,True,0.3327287940640078,133,59.99785047027138,2673.222,in_progress,0.0,0
390,6.0,-0.3531980913767684,2.3109411030012224,65.66280794492306,-21.100689617466692,2.2940241227940565,[-21.100689617466692 2.2940241227940565],0.7361418378210994,False,True,0.4039279659370898,133,59.99785047027138,2673.289,in_progress,0.0,0
390,7.0,-0.3300707295751557,2.361832597996491,65.55519124758348,-10.258071287855564,2.3190843899514517,[-10.258071287855564 2.3190843899514517],0.949232957632622,False,True,0.4970738051905621,134,59.99785047027138,2673.356,in_progress,0.0,0
390,8.0,-0.29258990137132984,2.4189623614077957,63.16122149956363,-16.633047512291387,3.185624231878044,[-16.633047512291387 3.185624231878044],0.9890214830077251,False,True,0.6099773569483546,134,59.99785047027138,2673.423,in_progress,0.0,0
390,9.0,-0.24078914039125285,2.487514216002279,59.77655415425915,-2.0108726020112186,0.5,[-2.0108726020112186 0.5],0.464692291634131,False,True,0.7492673610336453,134,59.99785047027138,2673.485,in_progress,0.0,0
390,10.0,-0.19609491713959665,2.549192452902166,57.38401799601454,30.0,0.5,[30.0 0.5],0.39057759655912677,False,True,0.8733431813821579,134,59.99785047027138,2673.555,in_progress,0.0,0
390,11.0,-0.15481068412114157,2.6091333832369026,56.700556557815595,-14.954732324998435,0.5,[-14.954732324998435 0.5],0.5072937754670056,False,True,0.9924827096305711,135,59.99785047027138,2673.615,in_progress,0.0,0
390,12.0,-0.1234074331485872,2.656047670522753,56.59813695336678,-2.8722173098801953,0.5,[-2.8722173098801953 0.5],0.5156023848408922,False,True,1.085121233546027,135,59.99785047027138,2673.693,in_progress,0.0,0
390,13.0,-0.085832024154693,2.701389066717531,55.142406967428634,10.267738653280823,1.8288725808386335,[10.267738653280823 1.8288725808386335],0.9227302801617703,False,True,1.179495288905974,135,59.99785047027138,2673.745,in_progress,0.0,0
390,14.0,-0.05356391151084654,2.743543955380405,54.624017100009404,-2.9695405318938413,1.3497173739684731,[-2.9695405318938413 1.3497173739684731],0.7843619768475563,False,True,1.2648225488567144,135,59.99785047027138,2673.814,in_progress,0.0,0
390,15.0,-0.015569986834157848,2.79251609278359,53.97273705706389,1.3846126317354894,2.135716888985865,[1.3846126317354894 2.135716888985865],0.9439047629249574,False,True,1.3649095443209358,135,59.99785047027138,2673.888,in_progress,0.0,0
390,16.0,0.038429209103715,2.8595501638715963,53.09988656816713,-10.263942104431688,1.499883367248739,[-10.263942104431688 1.499883367248739],0.7869497282562089,False,True,1.5032327363560083,136,59.99785047027138,2673.952,in_progress,0.0,0
390,17.0,0.09701543958056891,2.9257705591967236,51.55388579393776,-30.0,0.5,[-30.0 0.5],0.42333315103900127,False,True,1.6433556872674893,136,59.99785047027138,2674.011,in_progress,0.0,0
390,18.0,0.1645221330355927,2.9827808024131826,47.51878162047098,29.213906890194075,0.5,[29.213906890194075 0.5],0.440093371880765,False,True,1.804307843997277,136,59.99785047027138,2674.075,in_progress,0.0,0
390,19.0,0.22584650140314116,3.029616855159737,43.686181416698226,30.0,0.5,[30.0 0.5],0.44824022887241216,False,True,1.9218194822296142,136,59.99785047027138,2674.154,in_progress,0.0,0
390,20.0,0.2696730472670015,3.076966036883071,44.58008259644839,30.0,2.4715561278556857,[30.0 2.4715561278556857],0.806909269285913,False,True,2.0260984314846575,137,59.99785047027138,2674.22,in_progress,0.0,0
390,21.0,0.3011409871588977,3.1310932227366917,48.38610398232839,8.515021322354656,0.5,[8.515021322354656 0.5],0.5220318827915291,False,True,2.1304149808325956,137,59.99785047027138,2674.281,in_progress,0.0,0
390,22.0,0.3232861005570719,3.1872515027593527,53.89488401272918,-30.0,0.5,[-30.0 0.5],0.4219320374181715,False,True,2.2302520664511882,137,59.99785047027138,2674.35,in_progress,0.0,0
390,23.0,0.3449465165531993,3.2338470348305126,56.294273505933106,-30.0,0.5,[-30.0 0.5],0.4766711535599393,False,True,2.380981516622982,137,59.99785047027138,2674.416,in_progress,0.0,0
390,24.0,0.36778030746351614,3.2732704541455235,56.97793307713197,-25.29964129048087,0.5,[-25.29964129048087 0.5],0.4774291102272614,False,True,2.4560769400218008,137,59.99785047027138,2674.488,in_progress,0.0,0
390,25.0,0.3946421735913931,3.3171584860448666,57.51117691926316,-30.0,2.620339288843416,[-30.0 2.620339288843416],0.9463135518715021,False,True,2.541176431415093,138,59.99785047027138,2674.544,in_progress,0.0,0
390,26.0,0.42100415815846826,3.3445898610684592,55.807296619911924,-30.0,0.6515282499705163,[-30.0 0.6515282499705163],0.512570954133576,False,True,2.60432026039229,138,59.99785047027138,2674.622,in_progress,0.0,0
390,27.0,0.4698475906956089,3.3750124387173472,50.61817503586632,-13.235859602635184,0.5,[-13.235859602635184 0.5],0.5484587993855734,False,True,2.6947378142718303,138,59.99785047027138,2674.679,in_progress,0.0,0
390,28.0,0.4998977035614257,3.397477156227558,48.449124439873195,-30.0,0.5,[-30.0 0.5],0.45036270868926603,False,True,2.85407824494065,138,59.99785047027138,2674.754,in_progress,0.0,0
390,29.0,0.5413489463285183,3.4188230400286344,44.50938228176201,-21.372303704325212,1.0348425011706515,[-21.372303704325212 1.0348425011706515],0.5586398250014731,False,True,2.9305943730611905,138,59.99785047027138,2674.815,in_progress,0.0,0
390,30.0,0.5795167352121177,3.4339196333915445,40.71644482009487,-2.8656551763696214,1.1777201605309204,[-2.8656551763696214 1.1777201605309204],0.7342308191188103,False,True,2.9964448678172495,138,59.99785047027138,2674.89,in_progress,0.0,0
390,31.0,0.6285002804562383,3.463103211239322,38.3910167646112,-30.0,2.087388918108518,[-30.0 2.087388918108518],0.7729271479356918,False,True,3.0908640375129415,139,59.99785047027138,2674.955,in_progress,0.0,0
390,32.0,0.681767830466161,3.492196327972463,35.92347045561312,-19.96089011234751,0.5,[-19.96089011234751 0.5],0.4596982252893955,False,True,3.19087135337367,139,59.99785047027138,2675.021,in_progress,0.0,0
390,33.0,0.7398905696852016,3.5087472605965444,31.100395288053686,-27.063763641339417,0.7972608943849057,[-27.063763641339417 0.7972608943849057],0.5393409318893363,False,True,3.435164255962786,139,59.99785047027138,2675.094,in_progress,0.0,0
390,34.0,0.79880150327277,3.5200727200302184,26.31787562236479,-30.0,0.5,[-30.0 0.5],0.48368534376849015,False,True,3.5339439557624086,139,59.99785047027138,2675.139,in_progress,0.0,0
390,35.0,0.829358121267622,3.522567303407979,23.571592296199807,-4.511796631727972,0.5,[-4.511796631727972 0.5],0.6027696854941249,False,True,3.583272641205937,139,59.99785047027138,2675.228,in_progress,0.0,0
390,36.0,0.8837248471453003,3.532849825962421,20.634988288380658,-30.0,0.5,[-30.0 0.5],0.4853088754633804,False,True,3.67433721447038,140,59.99785047027138,2675.269,in_progress,0.0,0
390,37.0,0.9062817146421406,3.5399451324966247,20.35619742533864,-30.0,0.5,[-30.0 0.5],0.4830992047763724,False,True,3.7137167809954463,140,59.99785047027138,2675.365,in_progress,0.0,0
390,38.0,0.95813085744642,3.5479601261452327,18.09035073356838,-29.25970595045841,0.5,[-29.25970595045841 0.5],0.5050198760617952,False,True,3.988832112729801,140,59.99785047027138,2675.397,in_progress,0.0,0
390,39.0,0.9769143520093247,3.5470093874599584,16.623748378440403,-11.070511343778183,1.8143618027797745,[-11.070511343778183 1.8143618027797745],0.9561086007582378,False,True,4.020145200506353,140,59.99785047027138,2675.495,in_progress,0.0,0
390,40.0,1.0392903880450952,3.5470629666239,12.709967212877752,-12.473162772995387,1.0781752410119414,[-12.473162772995387 1.0781752410119414],0.7775131828434645,False,True,4.124107777467256,141,59.99785047027138,2675.542,in_progress,0.0,0
390,41.0,1.0785233837389891,3.5492225932010806,11.144432230820676,-30.0,0.5,[-30.0 0.5],0.5069783857234553,False,True,4.189483382447334,141,59.99785047027138,2675.622,in_progress,0.0,0
390,42.0,1.1529287535628772,3.547604718905656,7.63353263934437,-30.0,3.3391912033820947,[-30.0 3.3391912033820947],1.0982795024327583,False,True,4.492469479495775,141,59.99785047027138,2675.693,in_progress,0.0,0
390,43.0,1.2206164649971294,3.542545977902257,4.542280774507588,-30.0,0.5,[-30.0 0.5],0.5350501139157345,False,True,4.601491589493345,141,59.99785047027138,2675.765,in_progress,0.0,0
390,44.0,1.2880330792447874,3.5249963768761785,0.13032851236875045,23.209774494533818,0.5,[23.209774494533818 0.5],0.5402653211169773,False,True,4.717128440539042,142,59.99785047027138,2675.803,in_progress,0.0,0
390,45.0,1.3194171499851033,3.516307752472842,-2.083490921936222,-30.0,0.5,[-30.0 0.5],0.5397850255941132,False,True,4.771252636162549,142,59.99785047027138,2675.885,in_progress,0.0,0
390,46.0,1.3842315652750954,3.493126989857825,-6.892871309225798,-30.0,0.5,[-30.0 0.5],0.5554185906176061,False,True,5.001091999772777,142,59.99785047027138,2675.959,in_progress,0.0,0
390,47.0,1.4270309536782164,3.4660159029051756,-11.980490624511857,-30.0,0.5,[-30.0 0.5],0.5576948521953623,False,True,5.085498357726248,142,59.99785047027138,2676.005,in_progress,0.0,0
390,48.0,1.447195006339083,3.449715721753033,-14.85838346913119,-7.686913621815947,1.9952881285696922,[-7.686913621815947 1.9952881285696922],1.0692428709275572,False,True,5.128554330361757,142,59.99785047027138,2676.09,in_progress,0.0,0
390,49.0,1.5005627962922654,3.4134352482613095,-19.606892497351147,-30.0,1.8131060783357629,[-30.0 1.8131060783357629],0.8233989970386096,False,True,5.236111151948375,143,59.99785047027138,2676.165,in_progress,0.0,0
390,50.0,1.5548475239414585,3.3713155575329434,-24.556974486997696,-30.0,0.5,[-30.0 0.5],0.56579781792849,False,True,5.350380341070493,143,59.99785047027138,2676.217,in_progress,0.0,0
390,51.0,1.5857764506167813,3.3338908509399086,-29.63645681542885,-13.071209282414504,1.5958639694895085,[-13.071209282414504 1.5958639694895085],0.9905368839919957,False,True,5.493158279325028,143,59.99785047027138,2676.294,in_progress,0.0,0
390,52.0,1.635535155595464,3.269119939540939,-36.54739665262359,1.1399411951269975,2.078372914841129,[1.1399411951269975 2.078372914841129],1.1194454238507445,False,True,5.6269320960078755,143,59.99785047027138,2676.34,in_progress,0.0,0
390,53.0,1.6708829190976582,3.2301285428308417,-38.95902734517485,8.104428837594725,2.349564564017122,[8.104428837594725 2.349564564017122],1.1905530835134863,False,True,5.714165771139845,144,59.99785047027138,2676.43,in_progress,0.0,0
390,54.0,1.7592842596400549,3.1515362113838794,-40.07481926894691,11.493602437171198,3.8761226801002198,[11.493602437171198 3.8761226801002198],1.5870318205065184,False,True,5.91131535243139,144,59.99785047027138,2676.473,in_progress,0.0,0
390,55.0,1.812592212320777,3.11008873521136,-39.482471605839066,-2.2247310932151976,4.0,[-2.2247310932151976 4.0],1.626585657845326,False,True,6.049792558506595,144,59.99785047027138,2676.565,in_progress,0.0,0
390,56.0,1.9440839107552086,2.996551992056545,-40.490103241529035,-4.755192429781509,1.1621025617529823,[-4.755192429781509 1.1621025617529823],0.9410712775173865,False,True,6.338649797181373,145,59.99785047027138,2676.602,in_progress,0.0,0
390,57.0,1.990472883763178,2.949411243102867,-41.89222709459766,-30.0,1.2537389403225356,[-30.0 1.2537389403225356],0.775552823244404,False,True,6.448875432295342,145,59.99785047027138,2676.686,in_progress,0.0,0
390,58.0,2.0894105514707646,2.837517420386012,-45.28802219773663,9.716452457757661,4.0,[9.716452457757661 4.0],1.6759650196759994,False,True,6.702846413593944,145,59.99785047027138,2676.762,in_progress,0.0,0
390,59.0,2.180459989525151,2.740662599608426,-45.71595162223558,5.469538364578398,2.1031606230271023,[5.469538364578398 2.1031606230271023],1.2182248089005108,False,True,6.924346531437353,146,59.99785047027138,2676.794,in_progress,0.0,0
390,60.0,2.240377966219624,2.6927156369458736,-43.71013046009678,10.902458368902899,0.5,[10.902458368902899 0.5],0.8246508811481312,False,True,7.054331198353059,146,59.99785047027138,2676.897,in_progress,0.0,0
390,61.0,2.381707653061683,2.6081715525052536,-36.569880018452636,13.914711818217391,2.1361682731110507,[13.914711818217391 2.1361682731110507],1.2541962073162096,False,True,7.319599445964542,147,59.99785047027138,2676.939,in_progress,0.0,0
390,62.0,2.4453004468430617,2.577222157643032,-33.604468081558664,28.97326129058201,3.4217322212388614,[28.97326129058201 3.4217322212388614],1.391095410393355,False,True,7.43048822402268,147,59.99785047027138,2677.026,in_progress,0.0,0
390,63.0,2.6005931421956454,2.5231573236899973,-25.190548019806776,-30.0,0.7515683238301886,[-30.0 0.7515683238301886],0.8196957820131572,False,True,7.675668630739185,147,59.99785047027138,2677.072,in_progress,0.0,0
390,64.0,2.6806952310529977,2.505466382822402,-19.296959920124504,-21.789866895193214,2.447914399757889,[-21.789866895193214 2.447914399757889],1.1976851760570824,False,True,7.7898837322131875,148,59.99785047027138,2677.145,in_progress,0.0,0
390,65.0,2.8122256657759097,2.4653390907255046,-14.810420667640336,-30.0,2.061244253139182,[-30.0 2.061244253139182],1.2269342243626167,False,True,7.990666309227523,148,59.99785047027138,2677.222,in_progress,0.0,0
390,66.0,2.9448864627916387,2.399343217137777,-18.32409831440671,-30.0,3.4012874060465688,[-30.0 3.4012874060465688],1.5645454913804382,False,True,8.223728089445625,148,59.99785047027138,2677.292,in_progress,0.0,0
390,67.0,3.068430929548344,2.3162142524595644,-26.631257023478888,-30.0,3.1738031672855493,[-30.0 3.1738031672855493],1.5267099674724547,False,True,8.466765966475709,149,59.99785047027138,2677.353,in_progress,0.0,0
390,68.0,3.1780704557664974,2.2191673000953225,-35.94649293029512,-30.0,3.4587211777792484,[-30.0 3.4587211777792484],1.6118852824971057,False,True,8.711831684153093,149,59.99785047027138,2677.424,in_progress,0.0,0
390,69.0,3.2923446737660833,2.0852275077872844,-49.007434464164994,-5.167302857079186,0.5,[-5.167302857079186 0.5],1.1533203121008688,False,True,9.00415664705908,150,59.99785047027138,2677.493,in_progress,0.0,0
390,70.0,3.3777720953114057,1.955151879040467,-63.04853791654193,5.898339089942148,2.5231918303044845,[5.898339089942148 2.5231918303044845],1.781822678655119,False,True,9.257687557128236,150,59.99785047027138,2677.556,in_progress,0.0,0
390,71.0,3.45069124952273,1.834782961517632,-72.78835851940597,-5.6771695466091,2.610176851756181,[-5.6771695466091 2.610176851756181],1.8263848527197108,False,True,9.48483451993506,151,59.99785047027138,2677.627,in_progress,0.0,0
390,72.0,3.5139581882159563,1.708162218006774,-81.80059546448095,16.355892701462636,1.7729123703763467,[16.355892701462636 1.7729123703763467],1.2747072950026705,False,True,9.710558866886176,151,59.99785047027138,2677.699,in_progress,0.0,0
390,73.0,3.5664434422921296,1.5683467582487456,-91.8711407304793,30.0,0.5,[30.0 0.5],0.901831510259596,False,True,9.938183812620437,152,59.99785047027138,2677.74,in_progress,0.0,0
390,74.0,3.590659131435905,1.4867366283546122,-98.22728887012447,30.0,2.360005653064939,[30.0 2.360005653064939],1.3162348664375887,False,True,10.063555842970985,152,59.99785047027138,2677.821,in_progress,0.0,0
390,75.0,3.6240567345638834,1.3332266425569852,-107.50569836690329,28.41484221188381,0.5,[28.41484221188381 0.5],0.8365373566526104,False,True,10.289860129705586,152,59.99785047027138,2677.893,in_progress,0.0,0
390,76.0,3.6298105985466087,1.2115349637445567,-117.6968391262832,-9.489539467567777,0.5,[-9.489539467567777 0.5],1.0540033977155985,False,True,10.442811915927164,153,59.99785047027138,2677.96,in_progress,0.0,0
390,77.0,3.6310753182346835,1.1104255956550333,-126.96333415197434,-30.0,3.5054546035299743,[-30.0 3.5054546035299743],0.7477360631449632,False,True,10.56583567487448,153,59.99785047027138,2678.002,in_progress,0.0,0
390,78.0,3.62888233842941,1.0535586296234116,-131.09235938671364,-13.875938834741149,0.5542112038053788,[-13.875938834741149 0.5542112038053788],0.9353182855307178,False,True,10.631675475816794,153,59.99785047027138,2678.092,in_progress,0.0,0
390,79.0,3.6156268828712594,0.9464707371825347,-141.59960260378324,12.176476472194466,1.18678263316926,[12.176476472194466 1.18678263316926],0.4700398402945075,False,False,10.743767778160173,153,59.99785047027138,2678.158,in_progress,0.0,0
390,80.0,3.6007745412358325,0.8760551453276175,-146.3398171837861,-24.33326494528528,0.9626901026642436,[-24.33326494528528 0.9626901026642436],0.3763876051742429,False,False,10.811133340111233,153,59.99785047027138,2678.224,in_progress,0.0,0
390,81.0,3.5716896834515794,0.8161497151123002,-151.39288550282905,10.068386304675734,2.6187403373570266,[10.068386304675734 2.6187403373570266],0.4697007658371044,False,False,10.849426140462693,153,59.99785047027138,2678.289,in_progress,0.0,0
390,82.0,3.526131483203656,0.7570416235766941,-156.06352164050625,29.195704366333672,0.5,[29.195704366333672 0.5],0.37447792934323954,True,False,10.867716131289818,153,59.99785047027138,2678.356,off_track,0.0,0
391,1.0,1.6515127342690545,3.639991245610405,-34.0163678077985,-4.850885638518989,2.0695510244600657,[-4.850885638518989 2.0695510244600657],0.0,False,True,0.23334135244164056,143,59.99785047027138,2678.464,prepare,0.0,0
391,2.0,1.6515015674631874,3.6399743403356406,-34.02451597353785,5.710507206865785,2.1120535480810636,[5.710507206865785 2.1120535480810636],0.9276265974973464,False,True,0.2333416929151011,143,59.99785047027138,2678.558,in_progress,0.0,0
391,3.0,1.664550537980263,3.6322884641949305,-33.88989019108075,29.769855491714488,2.814691940788237,[29.769855491714488 2.814691940788237],0.8740811177524705,False,True,0.25853522391053874,143,59.99785047027138,2678.604,in_progress,0.0,0
391,4.0,1.683691158492576,3.6267742867416137,-32.36366859799382,-20.060460968721415,1.1326097830728172,[-20.060460968721415 1.1326097830728172],0.45286015699468873,False,True,0.29011828374553295,143,59.99785047027138,2678.699,in_progress,0.0,0
391,5.0,1.7290175937705135,3.602944675801317,-31.16104197403756,-20.903974728847764,3.0547317376631256,[-20.903974728847764 3.0547317376631256],0.9311119135919569,False,True,0.3749551071075885,143,59.99785047027138,2678.729,in_progress,0.0,0
391,6.0,1.7460056954160907,3.58793028768607,-32.15062135429677,-22.386455450966697,2.064847947612335,[-22.386455450966697 2.064847947612335],0.6840067535860886,False,True,0.41016875718715706,143,59.99785047027138,2678.824,in_progress,0.0,0
391,7.0,1.7998087483634535,3.519459192131416,-38.60436125020865,-16.63281956499096,0.5,[-16.63281956499096 0.5],0.34565594597141175,False,True,0.5530782989495386,143,59.99785047027138,2678.891,in_progress,0.0,0
391,8.0,1.838959268121258,3.4567989150289433,-44.273500750908134,-30.0,1.673732344998748,[-30.0 1.673732344998748],0.648742980006086,False,True,0.6713239597999632,144,59.99785047027138,2678.953,in_progress,0.0,0
391,9.0,1.863753163227912,3.3978193500728895,-49.98022526802081,-30.0,0.5,[-30.0 0.5],0.3779267453750759,False,True,0.767639123140107,144,59.99785047027138,2679.022,in_progress,0.0,0
391,10.0,1.8814181929830975,3.327021019483099,-57.194333362088614,1.9484498214263404,0.5,[1.9484498214263404 0.5],0.44571803699946755,False,True,0.8682198225337112,144,59.99785047027138,2679.067,in_progress,0.0,0
391,11.0,1.8874043432471634,3.2959368623902914,-60.171461036150134,-11.263268012725863,0.9553226244764492,[-11.263268012725863 0.9553226244764492],0.563073298006406,False,True,0.910180534167826,144,59.99785047027138,2679.157,in_progress,0.0,0
391,12.0,1.9134884853689964,3.2255960162178043,-62.946083160615046,23.590870215414803,0.5,[23.590870215414803 0.5],0.36536368089789684,False,True,1.0335391817162698,144,59.99785047027138,2679.22,in_progress,0.0,0
391,13.0,1.9383130479743886,3.1712296812086525,-63.609461939401506,18.79089887351595,0.5,[18.79089887351595 0.5],0.37204690438024174,False,True,1.126737303846248,144,59.99785047027138,2679.285,in_progress,0.0,0
391,14.0,1.9654245270407353,3.130266782226345,-62.18033820458036,-11.066835977074746,0.5,[-11.066835977074746 0.5],0.46939864738287085,False,True,1.2069041723013485,145,59.99785047027138,2679.36,in_progress,0.0,0
391,15.0,1.9958567649634016,3.0866602258563796,-60.55206473016685,30.0,0.5,[30.0 0.5],0.3804676101178098,False,True,1.2941033976928695,145,59.99785047027138,2679.4,in_progress,0.0,0
391,16.0,2.008343857536621,3.0630904800602012,-60.851197218187075,30.0,0.5,[30.0 0.5],0.3763662573425646,False,True,1.3365485167720181,145,59.99785047027138,2679.481,in_progress,0.0,0
391,17.0,2.0398057718889264,3.0220601598155388,-59.17668223409236,30.0,0.5,[30.0 0.5],0.3811167800568363,False,True,1.4219411541442462,145,59.99785047027138,2679.551,in_progress,0.0,0
391,18.0,2.064272832286368,2.9950928689196337,-57.42828602009768,0.24004835349634135,0.5,[0.24004835349634135 0.5],0.4774048649283724,False,True,1.486350387488855,145,59.99785047027138,2679.621,in_progress,0.0,0
391,19.0,2.0862569587635593,2.9692376333460615,-56.360651071968,-14.532691768142866,0.5,[-14.532691768142866 0.5],0.47690810470179873,False,True,1.5427641122809033,145,59.99785047027138,2679.679,in_progress,0.0,0
391,20.0,2.1043177110300446,2.9425450447147306,-56.275926323659235,30.0,0.5,[30.0 0.5],0.38079318964633835,False,True,1.5955827672764045,145,59.99785047027138,2679.753,in_progress,0.0,0
391,21.0,2.1318773369050628,2.9104443573480236,-55.05703073409113,-18.931153086828164,0.5,[-18.931153086828164 0.5],0.3832131136783256,False,True,1.66593361998979,145,59.99785047027138,2679.829,in_progress,0.0,0
391,22.0,2.161288314985722,2.87968506744481,-53.48752874281562,30.0,0.5,[30.0 0.5],0.385782746533424,False,True,1.7368573850681135,146,59.99785047027138,2679.889,in_progress,0.0,0
391,23.0,2.1842629294516325,2.8508630616095276,-53.20242385066562,8.118267840417097,0.8334945292483844,[8.118267840417097 0.8334945292483844],0.5753167943949288,False,True,1.7979522018266136,146,59.99785047027138,2679.949,in_progress,0.0,0
391,24.0,2.213733668505044,2.825504744654887,-51.210380827987336,30.0,1.3533819171776993,[30.0 1.3533819171776993],0.5763789902150652,False,True,1.8625332114703963,146,59.99785047027138,2680.018,in_progress,0.0,0
391,25.0,2.2545062403236678,2.802794590635139,-47.09565124943343,10.236927880204625,0.5,[10.236927880204625 0.5],0.4899195765973629,False,True,1.9371900616345528,146,59.99785047027138,2680.08,in_progress,0.0,0
391,26.0,2.3007449193280487,2.7807992782192392,-42.36805866944624,-2.668648834977958,2.932679399446377,[-2.668648834977958 2.932679399446377],1.1643491921903313,False,True,2.0192860288922865,146,59.99785047027138,2680.144,in_progress,0.0,0
391,27.0,2.3457322772780698,2.7564376216965285,-39.45882883740955,17.750866944130067,4.0,[17.750866944130067 4.0],1.1704938873420176,False,True,2.100678937390621,146,59.99785047027138,2680.218,in_progress,0.0,0
391,28.0,2.406823363164104,2.725719625210743,-35.804402010251906,8.401692967955398,0.6991802241779748,[8.401692967955398 0.6991802241779748],0.5650344392225629,False,True,2.2083833400684316,146,59.99785047027138,2680.283,in_progress,0.0,0
391,29.0,2.472177100062439,2.7067519725497,-30.06753035323079,-30.0,1.6360486546225732,[-30.0 1.6360486546225732],0.6644556160597871,False,True,2.30700690941531,147,59.99785047027138,2680.361,in_progress,0.0,0
391,30.0,2.532196181220133,2.683039240880747,-28.030598061716766,-30.0,0.5,[-30.0 0.5],0.45888599231026195,False,True,2.4050974728979213,147,59.99785047027138,2680.41,in_progress,0.0,0
391,31.0,2.5783798259242046,2.6502603223001846,-29.721506647374333,-29.605228590975894,4.0,[-29.605228590975894 4.0],1.3047150724447885,False,True,2.497935307570931,147,59.99785047027138,2680.485,in_progress,0.0,0
391,32.0,2.6312683837963813,2.6090427442184194,-31.867768699529957,-30.0,0.5,[-30.0 0.5],0.47288420310953994,False,True,2.6086869853527817,147,59.99785047027138,2680.546,in_progress,0.0,0
391,33.0,2.665056473547538,2.558842121785294,-38.02812487312677,-10.565340104224074,1.0768779690454102,[-10.565340104224074 1.0768779690454102],0.772261661629113,False,True,2.707932838852245,147,59.99785047027138,2680.622,in_progress,0.0,0
391,34.0,2.6954482334635945,2.507408347440068,-43.134222217735754,-20.87289932712836,0.8565320506233267,[-20.87289932712836 0.8565320506233267],0.5233990547291482,False,True,2.8047057717034862,148,59.99785047027138,2680.672,in_progress,0.0,0
391,35.0,2.723034701873915,2.4636949212706556,-46.13043845155489,-3.577776504731279,1.914332753855552,[-3.577776504731279 1.914332753855552],0.9501606172367633,False,True,2.888993931316952,148,59.99785047027138,2680.752,in_progress,0.0,0
391,36.0,2.7711138852314305,2.3920729077299963,-49.338074393360934,1.1511049421141912,1.0327674736131476,[1.1511049421141912 1.0327674736131476],0.7209680576297218,False,True,3.030442190868965,148,59.99785047027138,2680.814,in_progress,0.0,0
391,37.0,2.8194303538454366,2.343372862646039,-48.250667029699834,-2.6529238934708665,2.2587864882494406,[-2.6529238934708665 2.2587864882494406],1.0671446300800191,False,True,3.1441887088745957,148,59.99785047027138,2680.881,in_progress,0.0,0
391,38.0,2.8786598234210863,2.2868088517500755,-46.83409402630437,-17.264741943937445,2.694173491084453,[-17.264741943937445 2.694173491084453],0.9591376047093848,False,True,3.280614791129799,148,59.99785047027138,2680.951,in_progress,0.0,0
391,39.0,2.9466204062256987,2.2122272463955315,-47.234062842112586,-27.260555119925,3.2214954765897392,[-27.260555119925 3.2214954765897392],1.0880842403138875,False,True,3.448683958764953,149,59.99785047027138,2681.025,in_progress,0.0,0
391,40.0,3.0114032645623094,2.115194713764385,-51.274622993571334,11.464151425264234,4.0,[11.464151425264234 4.0],1.5925282881046972,False,True,3.6352222884415086,149,59.99785047027138,2681.088,in_progress,0.0,0
391,41.0,3.07605536957207,2.0136882831702607,-53.895522481431485,27.221244743054136,0.5,[27.221244743054136 0.5],0.5193345642710313,False,True,3.8306710560123247,149,59.99785047027138,2681.147,in_progress,0.0,0
391,42.0,3.1462052133272005,1.9244835746504185,-53.17233145643179,30.0,0.7869219673474263,[30.0 0.7869219673474263],0.5966308923550244,False,True,4.018280353080184,150,59.99785047027138,2681.212,in_progress,0.0,0
391,43.0,3.2236907702856805,1.836165432045986,-51.292528961884706,30.0,0.5,[30.0 0.5],0.5481160600789168,False,True,4.212654423835738,150,59.99785047027138,2681.287,in_progress,0.0,0
391,44.0,3.28448754943328,1.7734883426199755,-49.531208818630546,-30.0,1.2452230064396526,[-30.0 1.2452230064396526],0.7213847883477235,False,True,4.358140197379868,150,59.99785047027138,2681.355,in_progress,0.0,0
391,45.0,3.349972809141998,1.7012855698340283,-48.913687411126496,27.022839291387406,2.058750963765957,[27.022839291387406 2.058750963765957],0.9112455355062933,False,True,4.5203119382457135,151,59.99785047027138,2681.421,in_progress,0.0,0
391,46.0,3.411675570357164,1.630478520897277,-48.66092119212179,30.0,0.5,[30.0 0.5],0.5791599785014865,False,True,4.683627652839817,151,59.99785047027138,2681.487,in_progress,0.0,0
391,47.0,3.4813081358890376,1.5747294172449957,-44.90645229692325,-8.085473906005902,1.4410447829479396,[-8.085473906005902 1.4410447829479396],0.994152138360489,False,True,4.831230893331762,151,59.99785047027138,2681.553,in_progress,0.0,0
391,48.0,3.5465976064359026,1.5232337679281833,-42.85131662159897,2.7257237319614944,0.5,[2.7257237319614944 0.5],0.7454057415640437,False,True,4.9687041428921,152,59.99785047027138,2681.609,in_progress,0.0,0
391,49.0,3.6057456237833883,1.477745865584942,-41.3208309325752,-1.0122182642185287,0.5,[-1.0122182642185287 0.5],0.7536151947453549,False,True,5.091861113597973,152,59.99785047027138,2681.686,in_progress,0.0,0
391,50.0,3.6589666153317406,1.4385233277975544,-40.05651418887106,18.64532918042365,1.2859462378518534,[18.64532918042365 1.2859462378518534],0.7812254640537625,False,True,5.203558943088471,152,59.99785047027138,2681.754,in_progress,0.0,0
391,51.0,3.718065399538355,1.4011476698284302,-37.83664590229278,30.0,3.5444925547725266,[30.0 3.5444925547725266],1.283649306058157,False,True,5.316714506580045,152,59.99785047027138,2681.822,in_progress,0.0,0
391,52.0,3.787884533080893,1.3738178189121304,-32.64318068877052,5.779442737733483,3.446709134151831,[5.779442737733483 3.446709134151831],1.5846088970039383,False,True,5.430166679154591,153,59.99785047027138,2681.887,in_progress,0.0,0
391,53.0,3.8690758652912,1.351048416153765,-26.91084872639447,-12.81483842160063,1.3754330671650414,[-12.81483842160063 1.3754330671650414],1.1157898942362783,False,True,5.551262953316572,153,59.99785047027138,2681.963,in_progress,0.0,0
391,54.0,3.981454725178083,1.3065846373661014,-24.556840410428443,-30.0,2.0046387520967164,[-30.0 2.0046387520967164],1.056637045346328,False,True,5.734385138835396,153,59.99785047027138,2682.008,in_progress,0.0,0
391,55.0,4.02622870127244,1.282974709470843,-25.23929404092327,-30.0,1.3408653356430764,[-30.0 1.3408653356430764],0.8999346216368006,False,True,5.81449509709373,153,59.99785047027138,2682.092,in_progress,0.0,0
391,56.0,4.128917221489738,1.2118372530661332,-29.457187381055256,-30.0,4.0,[-30.0 4.0],1.5529926070686493,False,True,6.018621546102743,154,59.99785047027138,2682.163,in_progress,0.0,0
391,57.0,4.207984099339383,1.141928914998219,-34.27643799268075,-30.0,1.1844758614758615,[-30.0 1.1844758614758615],0.8891466675078741,False,True,6.193962345288262,154,59.99785047027138,2682.2,in_progress,0.0,0
391,58.0,4.245933026186677,1.0942980282740236,-39.0326514104638,0.9987986299843747,2.174235497365369,[0.9987986299843747 2.174235497365369],1.414188551536866,False,True,6.295960257326061,154,59.99785047027138,2682.289,in_progress,0.0,0
391,59.0,4.343150940460855,0.9868455050369201,-44.518116238937395,30.0,0.5,[30.0 0.5],0.74755654923115,False,True,6.5370473878244795,155,59.99785047027138,2682.36,in_progress,0.0,0
391,60.0,4.441559372641454,0.8985282497848345,-44.227956765200524,27.611265617726858,2.036022230104477,[27.611265617726858 2.036022230104477],1.1321960933456896,False,True,6.759055827368721,155,59.99785047027138,2682.407,in_progress,0.0,0
391,61.0,4.497325646556849,0.8554158593410675,-42.421127378374905,-6.113536537049917,0.5,[-6.113536537049917 0.5],0.961859155662769,False,True,6.876402684575367,155,59.99785047027138,2682.494,in_progress,0.0,0
391,62.0,4.609235593741621,0.7741521433212197,-39.120372354527525,-3.305069489210151,4.0,[-3.305069489210151 4.0],2.032441413984753,False,True,7.1062071925527714,156,59.99785047027138,2682.528,in_progress,0.0,0
391,63.0,4.6531096474490194,0.7373109408528241,-39.36138190485171,-12.203185709419728,1.3190581562251327,[-12.203185709419728 1.3190581562251327],1.2329141203495089,False,True,7.201691814898659,156,59.99785047027138,2682.622,in_progress,0.0,0
391,64.0,4.741386857076863,0.6435359189155684,-42.819885235468206,4.880619420449229,1.1319705518596592,[4.880619420449229 1.1319705518596592],1.1954510529416777,False,True,7.417452357326093,156,59.99785047027138,2682.675,in_progress,0.0,0
391,65.0,4.796159530792333,0.580903980502323,-44.77225550520004,-3.735544133229393,0.9471593742581311,[-3.735544133229393 0.9471593742581311],1.148961713846655,False,True,7.54996263274712,157,59.99785047027138,2682.746,in_progress,0.0,0
391,66.0,4.859052136327946,0.5248704039911569,-43.79047969450361,30.0,1.2223882147663032,[30.0 1.2223882147663032],0.9928859639275252,False,True,7.688214745686029,157,59.99785047027138,2682.807,in_progress,0.0,0
391,67.0,4.9194258112348255,0.4782202914512708,-41.967799995877535,30.0,0.5,[30.0 0.5],0.8250923188016543,False,True,7.803756132570394,157,59.99785047027138,2682.875,in_progress,0.0,0
391,68.0,4.984582742478554,0.44003031489374245,-38.61980184327117,29.879344781756615,0.5,[29.879344781756615 0.5],0.831527862005429,False,True,7.928847299479102,158,59.99785047027138,2682.954,in_progress,0.0,0
391,69.0,5.051039931751521,0.40805579656286745,-34.84359265241917,30.0,4.0,[30.0 4.0],1.6777525181940822,False,True,8.051710941279765,158,59.99785047027138,2683.011,in_progress,0.0,0
391,70.0,5.099895664695133,0.39259541265520703,-31.224165102654336,30.0,2.376431856628213,[30.0 2.376431856628213],1.289229492447281,False,True,8.117190700828914,158,59.99785047027138,2683.085,in_progress,0.0,0
391,71.0,5.1857265307655185,0.3908852906304279,-21.65131431167159,30.0,0.5,[30.0 0.5],0.8466498900505635,False,True,8.257385114210948,158,59.99785047027138,2683.157,in_progress,0.0,0
391,72.0,5.260220045621118,0.40517343515,-11.82598883760301,4.768759370695207,4.0,[4.768759370695207 4.0],2.1153269829406174,False,True,8.373291949206152,159,59.99785047027138,2683.214,in_progress,0.0,0
391,73.0,5.330466178203604,0.42165019895959216,-4.880681189045857,30.0,3.138525351997398,[30.0 3.138525351997398],1.4907920796451593,False,True,8.485448327467038,159,59.99785047027138,2683.288,in_progress,0.0,0
391,74.0,5.41299791123563,0.44156151305409164,1.5835716320318893,-29.276127724370195,2.8323328338099163,[-29.276127724370195 2.8323328338099163],1.4245415639154109,False,True,8.620158377326748,160,59.99785047027138,2683.36,in_progress,0.0,0
391,75.0,5.515544457105378,0.4708094740237468,7.506855182925351,20.612862510764394,3.276544377231607,[20.612862510764394 3.276544377231607],1.5430658820814058,False,True,8.80956458294766,160,59.99785047027138,2683.407,in_progress,0.0,0
391,76.0,5.596987298288248,0.48649884690280193,9.263837902496604,9.673682570777984,1.3191805619313213,[9.673682570777984 1.3191805619313213],1.350915684690973,False,True,8.947376732432044,161,59.99785047027138,2683.485,in_progress,0.0,0
391,77.0,5.708786794218369,0.5311002645356137,14.985021493066956,-0.9803088240996622,1.8239407696175851,[-0.9803088240996622 1.8239407696175851],1.394508119071208,False,True,9.176298258136628,162,59.99785047027138,2683.551,in_progress,0.0,0
391,78.0,5.815619330761394,0.5734323252502569,17.656759447802003,30.0,3.3235893321224537,[30.0 3.3235893321224537],1.590772539787014,False,True,9.390853852837589,162,59.99785047027138,2683.615,in_progress,0.0,0
391,79.0,5.912486918132809,0.618671749291258,20.79854103074231,30.0,3.004599941903165,[30.0 3.004599941903165],1.5263803109427545,False,True,9.586622915309462,163,59.99785047027138,2683.682,in_progress,0.0,0
391,80.0,6.0090188705402285,0.6858470629936084,26.937362741442467,30.0,4.0,[30.0 4.0],1.7794383829084088,False,True,9.807108306084677,164,59.99785047027138,2683.749,in_progress,0.0,0
391,81.0,6.113000523969033,0.7812269572466706,34.99950959471297,19.003290310447035,4.0,[19.003290310447035 4.0],1.7966525578355068,False,True,10.065362344852048,165,59.99785047027138,2683.819,in_progress,0.0,0
391,82.0,6.213426541583177,0.9030275181189236,44.89361584053662,13.387136576042188,0.5,[13.387136576042188 0.5],1.2177047651742392,False,True,10.32861253024031,166,59.99785047027138,2683.894,in_progress,0.0,0
391,83.0,6.290575571246629,1.0374793456879807,59.46525866161699,-5.282626092971267,0.5,[-5.282626092971267 0.5],1.2383777712920356,False,True,10.581450554228123,167,59.99785047027138,2683.964,in_progress,0.0,0
391,84.0,6.337202359508974,1.144689150168832,71.02667336092864,26.77503435757741,0.5,[26.77503435757741 0.5],1.0017188823438807,False,True,10.768118534372107,168,59.99785047027138,2684.011,in_progress,0.0,0
391,85.0,6.365326523814866,1.2145926615365146,77.77836621916963,30.0,0.5,[30.0 0.5],1.0061504935020957,False,True,10.874563704506313,168,59.99785047027138,2684.083,in_progress,0.0,0
391,86.0,6.396460328868798,1.3059351615341779,88.92404850724279,11.999809421887285,2.8536632833168576,[11.999809421887285 2.8536632833168576],1.8094682807969822,False,True,11.026573454048439,169,59.99785047027138,2684.159,in_progress,0.0,0
391,87.0,6.413640625577715,1.3915264749277005,97.57080150618708,30.0,2.547204191327229,[30.0 2.547204191327229],1.3827654615752252,False,True,11.113250533557228,169,59.99785047027138,2684.214,in_progress,0.0,0
391,88.0,6.407933644595805,1.4742872784046555,106.71774343115985,-23.02456257897548,0.5,[-23.02456257897548 0.5],0.9386239570624278,False,True,11.248860918022585,169,59.99785047027138,2684.294,in_progress,0.0,0
391,89.0,6.390027853376896,1.555684559573022,117.09014164289138,15.285650746597582,0.5,[15.285650746597582 0.5],0.945091195217334,False,True,11.387607207509099,170,59.99785047027138,2684.363,in_progress,0.0,0
391,90.0,6.375888452911674,1.6271750673542693,124.76732831411535,30.0,2.2763000100300856,[30.0 2.2763000100300856],1.34105293868153,False,True,11.508773512826142,170,59.99785047027138,2684.406,in_progress,0.0,0
391,91.0,6.36316484442268,1.6615698407210284,128.35418619028457,-30.0,0.5,[-30.0 0.5],0.9492093977197202,False,True,11.54414841360859,170,59.99785047027138,2684.501,in_progress,0.0,0
391,92.0,6.339023079149544,1.7329387324980825,132.80361579017566,14.142516577906918,0.5,[14.142516577906918 0.5],1.19124693518998,False,True,11.645688053793002,170,59.99785047027138,2684.551,in_progress,0.0,0
391,93.0,6.333200802011406,1.7662991668709782,130.9258187553367,-8.69804473255041,0.9817869823935448,[-8.69804473255041 0.9817869823935448],1.324227156559216,False,True,11.699900734556456,170,59.99785047027138,2684.631,in_progress,0.0,0
391,94.0,6.312884508192428,1.8250418621506987,126.7575952383246,-0.37054266828153715,0.5,[-0.37054266828153715 0.5],1.1966397615153022,False,True,11.802730480229172,171,59.99785047027138,2684.674,in_progress,0.0,0
391,95.0,6.296007492088181,1.8585446781316939,125.16515037138626,-8.778544663987791,3.069256282085801,[-8.778544663987791 3.069256282085801],1.9045022936746938,False,True,11.865251089243056,171,59.99785047027138,2684.763,in_progress,0.0,0
391,96.0,6.259188409859815,1.9363538531768103,121.82222647980196,21.01199369102715,0.5,[21.01199369102715 0.5],0.9639373157551507,False,True,11.990723744680022,171,59.99785047027138,2684.796,in_progress,0.0,0
391,97.0,6.240592619577316,1.9727917412779639,120.52697885462318,-14.39843442700431,1.0629131270388141,[-14.39843442700431 1.0629131270388141],1.3590934398590053,False,True,12.03056942836438,171,59.99785047027138,2684.9,in_progress,0.0,0
391,98.0,6.196160671537001,2.0583038291107614,119.1607408194497,11.842137651712413,0.5,[11.842137651712413 0.5],1.2142727892388212,False,True,12.189880632892313,171,59.99785047027138,2684.92,in_progress,0.0,0
391,99.0,6.182477918317462,2.090834025040111,118.16197042312459,16.288193679067803,2.0448179941137576,[16.288193679067803 2.0448179941137576],1.3120786766165655,False,True,12.247424970334354,172,59.99785047027138,2685.027,in_progress,0.0,0
391,100.0,6.130189890474714,2.173509273538857,119.79756132141894,30.0,0.5,[30.0 0.5],0.9804425438322828,False,True,12.410318595011372,172,59.99785047027138,2685.089,in_progress,0.0,0
391,101.0,6.081913686847319,2.2211773476040513,123.88177726868359,30.0,0.5,[30.0 0.5],0.9823379544101833,False,True,12.482950526071646,172,59.99785047027138,2685.16,in_progress,0.0,0
391,102.0,6.034806981903606,2.2547076483201836,128.56602561867558,-30.0,1.6611483637538471,[-30.0 1.6611483637538471],1.2411895786009324,False,True,12.576813256167574,172,59.99785047027138,2685.23,in_progress,0.0,0
391,103.0,5.988404120622002,2.2990340287043964,130.4048197060264,-16.37365118960207,1.1965197778322216,[-16.37365118960207 1.1965197778322216],1.1432662204941362,False,True,12.68338614392862,172,59.99785047027138,2685.275,in_progress,0.0,0
391,104.0,5.965239335106225,2.3424081419275673,127.93415186886996,-30.0,1.6712084900325155,[-30.0 1.6712084900325155],1.2501451012475608,False,True,12.763129409262087,173,59.99785047027138,2685.354,in_progress,0.0,0
391,105.0,5.93483708884415,2.444989008862073,119.58684001510709,30.0,1.9017172860512164,[30.0 1.9017172860512164],1.1899737465581428,False,True,12.924820884168275,173,59.99785047027138,2685.406,in_progress,0.0,0
391,106.0,5.926870370943537,2.494753573392613,115.43614524119361,3.3683975353252364,0.5,[3.3683975353252364 0.5],1.1382964414691616,False,True,12.984756794874286,173,59.99785047027138,2685.492,in_progress,0.0,0
391,107.0,5.892600421926744,2.5885777771595904,113.06880397066082,8.23959262193874,4.0,[8.23959262193874 4.0],2.0216829086573487,False,True,13.135923111308767,173,59.99785047027138,2685.559,in_progress,0.0,0
391,108.0,5.865202037177504,2.6584232536370007,112.56273971724362,-12.16272217434651,3.2841000991591565,[-12.16272217434651 3.2841000991591565],1.8483657791916261,False,True,13.252087837846183,174,59.99785047027138,2685.617,in_progress,0.0,0
391,109.0,5.834698362379572,2.7335299238993382,112.38557878555513,7.727385770046595,0.5,[7.727385770046595 0.5],1.1587692206198488,False,True,13.378189913903926,174,59.99785047027138,2685.691,in_progress,0.0,0
391,110.0,5.801366298501622,2.831119146898338,110.65269189625208,-24.253164732884866,2.994192896862595,[-24.253164732884866 2.994192896862595],0.41869636180692354,False,False,13.589267883207167,174,59.99785047027138,2685.766,in_progress,0.0,0
391,111.0,5.770123046438708,2.9249980622720866,109.61746149977628,30.0,4.0,[30.0 4.0],0.42214204142505596,False,False,13.744159488257635,175,59.99785047027138,2685.797,in_progress,0.0,0
391,112.0,5.758801035129566,2.9735557397240027,108.27876437368585,26.71657943369283,2.0066949930631153,[26.71657943369283 2.0066949930631153],0.42313832738113205,False,False,13.819257512736394,175,59.99785047027138,2685.893,in_progress,0.0,0
391,113.0,5.691892732960728,3.121422338646172,111.7329356371883,30.0,4.0,[30.0 4.0],0.43472739802967075,False,False,14.241069935454732,176,59.99785047027138,2685.96,in_progress,0.0,0
391,114.0,5.620047083729277,3.2235012709453064,117.85417798139149,-9.042118375576084,0.5,[-9.042118375576084 0.5],0.5524702431976237,False,False,14.522074964051823,176,59.99785047027138,2686.004,in_progress,0.0,0
391,115.0,5.571630820364586,3.279640882060397,122.61710944506957,8.450132410620988,1.0139553506961998,[8.450132410620988 1.0139553506961998],0.5616205008851834,False,False,14.806358659700292,177,59.99785047027138,2686.095,in_progress,0.0,0
391,116.0,5.461300481507698,3.394028104441539,131.2429276621448,-30.0,0.5,[-30.0 0.5],0.45619763651353556,False,False,15.077718494938885,178,59.99785047027138,2686.141,in_progress,0.0,0
391,117.0,5.411194180646802,3.4404421162617402,134.3929904550342,-7.480614062936688,0.5,[-7.480614062936688 0.5],0.5716291858043614,False,False,15.157807623576325,179,59.99785047027138,2686.234,in_progress,0.0,0
391,118.0,5.342385735967128,3.5162075625156413,135.08329055400108,-7.1631740825417864,0.5,[-7.1631740825417864 0.5],1.4088316212792775,False,True,15.36703534100904,179,59.99785047027138,2686.268,in_progress,0.0,0
391,119.0,5.315960487631644,3.546667845193049,134.37096628505682,-1.5357972460960774,1.4451540505710243,[-1.5357972460960774 1.4451540505710243],1.6686024553842698,False,True,15.408304139118034,179,59.99785047027138,2686.36,in_progress,0.0,0
391,120.0,5.251093833097083,3.6194787232734256,133.41218952290993,-13.535178920688736,4.0,[-13.535178920688736 4.0],2.375753956046046,False,True,15.50640167569779,180,59.99785047027138,2686.427,in_progress,0.0,0
391,121.0,5.1931726468476755,3.692965298888593,131.22616533202756,-30.0,0.5,[-30.0 0.5],1.237933102680613,False,True,15.612161003552515,180,59.99785047027138,2686.463,in_progress,0.0,0
391,122.0,5.168811044228121,3.734834401232853,129.24307949674696,-30.0,1.4166012258578295,[-30.0 1.4166012258578295],1.4587491893059366,False,True,15.665765266086872,180,59.99785047027138,2686.554,in_progress,0.0,0
391,123.0,5.12118328172076,3.8473356385224786,122.18107329704699,-30.0,2.9549420026594033,[-30.0 2.9549420026594033],1.6823966708327764,False,True,15.811063407944136,181,59.99785047027138,2686.627,in_progress,0.0,0
391,124.0,5.099060995371857,3.945492075124235,114.8319293636003,30.0,0.5,[30.0 0.5],1.1470185991184985,False,True,15.924732787446228,181,59.99785047027138,2686.688,in_progress,0.0,0
391,125.0,5.086289393275993,4.03977622317622,106.72505314848348,30.0,1.1325284116280847,[30.0 1.1325284116280847],1.2920083248833238,False,True,16.05564044048977,182,59.99785047027138,2686.761,in_progress,0.0,0
391,126.0,5.065746205739506,4.134346391339533,103.16460487017989,28.470316040837375,0.9866575117544475,[28.470316040837375 0.9866575117544475],1.1460631665231389,False,True,16.1081445654914,182,59.99785047027138,2686.783,in_progress,0.0,0
391,127.0,5.054296540533653,4.167171889678076,103.7649447795299,5.400975605546286,0.5,[5.400975605546286 0.5],1.3103915814925358,False,True,16.14150238628134,182,59.99785047027138,2686.87,in_progress,0.0,0
391,128.0,5.01703146795305,4.254813817915273,107.11036230420858,20.292526898686653,1.1185761275050836,[20.292526898686653 1.1185761275050836],0.9508057279258255,False,True,16.224065992385118,183,59.99785047027138,2686.954,in_progress,0.0,0
391,129.0,4.971386163716108,4.32921387680071,111.92116070641343,20.608840252446413,3.0256430835852632,[20.608840252446413 3.0256430835852632],0.4758931099851781,False,False,16.28055376265083,183,59.99785047027138,2687.01,in_progress,0.0,0
391,130.0,4.92685047038119,4.387857011830829,116.34071930588658,-28.21508509951857,1.7279155405879896,[-28.21508509951857 1.7279155405879896],0.4758020183147581,False,False,16.31677078513961,183,59.99785047027138,2687.08,in_progress,0.0,0
391,131.0,4.8775075657904905,4.455829476968507,119.8794396094064,16.6843841446614,2.374858951798106,[16.6843841446614 2.374858951798106],0.47506400386964426,False,False,16.33032513301902,183,59.99785047027138,2687.147,in_progress,0.0,0
391,132.0,4.824990249339777,4.536046030369953,121.32959725721288,29.381033818310797,0.5426239855537884,[29.381033818310797 0.5426239855537884],0.4739477820560407,True,False,16.33032513301902,183,59.99785047027138,2687.209,off_track,0.0,0
392,1.0,3.7899382698042414,1.5394998837521436,-45.57041660832007,-25.407807753012463,2.387569949084561,[-25.407807753012463 2.387569949084561],0.0,False,True,0.23333767107281966,152,59.99785047027138,2687.354,prepare,0.0,0
392,2.0,3.7899624768661546,1.539523466961878,-45.55610082644723,10.177561521952555,4.0,[10.177561521952555 4.0],1.494004947102739,False,True,0.23333725960534846,152,59.99785047027138,2687.424,in_progress,0.0,0
392,3.0,3.796438953152647,1.536882303466747,-45.203278818488194,-30.0,2.6085232023633855,[-30.0 2.6085232023633855],0.8134288476653835,False,True,0.24398864465907666,152,59.99785047027138,2687.493,in_progress,0.0,0
392,4.0,3.803817730441115,1.5223714013055276,-46.25983174208487,18.542717898591135,3.6293461258204904,[18.542717898591135 3.6293461258204904],1.039493472455881,False,True,0.2699525677226977,152,59.99785047027138,2687.562,in_progress,0.0,0
392,5.0,3.822628035946476,1.4987726747782895,-46.63042383632346,30.0,0.5,[30.0 0.5],0.28898027837094886,False,True,0.320038406005585,152,59.99785047027138,2687.597,in_progress,0.0,0
392,6.0,3.8405822381733103,1.486816842060559,-46.02325810944547,2.4775905667605826,3.5000144649011835,[2.4775905667605826 3.5000144649011835],1.253954886741172,False,True,0.3551377688795321,152,59.99785047027138,2687.69,in_progress,0.0,0
392,7.0,3.889090065347595,1.4479875271870515,-44.23270526249869,-3.8352115624387615,4.0,[-3.8352115624387615 4.0],1.4334860245699845,False,True,0.45781573445095036,153,59.99785047027138,2687.763,in_progress,0.0,0
392,8.0,3.935531456086154,1.3955434902675414,-45.461147812206036,-20.26237464792352,4.0,[-20.26237464792352 4.0],1.171407670788377,False,True,0.5744773662727631,153,59.99785047027138,2687.799,in_progress,0.0,0
392,9.0,3.9594607339191423,1.363821174007233,-46.66084738195382,-21.129070471501358,1.3182485088875755,[-21.129070471501358 1.3182485088875755],0.5314999877340115,False,True,0.6402391238124805,153,59.99785047027138,2687.891,in_progress,0.0,0
392,10.0,4.009730584281829,1.263734402095351,-53.417087045462914,4.482496717637375,0.5,[4.482496717637375 0.5],0.46699036479686323,False,True,0.8185197213064543,153,59.99785047027138,2687.952,in_progress,0.0,0
392,11.0,4.044974470835511,1.1996072575477716,-56.2322054811131,30.0,0.5,[30.0 0.5],0.3896412151523866,False,True,0.9362542192791201,153,59.99785047027138,2688.013,in_progress,0.0,0
392,12.0,4.084541272913481,1.148857209681428,-55.29552436540843,-1.0558474920461123,0.7827559513926904,[-1.0558474920461123 0.7827559513926904],0.5862129052887965,False,True,1.0429268397997404,154,59.99785047027138,2688.102,in_progress,0.0,0
392,13.0,4.132838512525586,1.0897665273335586,-54.028425478217216,3.5481563379846577,2.130343282830602,[3.5481563379846577 2.130343282830602],1.010067017543502,False,True,1.1697064093965093,154,59.99785047027138,2688.14,in_progress,0.0,0
392,14.0,4.146717518548483,1.0673221475216637,-54.51241587475938,-29.527513780592276,1.1775773786875332,[-29.527513780592276 1.1775773786875332],0.5733783962983692,False,True,1.2114992725556717,154,59.99785047027138,2688.221,in_progress,0.0,0
392,15.0,4.1811892603582645,0.9891068171462675,-58.369991221561484,-14.373504608053624,0.5,[-14.373504608053624 0.5],0.4880166662755432,False,True,1.3416905886145192,154,59.99785047027138,2688.292,in_progress,0.0,0
392,16.0,4.193056979167123,0.9210396879035624,-64.14508946605442,7.510640979479071,0.5,[7.510640979479071 0.5],0.4950468799198546,False,True,1.4352531189226747,154,59.99785047027138,2688.362,in_progress,0.0,0
392,17.0,4.210265957898605,0.8651795231027074,-66.17282904824286,30.0,4.0,[30.0 4.0],1.1699895936122222,False,True,1.5209244420221424,155,59.99785047027138,2688.405,in_progress,0.0,0
392,18.0,4.224970315358476,0.8352639875840919,-65.81293182368857,30.0,4.0,[30.0 4.0],1.1678375962901653,False,True,1.5733355378346192,155,59.99785047027138,2688.492,in_progress,0.0,0
392,19.0,4.2770014755411045,0.7687429965534838,-61.3771572307066,5.419523476009729,1.4068846434278452,[5.419523476009729 1.4068846434278452],0.7637277358472474,False,True,1.7128839041117727,155,59.99785047027138,2688.555,in_progress,0.0,0
392,20.0,4.329937215454513,0.7097985494386982,-57.05499737875163,30.0,4.0,[30.0 4.0],1.1891750329013997,False,True,1.8217384093516809,155,59.99785047027138,2688.621,in_progress,0.0,0
392,21.0,4.382249148001203,0.6485310332923332,-54.16753263453649,28.122856631455996,0.5,[28.122856631455996 0.5],0.43051322836492284,False,True,1.9543489534446512,155,59.99785047027138,2688.692,in_progress,0.0,0
392,22.0,4.454934623439705,0.5980379605902735,-47.56555945663708,-16.159506392574045,2.541268960909057,[-16.159506392574045 2.541268960909057],0.8927023477126099,False,True,2.101131723765115,156,59.99785047027138,2688.747,in_progress,0.0,0
392,23.0,4.521790967981715,0.556588992332912,-42.87534448819811,24.118259524599956,3.139077432479461,[24.118259524599956 3.139077432479461],1.0341308270712004,False,True,2.230738908608565,156,59.99785047027138,2688.812,in_progress,0.0,0
392,24.0,4.591537409198345,0.5136370256252283,-39.00488882127551,15.052350467570157,0.5,[15.052350467570157 0.5],0.4568633006998603,False,True,2.3186049512022744,156,59.99785047027138,2688.888,in_progress,0.0,0
392,25.0,4.688857315619312,0.47484277595069985,-31.356105190605785,4.175558753031645,3.4359247027467066,[4.175558753031645 3.4359247027467066],1.3979767850538785,False,True,2.490599320668474,156,59.99785047027138,2688.955,in_progress,0.0,0
392,26.0,4.780524360587248,0.4481163025848043,-25.413224370237195,30.0,1.2984345941781208,[30.0 1.2984345941781208],0.6605178885079916,False,True,2.6440129311122607,157,59.99785047027138,2689.017,in_progress,0.0,0
392,27.0,4.864354393060449,0.42945580307676234,-21.06959179616436,10.353674646942785,4.0,[10.353674646942785 4.0],1.5758573588945457,False,True,2.7528938117866275,157,59.99785047027138,2689.08,in_progress,0.0,0
392,28.0,4.965246457805347,0.4105187997800939,-17.21031450734083,-30.0,0.8551837637913194,[-30.0 0.8551837637913194],0.5823569506302054,False,True,2.9193766995115777,158,59.99785047027138,2689.152,in_progress,0.0,0
392,29.0,5.0641944227335305,0.38600145478342895,-14.401116933901749,-8.19642869260931,2.560511630381341,[-8.19642869260931 2.560511630381341],1.3237552666950416,False,True,3.0866765421146636,158,59.99785047027138,2689.22,in_progress,0.0,0
392,30.0,5.151173670174638,0.353459367078341,-16.5423516247403,30.0,1.7152402381697422,[30.0 1.7152402381697422],0.8646458901164135,False,True,3.2148890159400034,158,59.99785047027138,2689.287,in_progress,0.0,0
392,31.0,5.244674497155242,0.31792802010025417,-18.240208150820166,22.5600590115708,1.9421223496728388,[22.5600590115708 1.9421223496728388],0.8548276764491007,False,True,3.379926952735779,159,59.99785047027138,2689.351,in_progress,0.0,0
392,32.0,5.341203665180469,0.29527226388927447,-16.413516967208366,30.0,0.869524533494465,[30.0 0.869524533494465],0.6276457216619246,False,True,3.518954228170501,159,59.99785047027138,2689.418,in_progress,0.0,0
392,33.0,5.44515058748094,0.2825334976616216,-12.839238954837684,30.0,0.5,[30.0 0.5],0.5592796064865894,False,True,3.6933043086421757,160,59.99785047027138,2689.492,in_progress,0.0,0
392,34.0,5.541810278960783,0.2828835214282232,-7.814632067207225,30.0,0.5,[30.0 0.5],0.5659958612403159,False,True,3.8181471634954667,160,59.99785047027138,2689.556,in_progress,0.0,0
392,35.0,5.604070287962432,0.29839101792072803,-2.3427757349978546,8.9473188369914,0.5,[8.9473188369914 0.5],0.7130423416070139,False,True,3.9241523291387304,161,59.99785047027138,2689.627,in_progress,0.0,0
392,36.0,5.66276750419224,0.31643481311180005,2.284918552675386,30.0,1.6497439297685954,[30.0 1.6497439297685954],0.8272014366996342,False,True,4.024727640480341,161,59.99785047027138,2689.668,in_progress,0.0,0
392,37.0,5.6955500380411666,0.32517729183086264,4.172450327406668,30.0,0.5,[30.0 0.5],0.569018871193413,False,True,4.045157028142321,161,59.99785047027138,2689.759,in_progress,0.0,0
392,38.0,5.764751524014852,0.3571230967898151,10.074709308962444,30.0,0.6388346103660086,[30.0 0.6388346103660086],0.6064667154901534,False,True,4.171487820747388,162,59.99785047027138,2689.826,in_progress,0.0,0
392,39.0,5.809031431862594,0.379488213830155,13.430756388570417,30.0,3.3046110511599727,[30.0 3.3046110511599727],1.3035090231018813,False,True,4.253353090195732,162,59.99785047027138,2689.895,in_progress,0.0,0
392,40.0,5.861336860478237,0.4130769654789255,18.20213280436866,30.0,0.5,[30.0 0.5],0.6325700620328596,False,True,4.334854072472616,162,59.99785047027138,2689.94,in_progress,0.0,0
392,41.0,5.891615508406768,0.43873049152733273,21.795192079196156,30.0,0.627190214211749,[30.0 0.627190214211749],0.6633665990706232,False,True,4.399370874532627,163,59.99785047027138,2690.029,in_progress,0.0,0
392,42.0,5.937530866189621,0.48457827508764345,27.6113558670044,25.742334608695238,0.8330348326021018,[25.742334608695238 0.8330348326021018],0.7176178615853623,False,True,4.502558368874777,163,59.99785047027138,2690.093,in_progress,0.0,0
392,43.0,5.966836239247071,0.526913843941054,33.160943856951214,28.95878641922949,0.5,[28.95878641922949 0.5],0.6387446313328103,False,True,4.572268385144962,163,59.99785047027138,2690.15,in_progress,0.0,0
392,44.0,5.991615396964061,0.5727714008223843,38.98228744585384,20.731735057635206,4.0,[20.731735057635206 4.0],1.48081367986442,False,True,4.650122141646607,164,59.99785047027138,2690.22,in_progress,0.0,0
392,45.0,6.0208887225013985,0.6258407503801525,44.30092305614326,21.05762340219772,0.5,[21.05762340219772 0.5],0.6443994013662179,False,True,4.741032323672567,164,59.99785047027138,2690.287,in_progress,0.0,0
392,46.0,6.037710186835905,0.6746553113923021,50.18507229706059,14.782703634411568,2.671918304414442,[14.782703634411568 2.671918304414442],1.4608334432112084,False,True,4.826343261477128,164,59.99785047027138,2690.361,in_progress,0.0,0
392,47.0,6.054102862136359,0.7375585757248965,56.49170863171275,27.10916744149302,4.0,[27.10916744149302 4.0],1.4915076536795098,False,True,4.9213671636991645,165,59.99785047027138,2690.4,in_progress,0.0,0
392,48.0,6.061217851841124,0.7738926169945877,59.96614253985351,0.7805434532768878,0.5,[0.7805434532768878 0.5],0.7460002492218967,False,True,4.9735633380939,165,59.99785047027138,2690.493,in_progress,0.0,0
392,49.0,6.081029796777803,0.8567985905840725,66.09534463928408,-11.660273507142168,0.5,[-11.660273507142168 0.5],0.7605680591011394,False,True,5.149322802488754,166,59.99785047027138,2690.567,in_progress,0.0,0
392,50.0,6.1022742276411766,0.9115107234958011,66.73740655079385,12.951323742422211,0.5680805661778819,[12.951323742422211 0.5680805661778819],0.7871657848488776,False,True,5.270782159975096,166,59.99785047027138,2690.599,in_progress,0.0,0
392,51.0,6.112011047059933,0.933532072465092,66.61430959269681,-30.0,0.5,[-30.0 0.5],0.6133101197013832,False,True,5.31090223710875,166,59.99785047027138,2690.695,in_progress,0.0,0
392,52.0,6.138951405835255,0.9859620905816113,65.65631702085483,21.126975784867966,0.9015085193879542,[21.126975784867966 0.9015085193879542],0.7057404251175697,False,True,5.408820031208295,167,59.99785047027138,2690.762,in_progress,0.0,0
392,53.0,6.15837438052867,1.0306007052674864,65.90143103169589,-0.9830592038430126,1.041007753013062,[-0.9830592038430126 1.041007753013062],0.9299791513202935,False,True,5.543845141794557,167,59.99785047027138,2690.807,in_progress,0.0,0
392,54.0,6.167183307437427,1.064830133617102,67.3229235747978,25.280951014395995,1.1927125962568694,[25.280951014395995 1.1927125962568694],0.7778026720234001,False,True,5.602238052683573,167,59.99785047027138,2690.892,in_progress,0.0,0
392,55.0,6.178803001424991,1.1422601175252496,71.66635414093241,30.0,4.0,[30.0 4.0],1.4024928613702328,False,True,5.73268029716556,168,59.99785047027138,2690.939,in_progress,0.0,0
392,56.0,6.175646039342945,1.1950148707583528,76.25578023092842,30.0,4.0,[30.0 4.0],1.4077462939864482,False,True,5.8433447469361965,168,59.99785047027138,2691.035,in_progress,0.0,0
392,57.0,6.141818027785686,1.3163728911251462,89.9196070241473,-19.7414504326604,1.4569496160410293,[-19.7414504326604 1.4569496160410293],0.8617380793379414,False,True,6.045865081070312,169,59.99785047027138,2691.074,in_progress,0.0,0
392,58.0,6.125371230094949,1.3593825995467959,95.28259686614896,-16.303676403954235,0.5,[-16.303676403954235 0.5],0.6591125867957643,False,True,6.1874794921600635,169,59.99785047027138,2691.16,in_progress,0.0,0
392,59.0,6.103504636480535,1.4677459833004096,100.74472527789706,30.0,0.5,[30.0 0.5],0.6706770320763403,False,True,6.371329909958412,170,59.99785047027138,2691.229,in_progress,0.0,0
392,60.0,6.0911833076410495,1.530761209682608,101.94003518253282,18.777220398428284,0.5,[18.777220398428284 0.5],0.6753974409233117,False,True,6.478069852802781,170,59.99785047027138,2691.264,in_progress,0.0,0
392,61.0,6.080502782936673,1.5565238266785335,103.34895005674974,-0.5248696631995315,0.5,[-0.5248696631995315 0.5],0.848635311383926,False,True,6.570847884620479,170,59.99785047027138,2691.354,in_progress,0.0,0
392,62.0,6.049772332206962,1.6193679996466328,106.80836744474429,5.746859197662275,1.524568131010551,[5.746859197662275 1.524568131010551],1.1373603747998056,False,True,6.687444307853651,170,59.99785047027138,2691.42,in_progress,0.0,0
392,63.0,6.025678586594482,1.6710201125428608,108.67240619049508,30.0,0.5,[30.0 0.5],0.6882016112077043,False,True,6.782423591879228,171,59.99785047027138,2691.493,in_progress,0.0,0
392,64.0,5.9878282073644495,1.7260518367084723,112.888951812225,9.791225720029033,1.178580252487953,[9.791225720029033 1.178580252487953],1.0531278246746525,False,True,6.892536231364399,171,59.99785047027138,2691.55,in_progress,0.0,0
392,65.0,5.965473906898818,1.7540910885162861,115.17799061310494,-6.56262382945383,0.5,[-6.56262382945383 0.5],0.867343150002208,False,True,6.95088714287817,171,59.99785047027138,2691.629,in_progress,0.0,0
392,66.0,5.93070374946828,1.8109353669371209,116.81600373620464,30.0,1.2554325710706387,[30.0 1.2554325710706387],0.8686468222828788,False,True,7.10348264054611,171,59.99785047027138,2691.677,in_progress,0.0,0
392,67.0,5.912333018545421,1.8442374030841697,117.22354020377065,-6.079685483501571,1.921118528904521,[-6.079685483501571 1.921118528904521],1.2702551963509867,False,True,7.16653932689667,171,59.99785047027138,2691.768,in_progress,0.0,0
392,68.0,5.867317361081195,1.9207410772209317,118.10305384116036,30.0,2.643797754094233,[30.0 2.643797754094233],1.183297353744696,False,True,7.314071089012253,172,59.99785047027138,2691.813,in_progress,0.0,0
392,69.0,5.845532983560396,1.9642092344805053,117.99955818509761,-26.45922775812537,2.6151363474313833,[-26.45922775812537 2.6151363474313833],1.1795492455205225,False,True,7.3942915097890305,172,59.99785047027138,2691.898,in_progress,0.0,0
392,70.0,5.794223209095212,2.0594171466281592,117.83150011396012,0.7416050273446828,0.5,[0.7416050273446828 0.5],0.9085671526904463,False,True,7.598302268011336,172,59.99785047027138,2691.941,in_progress,0.0,0
392,71.0,5.770952253959961,2.121288754870473,115.57942231216981,17.58533251009534,0.5,[17.58533251009534 0.5],0.7312357996952276,False,True,7.701270244155712,172,59.99785047027138,2692.027,in_progress,0.0,0
392,72.0,5.7326525596839515,2.2111437141854684,114.44475911631875,30.0,2.5685671764755904,[30.0 2.5685671764755904],1.30346004371668,False,True,7.8557779228485725,173,59.99785047027138,2692.092,in_progress,0.0,0
392,73.0,5.69832020745631,2.280327433995766,115.0706179147331,7.3372570648186795,0.5,[7.3372570648186795 0.5],1.017025464102047,False,True,7.98008511735715,173,59.99785047027138,2692.153,in_progress,0.0,0
392,74.0,5.655985499816431,2.3403466149048953,118.11426914616433,30.0,0.5,[30.0 0.5],0.8201651729896068,False,True,8.103763576268596,173,59.99785047027138,2692.229,in_progress,0.0,0
392,75.0,5.611747704349738,2.4016267158178937,120.39636661651839,-15.753394028197103,1.952373521972555,[-15.753394028197103 1.952373521972555],1.1753722230216421,False,True,8.228706481137472,173,59.99785047027138,2692.27,in_progress,0.0,0
392,76.0,5.58413088189476,2.4346387533606895,121.93221867303308,-30.0,4.0,[-30.0 4.0],1.668869662212811,False,True,8.300329073963875,174,59.99785047027138,2692.361,in_progress,0.0,0
392,77.0,5.5330593761483415,2.5256960178045866,120.82132499461366,-30.0,3.6804777475658943,[-30.0 3.6804777475658943],1.6025512640206772,False,True,8.46927161219494,174,59.99785047027138,2692.396,in_progress,0.0,0
392,78.0,5.51851292508735,2.571786900925898,118.12541115606497,-30.0,3.1530678785456137,[-30.0 3.1530678785456137],1.4783470294869967,False,True,8.5442518513561,174,59.99785047027138,2692.498,in_progress,0.0,0
392,79.0,5.502619765509668,2.7076701698579284,107.4472963992544,0.7490118198265208,0.5,[0.7490118198265208 0.5],1.0674930639116487,False,True,8.73802918011094,175,59.99785047027138,2692.532,in_progress,0.0,0
392,80.0,5.503951807811306,2.769112097992875,101.72392183163352,4.684942695100702,1.0338423623013133,[4.684942695100702 1.0338423623013133],1.1284349909745752,False,True,8.816814396992756,175,59.99785047027138,2692.62,in_progress,0.0,0
392,81.0,5.49309325583198,2.89298859189459,95.40329671766797,-16.607374310301736,1.6696945300483064,[-16.607374310301736 1.6696945300483064],1.0571757586624855,False,True,9.053636825904665,175,59.99785047027138,2692.687,in_progress,0.0,0
392,82.0,5.482967397239527,2.980101530281317,94.80318590557859,9.115053866292122,1.2182840921466895,[9.115053866292122 1.2182840921466895],1.205912638603884,False,True,9.190516796042491,176,59.99785047027138,2692.757,in_progress,0.0,0
392,83.0,5.4795159028364475,3.0775786002435828,93.85305472158937,-9.414260393475544,0.5,[-9.414260393475544 0.5],0.9253730448332187,False,True,9.337685523054217,176,59.99785047027138,2692.82,in_progress,0.0,0
392,84.0,5.472555167057213,3.157055124158154,94.24554832183044,11.009336418466702,1.160828668611158,[11.009336418466702 1.160828668611158],1.1012687789232325,False,True,9.508998206963815,176,59.99785047027138,2692.886,in_progress,0.0,0
392,85.0,5.468441315023756,3.2333270901394133,93.91804631093898,26.687651459088798,1.694238282106076,[26.687651459088798 1.694238282106076],0.992778920783294,False,True,9.629809714921024,177,59.99785047027138,2692.957,in_progress,0.0,0
392,86.0,5.44852445217297,3.315595847678612,97.06060660800976,-30.0,0.5099603623884611,[-30.0 0.5099603623884611],0.7706874233215837,False,True,9.89396182371064,178,59.99785047027138,2693.019,in_progress,0.0,0
392,87.0,5.425863120305197,3.393358276096227,100.02847775622995,-29.41962242295415,0.7812199836162106,[-29.41962242295415 0.7812199836162106],0.8342564426684644,False,True,10.078563385672224,178,59.99785047027138,2693.095,in_progress,0.0,0
392,88.0,5.409035109584186,3.4707389932269637,100.70481314260469,-8.81945702258453,0.5845629150897951,[-8.81945702258453 0.5845629150897951],1.000663752610294,False,True,10.208395855244056,179,59.99785047027138,2693.153,in_progress,0.0,0
392,89.0,5.406559279605043,3.5284911655205127,98.79966316192278,-23.99816209216284,0.5,[-23.99816209216284 0.5],0.7938568761470771,False,True,10.407853142206157,179,59.99785047027138,2693.224,in_progress,0.0,0
392,90.0,5.410231175193741,3.583495679286167,96.04173221546324,-30.0,0.5,[-30.0 0.5],0.7968552520950942,False,True,10.498978135869796,180,59.99785047027138,2693.288,in_progress,0.0,0
392,91.0,5.419740857215663,3.63331818389,92.60552222245313,-30.0,2.156354135172559,[-30.0 2.156354135172559],1.1341524876627191,False,True,10.635709338453136,180,59.99785047027138,2693.33,in_progress,0.0,0
392,92.0,5.43033661125231,3.6611736869471065,89.72036199660523,-30.0,0.5,[-30.0 0.5],0.8031636732340566,False,True,10.685330328556741,181,59.99785047027138,2693.426,in_progress,0.0,0
392,93.0,5.4603163273792665,3.7123816946986183,82.98367604607088,-30.0,0.5,[-30.0 0.5],0.8108583943628468,False,True,10.84751445943305,181,59.99785047027138,2693.489,in_progress,0.0,0
392,94.0,5.486463691351975,3.7459751743278664,77.7811827021166,-30.0,1.7528561646584144,[-30.0 1.7528561646584144],1.0630559253665655,False,True,10.917104158276425,181,59.99785047027138,2693.556,in_progress,0.0,0
392,95.0,5.524188808816399,3.7869487443917977,71.22174469295648,-30.0,0.5,[-30.0 0.5],0.8154122645976241,False,True,11.006342532271141,182,59.99785047027138,2693.618,in_progress,0.0,0
392,96.0,5.5655436217934815,3.8225953265575043,64.70994675178342,-30.0,0.5,[-30.0 0.5],0.8232338640598983,False,True,11.170968919396518,182,59.99785047027138,2693.694,in_progress,0.0,0
392,97.0,5.606645608520407,3.8489155794664534,58.58926212110377,-30.0,0.9066271593185108,[-30.0 0.9066271593185108],0.90661181629199,False,True,11.246529378793069,183,59.99785047027138,2693.737,in_progress,0.0,0
392,98.0,5.635519122427347,3.864335271635467,54.584294282260124,-30.0,0.5,[-30.0 0.5],0.8346164021055897,False,True,11.435066636549273,183,59.99785047027138,2693.824,in_progress,0.0,0
392,99.0,5.690507580508013,3.888563172912866,47.50627163652348,-30.0,0.5,[-30.0 0.5],0.8379943540309581,False,True,11.531161781733722,184,59.99785047027138,2693.886,in_progress,0.0,0
392,100.0,5.72901611600099,3.9026998470324457,43.03949884954022,-30.0,0.5,[-30.0 0.5],0.8442309166693758,False,True,11.671944500560084,184,59.99785047027138,2693.964,in_progress,0.0,0
392,101.0,5.771877441738165,3.9184057810227517,38.86338761557046,-30.0,0.5,[-30.0 0.5],0.37311293122201505,False,False,11.74614783476714,185,59.99785047027138,2694.012,in_progress,0.0,0
392,102.0,5.795095095962876,3.9247968119719103,36.54711129073365,-30.0,0.5,[-30.0 0.5],0.37886558819388905,False,False,11.970293123917353,185,59.99785047027138,2694.097,in_progress,0.0,0
392,103.0,5.842399726911756,3.9316811684989825,31.329394587910652,-30.0,0.5,[-30.0 0.5],0.3800147879219359,False,False,12.049249373134552,186,59.99785047027138,2694.135,in_progress,0.0,0
392,104.0,5.87054096054477,3.9329133944442867,28.005498582400985,-30.0,1.782353728468846,[-30.0 1.782353728468846],0.3826714623435507,False,False,12.175910165476612,186,59.99785047027138,2694.23,in_progress,0.0,0
392,105.0,5.945709766152937,3.928009857194498,19.06149665519706,30.0,2.7764946926756346,[30.0 2.7764946926756346],0.3851980766133733,False,False,12.29849280753541,187,59.99785047027138,2694.275,in_progress,0.0,0
392,106.0,5.990222418227946,3.926058623696143,15.134521207517468,-30.0,2.7367853419717947,[-30.0 2.7367853419717947],0.3920196479661856,False,False,12.55871327316822,187,59.99785047027138,2694.36,in_progress,0.0,0
392,107.0,6.093789159251788,3.9193022626264176,7.494204028034197,-12.479331237057767,0.930704001764409,[-12.479331237057767 0.930704001764409],0.49717029656439815,False,False,12.784379054513096,188,59.99785047027138,2694.404,in_progress,0.0,0
392,108.0,6.138689498973403,3.9085391265420455,3.2176665203761856,-0.4924876847437325,1.0975693702267015,[-0.4924876847437325 1.0975693702267015],0.49852282392141944,False,False,12.86129888933366,188,59.99785047027138,2694.498,in_progress,0.0,0
392,109.0,6.234295227772554,3.8940607873967643,-1.115939447492853,-16.942278658857955,0.8899122616831343,[-16.942278658857955 0.8899122616831343],0.4025052630039021,False,False,13.022229097185068,189,59.99785047027138,2694.539,in_progress,0.0,0
392,110.0,6.278675089990144,3.8889602418948686,-2.042011204954753,2.943377996801388,4.0,[2.943377996801388 4.0],0.5076682263587078,False,False,13.181560965103289,189,59.99785047027138,2694.617,in_progress,0.0,0
392,111.0,6.3753901492136675,3.8753382393375766,-4.1912171624880985,30.0,2.8057684372295655,[30.0 2.8057684372295655],0.409765263631863,False,False,13.34119462987461,189,59.99785047027138,2694.688,in_progress,0.0,0
392,112.0,6.4776179743765265,3.878773321383629,-1.8616800139340488,8.35458691752396,0.6610137392077133,[8.35458691752396 0.6610137392077133],0.5167071993877969,False,False,13.50009561406267,190,59.99785047027138,2694.763,in_progress,0.0,0
392,113.0,6.583691323999717,3.8912539732352007,1.9288142114880316,-20.37326977494808,1.4855569724097524,[-20.37326977494808 1.4855569724097524],1.1307978313027038,False,True,13.655208878960611,190,59.99785047027138,2694.795,in_progress,0.0,0
392,114.0,6.646838027960091,3.8943548834843598,2.2478014789933107,-30.0,0.9056862151059437,[-30.0 0.9056862151059437],1.0180829157183562,False,True,13.749821765739178,190,59.99785047027138,2694.891,in_progress,0.0,0
392,115.0,6.761580568384881,3.8876672088338733,0.05165833903017101,-29.485199911765132,0.5,[-29.485199911765132 0.5],1.040276131081051,False,True,13.93492138499508,191,59.99785047027138,2694.964,in_progress,0.0,0
392,116.0,6.840210679444924,3.8757767776641696,-2.669984975905775,6.666268825556756,0.7855348379506074,[6.666268825556756 0.7855348379506074],1.3863507430827133,False,True,14.065583310695084,191,59.99785047027138,2695.008,in_progress,0.0,0
392,117.0,6.883599185919017,3.8696902167110907,-3.599402371497292,-30.0,0.5,[-30.0 0.5],1.0483423133343266,False,True,14.137435262187248,191,59.99785047027138,2695.088,in_progress,0.0,0
392,118.0,6.964433015089072,3.857408680568156,-5.301570173370942,7.867710659707157,2.343332737215955,[7.867710659707157 2.343332737215955],1.8239939984774385,False,True,14.257970745903814,191,59.99785047027138,2695.143,in_progress,0.0,0
392,119.0,6.997866646913294,3.8477598168988876,-6.8602721165698854,-12.56823177580138,1.7107086163373377,[-12.56823177580138 1.7107086163373377],1.6515123151564908,False,True,14.315969038348154,191,59.99785047027138,2695.226,in_progress,0.0,0
392,120.0,7.081882641853904,3.8207721956236376,-10.616577213844138,-30.0,0.5,[-30.0 0.5],1.0619257439620495,False,True,14.46296019831843,192,59.99785047027138,2695.271,in_progress,0.0,0
392,121.0,7.123752933322837,3.799433802282115,-13.687370708214285,-27.88122936060193,1.5080345797732266,[-27.88122936060193 1.5080345797732266],1.2861506557331452,False,True,14.539801683108177,192,59.99785047027138,2695.364,in_progress,0.0,0
392,122.0,7.207989059457161,3.7400813629334473,-21.776258049399594,-7.384445040838731,0.7460710306493593,[-7.384445040838731 0.7460710306493593],1.2811763336711968,False,True,14.715082497168241,192,59.99785047027138,2695.404,in_progress,0.0,0
392,123.0,7.244878844952186,3.7088691984476783,-25.694965222709378,30.0,2.7323981228330987,[30.0 2.7323981228330987],1.4243066639523931,False,True,14.789477293999443,192,59.99785047027138,2695.491,in_progress,0.0,0
392,124.0,7.3327728960058245,3.6538743699538876,-27.986924737354546,20.750745557732785,2.191115818645796,[20.750745557732785 2.191115818645796],1.3236722995029646,False,True,14.956911077260227,193,59.99785047027138,2695.531,in_progress,0.0,0
392,125.0,7.38454515984596,3.6348808751045993,-26.240222054202512,30.0,0.7019646586139587,[30.0 0.7019646586139587],1.0289852968564241,False,True,15.048741667585707,193,59.99785047027138,2695.622,in_progress,0.0,0
392,126.0,7.497292936328307,3.6048113331885823,-21.581652389864683,30.0,0.5,[30.0 0.5],0.9981931073623358,False,True,15.250070138371207,193,59.99785047027138,2695.674,in_progress,0.0,0
392,127.0,7.545321551909147,3.598077644569666,-18.703261857276736,21.284061883525915,0.5,[21.284061883525915 0.5],1.0006097600899684,False,True,15.329527831318613,193,59.99785047027138,2695.756,in_progress,0.0,0
392,128.0,7.623879593921199,3.6019741385876736,-12.177677745461262,-13.988706947411096,0.5,[-13.988706947411096 0.5],1.256918051121011,False,True,15.45157974546142,194,59.99785047027138,2695.824,in_progress,0.0,0
392,129.0,7.677330610515303,3.6042531697292395,-9.03764506778123,-30.0,0.5,[-30.0 0.5],1.1090085252635231,False,True,15.53482156510263,194,59.99785047027138,2695.894,in_progress,0.0,0
392,130.0,7.729046132550465,3.599222196938927,-8.23964445690705,-30.0,2.4141795187722974,[-30.0 2.4141795187722974],1.534800950800773,False,True,15.6452011927515,194,59.99785047027138,2695.964,in_progress,0.0,0
392,131.0,7.784924457310801,3.5804094190049622,-10.700166788320034,-30.0,0.5,[-30.0 0.5],1.1175656851205085,False,True,15.74321383000794,194,59.99785047027138,2696.006,in_progress,0.0,0
392,132.0,7.810909932189077,3.5665633272661066,-12.527830993767825,-30.0,1.7100809615277304,[-30.0 1.7100809615277304],1.3845361875251196,False,True,15.792080076135129,194,59.99785047027138,2696.09,in_progress,0.0,0
392,133.0,7.874966811729089,3.522664560632357,-18.999249900691073,-15.558855005048397,2.046452313357637,[-15.558855005048397 2.046452313357637],1.3311574909588573,False,True,15.9188378596008,195,59.99785047027138,2696.165,in_progress,0.0,0
392,134.0,7.938356551246079,3.4635306782921593,-26.77523180338797,-30.0,3.0888778350025783,[-30.0 3.0888778350025783],1.5485344859839596,False,True,16.109288982405758,195,59.99785047027138,2696.202,in_progress,0.0,0
392,135.0,7.97506016647083,3.4241335962414357,-31.263042940635746,-9.147962326766066,0.5,[-9.147962326766066 0.5],1.2920050733398476,False,True,16.195172446348906,195,59.99785047027138,2696.293,in_progress,0.0,0
392,136.0,8.048713018892766,3.338211237703002,-39.20326720613391,4.98755441348775,0.5,[4.98755441348775 0.5],1.3107908365824923,False,True,16.49272534129964,196,59.99785047027138,2696.364,in_progress,0.0,0
392,137.0,8.096562399361492,3.2859823208355534,-41.60816479674848,-30.0,0.7885722410218796,[-30.0 0.7885722410218796],1.1110132621954907,False,True,16.61050963772397,197,59.99785047027138,2696.409,in_progress,0.0,0
392,138.0,8.128211082808592,3.2517958341155477,-42.68072535505744,-25.09738606688738,0.5,[-25.09738606688738 0.5],1.0592637375447145,False,True,16.75096225109489,197,59.99785047027138,2696.501,in_progress,0.0,0
392,139.0,8.174643778584718,3.188992943467773,-46.078041641133666,-30.0,0.5,[-30.0 0.5],1.0646265476391086,False,True,16.8809645836844,198,59.99785047027138,2696.549,in_progress,0.0,0
392,140.0,8.182345652230762,3.1629339979584263,-49.22773469912255,-30.0,0.5,[-30.0 0.5],1.072475357745905,False,True,17.05460515449908,199,59.99785047027138,2696.631,in_progress,0.0,0
392,141.0,8.187163668059116,3.1075759931585294,-56.83645680904093,-30.0,3.147732566433796,[-30.0 3.147732566433796],1.6084382522243559,False,True,17.203295412022122,199,59.99785047027138,2696.672,in_progress,0.0,0
392,142.0,8.18823893046402,3.0759079122157287,-60.909686512981345,-30.0,2.061565082863057,[-30.0 2.061565082863057],1.3920369546704856,False,True,17.25375900837389,199,59.99785047027138,2696.77,in_progress,0.0,0
392,143.0,8.175735466061276,2.9812623959327573,-73.45910310767962,-12.84018029421653,0.5,[-12.84018029421653 0.5],0.623847817109196,False,False,17.61452660073024,201,59.99785047027138,2696.803,in_progress,0.0,0
392,144.0,8.17036995810957,2.947713489354864,-77.26821332279654,-1.6218609205549797,0.9969304300857371,[-1.6218609205549797 0.9969304300857371],0.624562438458235,False,False,17.67054703930616,202,59.99785047027138,2696.881,in_progress,0.0,0
392,145.0,8.169192382721928,2.8584009990468484,-81.70325227728674,-25.735396670461235,2.7682624119723727,[-25.735396670461235 2.7682624119723727],0.5056703634803305,False,False,17.91938666702142,203,59.99785047027138,2696.936,in_progress,0.0,0
392,146.0,8.170275377031338,2.8159735079900554,-83.10963113190962,-2.914077994593189,2.988486306110786,[-2.914077994593189 2.988486306110786],0.6332766882084953,False,False,17.988729114328272,203,59.99785047027138,2697.018,in_progress,0.0,0
392,147.0,8.170516424231419,2.7007748729014276,-85.82466690145188,-11.750299823230343,0.5,[-11.750299823230343 0.5],0.6409945380999178,False,False,18.24369069976689,204,59.99785047027138,2697.097,in_progress,0.0,0
392,148.0,8.156778624254716,2.6018502678295232,-90.63645600392829,-30.0,0.5,[-30.0 0.5],0.5174400397711176,False,False,18.444632996625966,204,59.99785047027138,2697.141,in_progress,0.0,0
392,149.0,8.145217994903724,2.554746230373706,-93.46888629649322,2.433780648875981,0.5,[2.433780648875981 0.5],1.4217394042026439,False,True,18.52484863146634,205,59.99785047027138,2697.227,in_progress,0.0,0
392,150.0,8.131456728994886,2.4635747327873996,-95.10492363782592,0.6111995695022294,2.2744972632613836,[0.6111995695022294 2.2744972632613836],1.8723220162922978,False,True,18.659559504456848,205,59.99785047027138,2697.28,in_progress,0.0,0
392,151.0,8.124954677813193,2.414995265011035,-95.63148435248196,18.83519443081446,3.2596263661466987,[18.83519443081446 3.2596263661466987],1.6974002306928497,False,True,18.73964546396858,205,59.99785047027138,2697.362,in_progress,0.0,0
392,152.0,8.115199334782897,2.3229381740245874,-95.68163014033053,3.1818499895829433,1.607594783403602,[3.1818499895829433 1.607594783403602],1.716791858256768,False,True,18.890014445830772,206,59.99785047027138,2697.419,in_progress,0.0,0
392,153.0,8.114725031469556,2.248286198583691,-94.10683295322882,-13.860628312820296,0.5,[-13.860628312820296 0.5],1.4437485777103616,False,True,18.980119716579036,206,59.99785047027138,2697.497,in_progress,0.0,0
392,154.0,8.107897753813447,2.1555482741683796,-94.17456123091578,4.530868608204358,0.5,[4.530868608204358 0.5],1.5971242900157927,False,True,19.132495979065357,207,59.99785047027138,2697.542,in_progress,0.0,0
392,155.0,8.102692775324789,2.105773078818249,-94.55509226235202,12.322512834352366,0.5,[12.322512834352366 0.5],1.5981653146352806,False,True,19.180453626523885,207,59.99785047027138,2697.632,in_progress,0.0,0
392,156.0,8.10424416981377,2.0317060600867176,-92.86860984349734,29.561775806829566,0.5,[29.561775806829566 0.5],1.283600658084158,False,True,19.297790460747045,208,59.99785047027138,2697.681,in_progress,0.0,0
392,157.0,8.109977315958439,1.9925225322759252,-91.04665136191879,30.0,2.548413174486936,[30.0 2.548413174486936],1.7360412589670717,False,True,19.361100601713034,208,59.99785047027138,2697.76,in_progress,0.0,0
392,158.0,8.136632314855222,1.9241023810317264,-84.7291082833672,30.0,2.8448468644141753,[30.0 2.8448468644141753],1.8033022953513687,False,True,19.42842690365917,208,59.99785047027138,2697.827,in_progress,0.0,0
392,159.0,8.17806636149024,1.8577630768538547,-76.70863646522406,-8.54590007865929,0.5,[-8.54590007865929 0.5],1.6152446077968994,False,True,19.540424565909408,209,59.99785047027138,2697.902,in_progress,0.0,0
392,160.0,8.222424685428557,1.786305343954689,-70.09152408379425,0.9908386191762055,2.076113418783874,[0.9908386191762055 2.076113418783874],2.240385326428648,False,True,19.63995169138395,209,59.99785047027138,2697.946,in_progress,0.0,0
392,161.0,8.24353524200753,1.7429439092501684,-68.85108739920508,16.48187873630298,0.5,[16.48187873630298 0.5],1.4170109922627105,False,True,19.718072517507423,209,59.99785047027138,2698.025,in_progress,0.0,0
392,162.0,8.284688129891563,1.6737873318978644,-65.97884720520248,30.0,1.3301902060174977,[30.0 1.3301902060174977],1.6220844006272335,False,True,19.839566184868694,210,59.99785047027138,2698.094,in_progress,0.0,0
392,163.0,8.33405091247392,1.6194271487814336,-60.838794583740835,-5.255590933934997,1.238384974672684,[-5.255590933934997 1.238384974672684],2.006606648093449,False,True,19.95200517361827,211,59.99785047027138,2698.141,in_progress,0.0,0
392,164.0,8.370420747531245,1.58269769830657,-57.5806085220984,-13.190588312275104,4.0,[-13.190588312275104 4.0],2.8394381510884075,False,True,20.03757740219165,211,59.99785047027138,2698.224,in_progress,0.0,0
392,165.0,8.425615050508672,1.5001128144237152,-57.18092663948663,-23.364591527333076,0.7645862900353942,[-23.364591527333076 0.7645862900353942],1.5037623650862515,False,True,20.20311899053352,212,59.99785047027138,2698.292,in_progress,0.0,0
392,166.0,8.463044818170943,1.4221616202450682,-59.077125489411415,30.0,2.7926551605623606,[30.0 2.7926551605623606],1.9977757366412998,False,True,20.346818023472622,212,59.99785047027138,2698.347,in_progress,0.0,0
392,167.0,8.492050368651482,1.3552531359455908,-61.130816334035835,16.49620891336707,0.5,[16.49620891336707 0.5],1.453028580521118,False,True,20.46315803431541,213,59.99785047027138,2698.433,in_progress,0.0,0
392,168.0,8.54591238745842,1.287512133902667,-57.79539670549594,-21.92551818653464,0.5,[-21.92551818653464 0.5],1.4600388987541786,False,True,20.602854247585167,213,59.99785047027138,2698.474,in_progress,0.0,0
392,169.0,8.57575776492416,1.2564830181861777,-55.509293467755995,-23.78084100698567,2.0885684077188396,[-23.78084100698567 2.0885684077188396],1.843887864611797,False,True,20.67457843741638,214,59.99785047027138,2698.56,in_progress,0.0,0
392,170.0,8.628183289118743,1.1748956606849041,-56.35500607547673,-30.0,1.816913927778915,[-30.0 1.816913927778915],1.786510853560052,False,True,20.826768430981446,214,59.99785047027138,2698.597,in_progress,0.0,0
392,171.0,8.647243225788237,1.1274522448571045,-58.81558155311718,7.475691870209445,3.2112060831670997,[7.475691870209445 3.2112060831670997],2.6550220195958665,False,True,20.902697807404213,215,59.99785047027138,2698.69,in_progress,0.0,0
392,172.0,8.701748315088391,1.0139544360246322,-61.12365987395903,-30.0,1.9494015304087666,[-30.0 1.9494015304087666],1.6803322359917212,False,True,21.1181481251668,215,59.99785047027138,2698.755,in_progress,0.0,0
392,173.0,8.749220572287104,0.9194950636501003,-62.01456235216893,-30.0,0.5,[-30.0 0.5],1.3696241044653952,False,True,21.287353746792803,216,59.99785047027138,2698.826,in_progress,0.0,0
392,174.0,8.780367009013787,0.8230161339905308,-66.18406511838693,22.20125200860077,2.2662976787558775,[22.20125200860077 2.2662976787558775],1.7687722159356338,False,True,21.497357558668718,216,59.99785047027138,2698.883,in_progress,0.0,0
392,175.0,8.80664335229462,0.7419033773502717,-67.97048060938413,15.84695246424166,2.36708228221638,[15.84695246424166 2.36708228221638],1.7971947248891387,False,True,21.634519030534484,216,59.99785047027138,2698.947,in_progress,0.0,0
392,176.0,8.859369787157807,0.6407200196703713,-65.65013140856031,-11.796203767053864,0.5,[-11.796203767053864 0.5],1.5918033902904607,False,True,21.90921519674359,217,59.99785047027138,2699.018,in_progress,0.0,0
392,177.0,8.909359927075323,0.5521391230106932,-63.588807752015036,-17.78570666905762,0.5,[-17.78570666905762 0.5],1.4088028678347042,False,True,22.07667212324077,218,59.99785047027138,2699.078,in_progress,0.0,0
392,178.0,8.94621118279464,0.46928929599778496,-64.42923912470373,-1.1922674472854453,0.5,[-1.1922674472854453 0.5],1.7697947643025693,False,True,22.227520944097368,218,59.99785047027138,2699.154,in_progress,0.0,0
392,179.0,8.978888512854784,0.3937548660401246,-65.27301661952427,-8.763298613704585,0.5,[-8.763298613704585 0.5],1.7834184296863524,False,True,22.444342222995715,218,59.99785047027138,2699.218,in_progress,0.0,0
392,180.0,9.011439685769117,0.33439913188214465,-64.15325885341049,-6.592689345477488,0.5,[-6.592689345477488 0.5],1.7887934856432797,False,True,22.548783168723773,219,59.99785047027138,2699.283,in_progress,0.0,0
392,181.0,9.048699892272648,0.2844537047475139,-61.453003531427164,-30.0,0.5,[-30.0 0.5],1.434478406222278,False,True,22.638530234077248,219,59.99785047027138,2699.349,in_progress,0.0,0
392,182.0,9.077085215727783,0.24102385288009243,-60.419393941153736,7.035493346476599,3.9921926567982395,[7.035493346476599 3.9921926567982395],2.759154380676255,False,True,22.747336790900352,219,59.99785047027138,2699.418,in_progress,0.0,0
392,183.0,9.108503248365723,0.18522378324344918,-60.41775686878832,-30.0,4.0,[-30.0 4.0],2.4135994909716034,False,True,22.8366040248271,219,59.99785047027138,2699.49,in_progress,0.0,0
392,184.0,9.144422715573054,0.12394089930865226,-60.334516456807584,-30.0,2.064907184129056,[-30.0 2.064907184129056],1.9534670727719512,False,True,22.934483799955864,220,59.99785047027138,2699.552,in_progress,0.0,0
392,185.0,9.165035093375064,0.04990728705897632,-64.52500390755702,-30.0,2.3374432704775643,[-30.0 2.3374432704775643],2.0246251138285873,False,True,23.055284855860336,220,59.99785047027138,2699.62,in_progress,0.0,0
392,186.0,9.177479473615758,-0.04907205668070169,-71.36140110511708,-30.0,2.203648940723376,[-30.0 2.203648940723376],2.0008106277921827,False,True,23.2162468739434,220,59.99785047027138,2699.681,in_progress,0.0,0
392,187.0,9.174677578391728,-0.1541926037279281,-79.33662892318054,-30.0,0.5,[-30.0 0.5],1.601060891343876,False,True,23.39041058237976,220,59.99785047027138,2699.748,in_progress,0.0,0
392,188.0,9.160641945168116,-0.24974620281004445,-87.26907010841241,-30.0,2.462513576835903,[-30.0 2.462513576835903],2.080347511455576,False,True,23.551377494965465,221,59.99785047027138,2699.814,in_progress,0.0,0
392,189.0,9.138962176490136,-0.3416194508917657,-93.90125952055969,5.829770528840442,1.9324510982857304,[5.829770528840442 1.9324510982857304],2.4511930296621354,False,True,23.70513086890127,221,59.99785047027138,2699.886,in_progress,0.0,0
392,190.0,9.108144325071674,-0.4601956593180674,-99.93554315015467,-16.606324834973996,2.6835350118082544,[-16.606324834973996 2.6835350118082544],2.152203197315133,False,True,23.909160503477757,221,59.99785047027138,2699.961,in_progress,0.0,0
392,191.0,9.074157181691874,-0.589801242067848,-102.71722960304342,-30.0,0.5,[-30.0 0.5],1.6403333161424325,False,True,24.13227485940369,222,59.99785047027138,2699.994,in_progress,0.0,0
392,192.0,9.052424483735594,-0.6477411027358538,-104.73014114742854,-3.587138154291985,4.0,[-3.587138154291985 4.0],3.1060580379719274,False,True,24.2338077291556,222,59.99785047027138,2700.086,in_progress,0.0,0
392,193.0,8.993770609864407,-0.8109115184193396,-107.37274993220035,-3.1416979541004153,4.0,[-3.1416979541004153 4.0],3.1263762861513036,False,True,24.522112828960164,223,59.99785047027138,2700.154,in_progress,0.0,0
392,194.0,8.950784150135457,-0.9502873807789378,-107.18474681172748,-30.0,4.0,[-30.0 4.0],2.5145152173956022,False,True,24.76556106144954,224,59.99785047027138,2700.228,in_progress,0.0,0
392,195.0,8.897554402088304,-1.1001156905737788,-108.70849403405629,-30.0,1.947686265529785,[-30.0 1.947686265529785],2.0368061034358353,False,True,25.032131701082573,224,59.99785047027138,2700.291,in_progress,0.0,0
392,196.0,8.830143801008784,-1.2540270995907832,-111.42167668367419,-9.307344009848826,1.3106376418908061,[-9.307344009848826 1.3106376418908061],2.3744949837752016,False,True,25.31237530272167,225,59.99785047027138,2700.34,in_progress,0.0,0
392,197.0,8.778330934585178,-1.3544850862430946,-113.92372862035515,-30.0,0.5,[-30.0 0.5],1.7149566454876615,False,True,25.500760320296912,226,59.99785047027138,2700.415,in_progress,0.0,0
392,198.0,8.709346168886736,-1.4726848982588419,-116.78489015516747,-23.532048383213482,2.204380758106587,[-23.532048383213482 2.204380758106587],2.1363901659777595,False,True,25.72879810347518,227,59.99785047027138,2700.486,in_progress,0.0,0
392,199.0,8.630762980788402,-1.585197740591226,-120.80764947477053,-30.0,1.6371181057822077,[-30.0 1.6371181057822077],2.0125026541548916,False,True,25.955036999473748,228,59.99785047027138,2700.557,in_progress,0.0,0
392,200.0,8.54636565076341,-1.6825051357347152,-125.38535240808817,-12.591679684062271,0.5,[-12.591679684062271 0.5],2.1886979416737877,False,True,26.16719580309268,228,59.99785047027138,2700.603,in_progress,0.0,0
392,201.0,8.495855034243009,-1.7321115264809077,-128.2427242982819,-30.0,0.5,[-30.0 0.5],1.7564481104901715,False,True,26.285187525366936,229,59.99785047027138,2700.69,in_progress,0.0,0
392,202.0,8.387377872462354,-1.828905466791317,-133.22857541733424,-11.309154231154686,1.1721440202671864,[-11.309154231154686 1.1721440202671864],2.4133997094329915,False,True,26.523230049469305,230,59.99785047027138,2700.737,in_progress,0.0,0
392,203.0,8.341949446618193,-1.8653015586820052,-135.13268933439423,-30.0,4.0,[-30.0 4.0],2.613084713584627,False,True,26.61215921490403,230,59.99785047027138,2700.825,in_progress,0.0,0
392,204.0,8.22568833121826,-1.9364914042541164,-141.97104131639006,-30.0,3.1477422046875985,[-30.0 3.1477422046875985],2.4207123398048065,False,True,26.837823363943038,231,59.99785047027138,2700.901,in_progress,0.0,0
392,205.0,8.096787089700522,-1.9803466701906862,-151.77611442070966,-27.343860067163426,1.0307369196824956,[-27.343860067163426 1.0307369196824956],1.9246002459699783,False,True,27.06046501885283,232,59.99785047027138,2700.952,in_progress,0.0,0
392,206.0,8.017632228825779,-1.9983051824051865,-158.16130641766335,5.43927176685672,2.1264270275998776,[5.43927176685672 2.1264270275998776],2.7423075139044513,False,True,27.191419286159114,232,59.99785047027138,2701.022,in_progress,0.0,0
392,207.0,7.894965297688022,-2.0324683147398677,-162.83256224907373,-29.54780310689802,2.85429809490918,[-29.54780310689802 2.85429809490918],2.379832113731543,False,True,27.403491818897287,233,59.99785047027138,2701.091,in_progress,0.0,0
392,208.0,7.774203940351771,-2.0633905982542746,-164.78895686697027,-30.0,3.2200629357656023,[-30.0 3.2200629357656023],2.4786346521467135,False,True,27.611236480844216,234,59.99785047027138,2701.161,in_progress,0.0,0
392,209.0,7.632563729311961,-2.0758714133795135,-170.03076232493655,26.77705375745633,1.923136397279133,[26.77705375745633 1.923136397279133],2.1802292058498494,False,True,27.848924290555555,235,59.99785047027138,2701.2,in_progress,0.0,0
392,210.0,7.561913859073513,-2.0754542716574513,-173.9657516733873,-20.125386093477328,4.0,[-20.125386093477328 4.0],2.6840470933777474,False,True,27.9654010380308,235,59.99785047027138,2701.295,in_progress,0.0,0
392,211.0,7.3488561561759385,-2.0702080641414047,178.66400699641866,17.004882129590023,1.305739769500898,[17.004882129590023 1.305739769500898],2.057352283751173,False,True,28.318217270453662,236,59.99785047027138,2701.341,in_progress,0.0,0
392,212.0,7.249402322625244,-2.0569461004464618,173.81974557903084,30.0,2.286727231728329,[30.0 2.286727231728329],2.3014441951553635,False,True,28.488256828612656,236,59.99785047027138,2701.426,in_progress,0.0,0
392,213.0,7.063452295727956,-2.049591471183823,173.03676553057767,15.103329070833183,2.4545677268605743,[15.103329070833183 2.4545677268605743],2.1623263581964443,False,True,28.797013277491967,237,59.99785047027138,2701.477,in_progress,0.0,0
392,214.0,6.926287676096661,-2.0579198776947076,177.5623606689793,-30.0,2.485405855464008,[-30.0 2.485405855464008],2.180511995068787,False,True,29.028957188127404,237,59.99785047027138,2701.556,in_progress,0.0,0
392,215.0,6.762240227667467,-2.066522305448481,-178.17525558548687,12.912447546931453,1.8037811594095416,[12.912447546931453 1.8037811594095416],2.5553702019229227,False,True,29.302724818605043,238,59.99785047027138,2701.627,in_progress,0.0,0
392,216.0,6.592222442450555,-2.0688996607406125,-177.77287087189052,30.0,0.5,[30.0 0.5],1.7718193339589423,False,True,29.587692440850876,238,59.99785047027138,2701.66,in_progress,0.0,0
392,217.0,6.512893669794276,-2.0749160232506303,-177.22419715908907,13.723981334274875,1.5441774997273838,[13.723981334274875 1.5441774997273838],2.737252596752734,False,True,29.720135348316855,238,59.99785047027138,2701.765,in_progress,0.0,0
392,218.0,6.329096527156688,-2.102355032555086,-173.67988198248167,-0.6426800576848279,0.5,[-0.6426800576848279 0.5],2.4453948325214734,False,True,30.029358920083794,239,59.99785047027138,2701.805,in_progress,0.0,0
392,219.0,6.270960354320533,-2.1181256167208056,-171.50391652134957,-10.608280417223877,1.6987698128144089,[-10.608280417223877 1.6987698128144089],2.8102044858916506,False,True,30.12655828871501,239,59.99785047027138,2701.894,in_progress,0.0,0
392,220.0,6.134086242253524,-2.1496747719958824,-169.53839770636023,-30.0,2.9450182518377925,[-30.0 2.9450182518377925],2.559438691666406,False,True,30.35529231767491,240,59.99785047027138,2701.964,in_progress,0.0,0
392,221.0,5.977384451311621,-2.165214494045609,-172.3716234255966,6.29005428372659,1.2755258388944148,[6.29005428372659 1.2755258388944148],2.7161644226089483,False,True,30.61693149815712,240,59.99785047027138,2702.008,in_progress,0.0,0
392,222.0,5.909214291114273,-2.168802990899078,-173.8524512584407,-30.0,1.7992878043200182,[-30.0 1.7992878043200182],2.3037745849185947,False,True,30.730554266021738,240,59.99785047027138,2702.091,in_progress,0.0,0
392,223.0,5.7596288336578505,-2.172114362123349,-176.5852357120826,-30.0,0.5,[-30.0 0.5],2.0053466125341113,False,True,30.979873914879764,241,59.99785047027138,2702.171,in_progress,0.0,0
392,224.0,5.620681984438277,-2.1589907995339668,179.15024828252956,-30.0,4.0,[-30.0 4.0],2.8576651819033816,False,True,31.211598386568774,241,59.99785047027138,2702.21,in_progress,0.0,0
392,225.0,5.559191494558554,-2.151770254188684,177.75881799469937,10.062474578299707,2.5358056095951635,[10.062474578299707 2.5358056095951635],3.1384002797421675,False,True,31.31415168363507,242,59.99785047027138,2702.3,in_progress,0.0,0
392,226.0,5.415295504686054,-2.1541509056797468,179.45793021416492,-1.4912147782563387,1.4865488263922284,[-1.4912147782563387 1.4865488263922284],2.839617555201996,False,True,31.553961089055893,242,59.99785047027138,2702.338,in_progress,0.0,0
392,227.0,5.340569649102229,-2.1631884972484157,-178.36917824231742,24.434246069614836,1.429597055466207,[24.434246069614836 1.429597055466207],2.2638101880008157,False,True,31.67832552004305,242,59.99785047027138,2702.426,in_progress,0.0,0
392,228.0,5.1892452820740305,-2.1918629091021047,-173.54695702832515,15.637394644820333,0.5,[15.637394644820333 0.5],2.0542406459154745,False,True,31.93058736408908,243,59.99785047027138,2702.47,in_progress,0.0,0
392,229.0,5.127193551919725,-2.210058943608296,-170.83906239933717,23.956846659303935,1.2655519246279727,[23.956846659303935 1.2655519246279727],2.2424882460899442,False,True,32.034039537444194,243,59.99785047027138,2702.551,in_progress,0.0,0
392,230.0,5.017289979431429,-2.2465756406467823,-167.01570513973766,-12.67830724519478,0.5,[-12.67830724519478 0.5],2.5851369451983692,False,True,32.21744755674818,243,59.99785047027138,2702.623,in_progress,0.0,0
392,231.0,4.919734903596742,-2.2761279598119137,-165.62696015635984,-30.0,4.0,[-30.0 4.0],2.6731909347376166,False,True,32.38016009177513,244,59.99785047027138,2702.69,in_progress,0.0,0
392,232.0,4.834880991839429,-2.2880960904444034,-167.96449562783275,-30.0,4.0,[-30.0 4.0],2.6794374002188706,False,True,32.521634676620906,244,59.99785047027138,2702.762,in_progress,0.0,0
392,233.0,4.736287584630349,-2.277191099539207,-174.80948892430519,-30.0,4.0,[-30.0 4.0],2.68692073405751,False,True,32.68548637673603,244,59.99785047027138,2702.819,in_progress,0.0,0
392,234.0,4.630657506590865,-2.247707924247714,176.37052620834572,-30.0,0.7753521184553781,[-30.0 0.7753521184553781],2.1661677406342044,False,True,32.861550816960076,244,59.99785047027138,2702.889,in_progress,0.0,0
392,235.0,4.535734837753614,-2.207225636080987,166.94960835756723,-19.41642657886579,4.0,[-19.41642657886579 4.0],2.947902201165391,False,True,33.01977192251072,245,59.99785047027138,2702.959,in_progress,0.0,0
392,236.0,4.444122221934645,-2.163731532662804,161.1216615698573,30.0,4.0,[30.0 4.0],2.955388172149946,False,True,33.17248855215609,245,59.99785047027138,2703.014,in_progress,0.0,0
392,237.0,4.35752612734205,-2.1203032858149355,157.9415644003564,5.992069447836464,1.9561164342120299,[5.992069447836464 1.9561164342120299],3.089800943530012,False,True,33.31688541148792,245,59.99785047027138,2703.088,in_progress,0.0,0
392,238.0,4.235302879077874,-2.080064132631413,159.40199942246534,0.4990049915514376,0.5,[0.4990049915514376 0.5],2.4439737407420172,False,True,33.520658196250665,246,59.99785047027138,2703.161,in_progress,0.0,0
392,239.0,4.11009187908755,-2.0433777657336636,161.38162118301747,30.0,1.0045308511726683,[30.0 1.0045308511726683],2.076107072828973,False,True,33.729277919472466,246,59.99785047027138,2703.2,in_progress,0.0,0
392,240.0,4.048366218812384,-2.026998272522695,162.54376624277066,30.0,0.5,[30.0 0.5],1.9692249270931315,False,True,33.83216606987652,246,59.99785047027138,2703.29,in_progress,0.0,0
392,241.0,3.939091967467405,-2.004656375612479,164.89246731264262,22.43961104442763,0.5,[22.43961104442763 0.5],1.9776947166743355,False,True,34.01430775400279,247,59.99785047027138,2703.366,in_progress,0.0,0
392,242.0,3.8578783735147755,-1.9920497846799257,166.88351565890034,0.41707618326748985,0.5,[0.41707618326748985 0.5],2.4794931454550917,False,True,34.14967502823806,247,59.99785047027138,2703.409,in_progress,0.0,0
392,243.0,3.827442789238247,-1.9909268036252554,168.34076801833336,15.974668916521331,0.5,[15.974668916521331 0.5],1.984854900635612,False,True,34.2004033907812,247,59.99785047027138,2703.493,in_progress,0.0,0
392,244.0,3.7623341189335853,-2.000873981994309,173.60956728290083,30.0,1.5220707605657078,[30.0 1.5220707605657078],2.2141342755672246,False,True,34.308739457487206,247,59.99785047027138,2703.545,in_progress,0.0,0
392,245.0,3.7133055054600503,-2.016782434749219,178.57591857964218,29.90234875770463,0.5,[29.90234875770463 0.5],1.9922488646075847,False,True,34.39046499505836,247,59.99785047027138,2703.619,in_progress,0.0,0
392,246.0,3.664534193295144,-2.040930546954997,-175.5364321003465,2.3801696811377795,3.6892793524840117,[2.3801696811377795 3.6892793524840117],3.3710529078371003,False,True,34.471765959033895,248,59.99785047027138,2703.691,in_progress,0.0,0
392,247.0,3.6133855538337345,-2.064591509715384,-170.94258795427902,-29.81637373102476,3.721585204529876,[-29.81637373102476 3.721585204529876],2.7071231697300835,False,True,34.55702902404889,248,59.99785047027138,2703.748,in_progress,0.0,0
392,248.0,3.56369695055034,-2.078488227014899,-169.24820070659212,-21.378373602626816,0.5,[-21.378373602626816 0.5],2.001419472793499,False,True,34.63985353968676,248,59.99785047027138,2703.813,in_progress,0.0,0
392,249.0,3.495586690907842,-2.079442512874841,-172.05444517309215,-4.89170897949181,1.2507405858462244,[-4.89170897949181 1.2507405858462244],2.7141321331140356,False,True,34.75335002941823,248,59.99785047027138,2703.88,in_progress,0.0,0
392,250.0,3.428186461531191,-2.077240366619362,-174.6368217003528,-30.0,0.5,[-30.0 0.5],2.010804970190715,False,True,34.865686021475405,248,59.99785047027138,2703.955,in_progress,0.0,0
392,251.0,3.3667100608974954,-2.076336462874667,-176.01436201218954,6.706810625467938,0.5,[6.706810625467938 0.5],2.518664475226234,False,True,34.96814963618945,248,59.99785047027138,2704.015,in_progress,0.0,0
392,252.0,3.3135294025329016,-2.081688317254001,-175.5536491530234,30.0,2.0763458449792114,[30.0 2.0763458449792114],2.3651049074511348,False,True,35.056791450304544,249,59.99785047027138,2704.078,in_progress,0.0,0
392,253.0,3.261131198280759,-2.1000038546784072,-172.1380975978123,30.0,0.5,[30.0 0.5],2.20540341812096,False,True,35.14413934466055,249,59.99785047027138,2704.157,in_progress,0.0,0
392,254.0,3.2041706492373776,-2.134630105709167,-166.03920750202232,-30.0,2.3567084455322935,[-30.0 2.3567084455322935],2.655081621495145,False,True,35.23910427345805,249,59.99785047027138,2704.217,in_progress,0.0,0
392,255.0,3.156033156690454,-2.165940952339258,-161.85615492888545,-30.0,2.2554556613919465,[-30.0 2.2554556613919465],2.6339819133511164,False,True,35.31936801041433,249,59.99785047027138,2704.285,in_progress,0.0,0
392,256.0,3.0978868978295413,-2.1842025948898516,-162.0593244671281,-30.0,3.823617617258834,[-30.0 3.823617617258834],3.0145324030000857,False,True,35.416278452845496,249,59.99785047027138,2704.348,in_progress,0.0,0
392,257.0,3.01633905509979,-2.19160449955736,-166.1278454968352,-18.140906627577593,4.0,[-18.140906627577593 4.0],3.0633670710325664,False,True,35.55219498993725,250,59.99785047027138,2704.423,in_progress,0.0,0
392,258.0,2.9032248517800787,-2.179294704120863,-174.6179031917518,-21.23296096625534,2.0182539063058496,[-21.23296096625534 2.0182539063058496],2.5973617223489494,False,True,35.740727747675436,250,59.99785047027138,2704.492,in_progress,0.0,0
392,259.0,2.7966860388140287,-2.148219985747362,175.9898244626833,-7.860147817907329,0.5974352820215851,[-7.860147817907329 0.5974352820215851],2.8316603180558073,False,True,35.91831930712637,250,59.99785047027138,2704.56,in_progress,0.0,0
392,260.0,2.703632213513685,-2.1111390288611043,167.28801042161749,30.0,1.309892263717279,[30.0 1.309892263717279],2.4439512154609733,False,True,36.07344339538315,251,59.99785047027138,2704.614,in_progress,0.0,0
392,261.0,2.6325036880534904,-2.0834864658355863,162.08781034388608,9.40405533352346,2.2796800812026463,[9.40405533352346 2.2796800812026463],3.352719910769278,False,True,36.19201667903845,251,59.99785047027138,2704.677,in_progress,0.0,0
392,262.0,2.5210347499467236,-2.04999140827615,161.02115505106391,30.0,0.5153401097567819,[30.0 0.5153401097567819],2.079154419788629,False,True,36.37771134631874,251,59.99785047027138,2704.75,in_progress,0.0,0
392,263.0,2.416010676904813,-2.0329979926054245,164.8454836247675,11.61291469888021,0.5,[11.61291469888021 0.5],2.6048109238385444,False,True,36.55275442723769,251,59.99785047027138,2704.827,in_progress,0.0,0
392,264.0,2.3284362366385336,-2.020871693937684,167.1757182403154,18.960695678443976,0.5,[18.960695678443976 0.5],2.0903457362831674,False,True,36.69871469335939,252,59.99785047027138,2704.88,in_progress,0.0,0
392,265.0,2.263734053555959,-2.0130669674512784,168.7433694445506,-4.349222969285023,0.5,[-4.349222969285023 0.5],2.618483132899492,False,True,36.806554007320955,252,59.99785047027138,2704.955,in_progress,0.0,0
392,266.0,2.204416407377393,-2.010317687862281,170.84457656539317,30.0,0.5,[30.0 0.5],2.0987415522135136,False,True,36.90533739512149,252,59.99785047027138,2705.012,in_progress,0.0,0
392,267.0,2.1486118361738202,-2.007561595691214,172.30317182018285,20.500250325886668,0.5,[20.500250325886668 0.5],2.102388564639405,False,True,36.99834640544349,252,59.99785047027138,2705.075,in_progress,0.0,0
392,268.0,2.1063228910218452,-2.0122353612281025,174.75851663657082,18.69350057654571,0.8962371605336171,[18.69350057654571 0.8962371605336171],2.191999081437862,False,True,37.06883377634742,252,59.99785047027138,2705.157,in_progress,0.0,0
392,269.0,2.053062206268828,-2.022165847917985,178.1143211892896,-15.10392109263492,1.155072516558875,[-15.10392109263492 1.155072516558875],2.2523697394151863,False,True,37.15761171890517,253,59.99785047027138,2705.205,in_progress,0.0,0
392,270.0,2.0050541118615586,-2.0291128450959834,-179.81180198308877,-5.53531145067133,1.385748715041711,[-5.53531145067133 1.385748715041711],2.882597899094765,False,True,37.23763293964283,253,59.99785047027138,2705.278,in_progress,0.0,0
392,271.0,1.9446707070401557,-2.023131409911373,178.74296848027257,30.0,4.0,[30.0 4.0],2.885284808427484,False,True,37.33827135078557,253,59.99785047027138,2705.35,in_progress,0.0,0
392,272.0,1.8701080749539738,-2.016355056078163,177.7517772144808,-13.010926773543563,0.5,[-13.010926773543563 0.5],2.650794432708941,False,True,37.46270161777455,253,59.99785047027138,2705.416,in_progress,0.0,0
392,273.0,1.7960442289445648,-2.019971278092235,179.88217670170852,30.0,2.2773963483472537,[30.0 2.2773963483472537],2.516961436000837,False,True,37.586144637034344,253,59.99785047027138,2705.471,in_progress,0.0,0
392,274.0,1.737013607589234,-2.0212971868036163,-179.60938696392415,-7.789711043518793,1.2484369009217633,[-7.789711043518793 1.2484369009217633],2.8681837990841426,False,True,37.68453210941279,254,59.99785047027138,2705.552,in_progress,0.0,0
392,275.0,1.6439921752570388,-2.026307892799653,-178.77953863409815,5.813126483281565,1.5097823953772853,[5.813126483281565 1.5097823953772853],2.9487962702884247,False,True,37.83957179602106,254,59.99785047027138,2705.619,in_progress,0.0,0
392,276.0,1.5617819538350977,-2.0259457877772014,-179.22815222304823,30.0,1.384532532754845,[30.0 1.384532532754845],2.3375122199034526,False,True,37.97663018392069,254,59.99785047027138,2705.687,in_progress,0.0,0
392,277.0,1.462828000584074,-2.0428256764844193,-175.82620012644634,30.0,1.6643168692673824,[30.0 1.6643168692673824],2.406585427227022,False,True,38.141549828181745,254,59.99785047027138,2705.755,in_progress,0.0,0
392,278.0,1.3695725772658125,-2.073841456988695,-170.54591738297472,4.22447821044743,2.490183705787476,[4.22447821044743 2.490183705787476],3.24410835660344,False,True,38.296963618440095,255,59.99785047027138,2705.823,in_progress,0.0,0
392,279.0,1.2699087907366546,-2.1080532149633426,-166.892716144407,2.3421177293892583,0.5,[2.3421177293892583 0.5],2.9523037018268576,False,True,38.46299198585883,255,59.99785047027138,2705.881,in_progress,0.0,0
392,280.0,1.1746940221110738,-2.1343235820283355,-165.9544247885596,-30.0,1.1038830315568777,[-30.0 1.1038830315568777],2.5146116089938917,False,True,38.62170029808698,255,59.99785047027138,2705.96,in_progress,0.0,0
392,281.0,1.0670374661255781,-2.165790309380023,-165.00919441519883,-30.0,0.5980254446600615,[-30.0 0.5980254446600615],2.402248248888591,False,True,38.80114791008709,256,59.99785047027138,2706.021,in_progress,0.0,0
392,282.0,0.9939019442278687,-2.1844454112719816,-165.13953955503513,-17.221217091025807,3.8775689021152173,[-17.221217091025807 3.8775689021152173],3.1950304674414602,False,True,38.92305287015717,256,59.99785047027138,2706.088,in_progress,0.0,0
392,283.0,0.908203255032348,-2.203591697564109,-165.84448869506355,-30.0,4.0,[-30.0 4.0],3.231324377758684,False,True,39.06589893916341,256,59.99785047027138,2706.15,in_progress,0.0,0
392,284.0,0.8162673354625467,-2.207803445065686,-169.74484181591203,17.450631828614092,1.8858227497626838,[17.450631828614092 1.8858227497626838],2.7314355029517525,False,True,39.21913298656292,257,59.99785047027138,2706.222,in_progress,0.0,0
392,285.0,0.7039979885141551,-2.2136136226400738,-173.61156968320287,30.0,0.7119995431074304,[30.0 0.7119995431074304],2.4591985404010615,False,True,39.4062580633315,257,59.99785047027138,2706.292,in_progress,0.0,0
392,286.0,0.6039345443464869,-2.2292586624082706,-173.63337444685868,7.406620953602079,0.9993538876413244,[7.406620953602079 0.9993538876413244],3.1705706852460476,False,True,39.57297871948596,257,59.99785047027138,2706.35,in_progress,0.0,0
392,287.0,0.5253681103785341,-2.247513732673992,-171.5180905966775,-30.0,4.0,[-30.0 4.0],3.2628270721534762,False,True,39.7039150371289,257,59.99785047027138,2706.428,in_progress,0.0,0
392,288.0,0.42915411780590473,-2.2704564421206537,-169.9083789970022,30.0,0.5,[30.0 0.5],2.2281854824415874,False,True,39.86426181464044,258,59.99785047027138,2706.486,in_progress,0.0,0
392,289.0,0.34476856669129663,-2.281785409040773,-170.9005417050194,-30.0,0.5,[-30.0 0.5],2.234399892031471,False,True,40.00493303176147,0,59.99785047027138,2706.536,in_progress,0.0,0
392,290.0,0.2751814265706374,-2.2991295619243104,-169.37466799831603,-28.67771888863383,4.0,[-28.67771888863383 4.0],3.009303497310855,False,True,40.12090894311439,0,59.99785047027138,2706.61,in_progress,0.0,0
392,291.0,0.19415412845712945,-2.3113667630659247,-170.01179946083514,-30.0,2.917500293733095,[-30.0 2.917500293733095],2.777070005902538,False,True,40.25595447146998,0,59.99785047027138,2706.685,in_progress,0.0,0
392,292.0,0.0991917875073624,-2.3064836524399968,-174.6708292592535,-27.48614456435923,2.43143636259573,[-27.48614456435923 2.43143636259573],2.6772841263532374,False,True,40.414232622236526,1,59.99785047027138,2706.756,in_progress,0.0,0
392,293.0,-0.008661715026322125,-2.279549342630257,177.47995607881907,-30.0,2.133877863756908,[-30.0 2.133877863756908],2.6201147682425887,False,True,40.594152647375715,1,59.99785047027138,2706.827,in_progress,0.0,0
392,294.0,-0.12406348234233697,-2.231209459657737,168.51628257782502,-9.605851683058518,3.0421469765420937,[-9.605851683058518 3.0421469765420937],3.857563899477364,False,True,40.78644802449987,1,59.99785047027138,2706.885,in_progress,0.0,0
392,295.0,-0.23131283475966397,-2.179908781321944,162.24541989880524,30.0,0.6797989389055283,[30.0 0.6797989389055283],2.5280589352269143,False,True,40.96515263385522,2,59.99785047027138,2706.959,in_progress,0.0,0
392,296.0,-0.3559069303584901,-2.1351847163334123,160.8508451988378,-11.934714557642202,3.330211519669688,[-11.934714557642202 3.330211519669688],3.9684955230251635,False,True,41.172797569369955,2,59.99785047027138,2707.032,in_progress,0.0,0
392,297.0,-0.47245622648339375,-2.097207152840275,160.87580047835542,-30.0,0.5,[-30.0 0.5],2.5054068054656558,False,True,41.367040737241936,3,59.99785047027138,2707.093,in_progress,0.0,0
392,298.0,-0.5790539253894289,-2.0403338667342066,155.8943843936593,24.67578819796151,0.5,[24.67578819796151 0.5],2.3047824068914546,False,True,41.54469103953817,3,59.99785047027138,2707.137,in_progress,0.0,0
392,299.0,-0.6301537221028464,-2.0093983341117863,152.70436771093895,30.0,4.0,[30.0 4.0],3.078070374265753,False,True,41.630120724730155,3,59.99785047027138,2707.226,in_progress,0.0,0
392,300.0,-0.766561073765486,-1.9446393132135202,152.90215527495428,19.590507705449113,3.4886445130621846,[19.590507705449113 3.4886445130621846],2.9763572114523242,False,True,41.85755987107602,4,59.99785047027138,2707.296,in_progress,0.0,0
392,301.0,-0.8988314751511215,-1.9075926002406802,158.54753106196722,30.0,4.0,[30.0 4.0],2.8175179275374767,False,True,42.078067273226374,4,59.99785047027138,2707.359,in_progress,0.0,0
392,302.0,-1.0327380143653673,-1.884761202150587,164.57558328363731,30.0,0.5,[30.0 0.5],2.12709752552663,False,True,42.301002082270585,4,59.99785047027138,2707.432,in_progress,0.0,0
392,303.0,-1.1837238456154409,-1.8823197278725081,175.52133793644578,30.0,4.0,[30.0 4.0],2.838048212568478,False,True,42.55265498769349,5,59.99785047027138,2707.46,in_progress,0.0,0
392,304.0,-1.2405241655433692,-1.885106153944959,178.92083096052286,30.0,0.5,[30.0 0.5],2.141452490968715,False,True,42.64678148941494,5,59.99785047027138,2707.553,in_progress,0.0,0
392,305.0,-1.3946695030311322,-1.8965883083814066,-172.66677229725823,14.83593654238372,3.200993346098379,[14.83593654238372 3.200993346098379],3.3660588741183584,False,True,42.90371718599408,6,59.99785047027138,2707.631,in_progress,0.0,0
392,306.0,-1.5173832630105006,-1.9122174807430712,-168.9638392345985,-29.491632472469114,0.5580650491590333,[-29.491632472469114 0.5580650491590333],2.172946641895658,False,True,43.10827146073586,6,59.99785047027138,2707.669,in_progress,0.0,0
392,307.0,-1.5844814046845042,-1.9275313420392226,-166.3811778087967,-30.0,2.4400869232764717,[-30.0 2.4400869232764717],2.5536129968956693,False,True,43.22034297350784,6,59.99785047027138,2707.743,in_progress,0.0,0
392,308.0,-1.7301951296003715,-1.94914644476296,-168.1905125820084,-1.2592822074541523,0.5,[-1.2592822074541523 0.5],2.9921475677014,False,True,43.46322239072345,7,59.99785047027138,2707.82,in_progress,0.0,0
392,309.0,-1.8457422209835266,-1.966084986491506,-169.8187472931805,-30.0,2.0819248988171077,[-30.0 2.0819248988171077],2.750658108965318,False,True,43.65581914495833,7,59.99785047027138,2707.88,in_progress,0.0,0
392,310.0,-1.950049170090397,-1.9826828769486677,-170.60664404012732,-30.0,0.5,[-30.0 0.5],2.4105850274459417,False,True,43.83006270127957,7,59.99785047027138,2707.96,in_progress,0.0,0
392,311.0,-2.0595141847503995,-1.9829790142592472,-174.72290731501275,-30.0,0.5,[-30.0 0.5],2.4189640111947672,False,True,44.0125104773196,8,59.99785047027138,2708.019,in_progress,0.0,0
392,312.0,-2.1497000983285206,-1.9814492865164297,-176.74231574339922,30.0,2.3689262416313026,[30.0 2.3689262416313026],2.8368197739858783,False,True,44.16282770283014,8,59.99785047027138,2708.088,in_progress,0.0,0
392,313.0,-2.2346825919389746,-1.9816797561135855,-177.49144747120252,28.780569795548466,1.984962754311167,[28.780569795548466 1.984962754311167],2.7585915054725207,False,True,44.30460048921706,8,59.99785047027138,2708.152,in_progress,0.0,0
392,314.0,-2.328656389751491,-2.0011723120897287,-174.1847983177964,30.0,0.5,[30.0 0.5],2.4389194648061343,False,True,44.46118978266256,8,59.99785047027138,2708.215,in_progress,0.0,0
392,315.0,-2.407316259123849,-2.0321092245303047,-168.2251347387815,-30.0,1.2796373969164967,[-30.0 1.2796373969164967],2.616121130489055,False,True,44.59223195121533,9,59.99785047027138,2708.289,in_progress,0.0,0
392,316.0,-2.5012788433858777,-2.06682922399368,-164.34679870836334,-3.6834918618545522,0.5,[-3.6834918618545522 0.5],3.0645031136420835,False,True,44.7484922606482,9,59.99785047027138,2708.359,in_progress,0.0,0
392,317.0,-2.5837974554807834,-2.085036854774622,-165.27805021623712,-30.0,0.5,[-30.0 0.5],2.681044982403392,False,True,44.88603970482134,9,59.99785047027138,2708.421,in_progress,0.0,0
392,318.0,-2.649275706557599,-2.086889582779814,-168.849173380031,-17.895954122226684,1.8569967551849813,[-17.895954122226684 1.8569967551849813],3.0116736637750594,False,True,44.995175196090685,9,59.99785047027138,2708.491,in_progress,0.0,0
392,319.0,-2.72246297163427,-2.075905809393552,-174.50824864923138,-30.0,0.7616317045253442,[-30.0 0.7616317045253442],2.524930135184861,False,True,45.11715139118249,10,59.99785047027138,2708.547,in_progress,0.0,0
392,320.0,-2.7809956880303157,-2.06184893064787,-178.91421719983117,-5.734552622166326,0.5,[-5.734552622166326 0.5],3.089132552838971,False,True,45.21470052308803,10,59.99785047027138,2708.619,in_progress,0.0,0
392,321.0,-2.840843813000934,-2.0492073172363674,177.89920351274537,-15.024972748193372,0.5,[-15.024972748193372 0.5],2.4753472987094374,False,True,45.31424501335308,10,59.99785047027138,2708.689,in_progress,0.0,0
392,322.0,-2.9056863425402044,-2.033522524838227,174.87916606853258,-23.665945466659874,4.0,[-23.665945466659874 4.0],3.2498338719717355,False,True,45.42228463368564,10,59.99785047027138,2708.753,in_progress,0.0,0
392,323.0,-2.9601125349306625,-2.0146176555719864,171.44461254829224,5.71967190969049,2.494939999377581,[5.71967190969049 2.494939999377581],3.6528789580164966,False,True,45.51295589265162,10,59.99785047027138,2708.82,in_progress,0.0,0
392,324.0,-3.033863488048655,-1.9861601387083183,167.65762554544676,-8.829765598233717,0.5,[-8.829765598233717 0.5],3.110848861291912,False,True,45.635814872248936,11,59.99785047027138,2708.889,in_progress,0.0,0
392,325.0,-3.1055651589783673,-1.965524386909464,166.22127652361146,30.0,0.8620758771679006,[30.0 0.8620758771679006],2.57342234658819,False,True,45.75527573464838,11,59.99785047027138,2708.966,in_progress,0.0,0
392,326.0,-3.18385766290329,-1.9493871890726095,166.938668378657,10.075856621255028,0.5,[10.075856621255028 0.5],3.1242736543227663,False,True,45.885599481491404,11,59.99785047027138,2709.002,in_progress,0.0,0
392,327.0,-3.213188702174242,-1.9475920667649709,168.13149376384126,-28.923587007605803,0.5,[-28.923587007605803 0.5],2.5008337265939895,False,True,45.93448115761648,11,59.99785047027138,2709.084,in_progress,0.0,0
392,328.0,-3.291580878126101,-1.9400694314827769,170.0105549292335,30.0,1.5882189265327922,[30.0 1.5882189265327922],2.496285841631112,False,True,46.06511802897031,12,59.99785047027138,2709.155,in_progress,0.0,0
392,329.0,-3.3513860062696654,-1.9387218825643957,172.33133855112592,30.0,3.186383136649731,[30.0 3.186383136649731],2.8196122899986555,False,True,46.16479286414577,12,59.99785047027138,2709.221,in_progress,0.0,0
392,330.0,-3.4244602573421545,-1.9548657266367357,178.25070337325306,-3.424910477760399,0.5,[-3.424910477760399 0.5],3.144732761915976,False,True,46.28663307110848,12,59.99785047027138,2709.287,in_progress,0.0,0
392,331.0,-3.4907653274845485,-1.9747014859785053,-174.4633704333134,-8.837474177575881,1.4640613390031794,[-8.837474177575881 1.4640613390031794],3.415668322146672,False,True,46.39763834423491,12,59.99785047027138,2709.355,in_progress,0.0,0
392,332.0,-3.561365754724312,-1.9914257134531357,-170.56775541256903,-14.901611860483433,0.5,[-14.901611860483433 0.5],3.156805260288417,False,True,46.515320456906906,12,59.99785047027138,2709.419,in_progress,0.0,0
392,333.0,-3.62878303121243,-2.0034028557500116,-169.36078090669557,-23.859212179817348,0.5,[-23.859212179817348 0.5],2.530172771326302,False,True,46.627694140689016,13,59.99785047027138,2709.49,in_progress,0.0,0
392,334.0,-3.691233629920851,-2.0066140573591724,-171.1849719848234,-30.0,0.6903079236442318,[-30.0 0.6903079236442318],2.5763406078315825,False,True,46.73178421467205,13,59.99785047027138,2709.544,in_progress,0.0,0
392,335.0,-3.7402850830282626,-2.0015525647461105,-174.10391669073624,-17.071528929243804,0.8217366223487492,[-17.071528929243804 0.8217366223487492],2.6083983002994686,False,True,46.8135363737719,13,59.99785047027138,2709.614,in_progress,0.0,0
392,336.0,-3.795295177680863,-1.9961554978044973,-176.66408264971454,-30.0,2.9162060293072924,[-30.0 2.9162060293072924],3.072766571078228,False,True,46.90375655143805,13,59.99785047027138,2709.681,in_progress,0.0,0
392,337.0,-3.852388199818153,-1.9900526248755077,-178.79945969653696,-11.410733092144898,2.214412414552465,[-11.410733092144898 2.214412414552465],3.6527652969253785,False,True,46.998859590138245,13,59.99785047027138,2709.746,in_progress,0.0,0
392,338.0,-3.9254485043147307,-1.9797655120213056,178.52555065187272,6.199080643819869,2.0541043878225747,[6.199080643819869 2.0541043878225747],3.6152038172321324,False,True,47.12053827691653,14,59.99785047027138,2709.816,in_progress,0.0,0
392,339.0,-4.006814745285082,-1.9778716802644636,178.56417568865265,-30.0,3.452561899277935,[-30.0 3.452561899277935],3.2057635392139185,False,True,47.25613484470128,14,59.99785047027138,2709.876,in_progress,0.0,0
392,340.0,-4.093874482471274,-1.9782053539629816,179.0804990135681,-30.0,2.194311123275649,[-30.0 2.194311123275649],2.935125759273364,False,True,47.39631962389922,14,59.99785047027138,2709.957,in_progress,0.0,0
392,341.0,-4.219677307005324,-1.956514584433039,175.08712707416714,-30.0,0.5,[-30.0 0.5],2.5721087534390867,False,True,47.605223523075956,15,59.99785047027138,2710.016,in_progress,0.0,0
392,342.0,-4.312990535646284,-1.924723376087282,169.37335292183514,-10.112091584104064,0.5,[-10.112091584104064 0.5],2.9307051745600625,False,True,47.75964639573704,15,59.99785047027138,2710.075,in_progress,0.0,0
392,343.0,-4.395179888410637,-1.8912033531689765,164.27992757685763,30.0,0.7963799901707289,[30.0 0.7963799901707289],2.409548551442282,False,True,47.90184148344052,15,59.99785047027138,2710.156,in_progress,0.0,0
392,344.0,-4.48417482715669,-1.8606288175052237,162.66128624055048,30.0,3.459087133490571,[30.0 3.459087133490571],2.9480691652977047,False,True,48.04980554425053,15,59.99785047027138,2710.217,in_progress,0.0,0
392,345.0,-4.558191203211608,-1.842632393479565,163.7533640000438,30.0,0.5,[30.0 0.5],2.3610658252796135,False,True,48.17295415928241,16,59.99785047027138,2710.288,in_progress,0.0,0
392,346.0,-4.634805781611482,-1.832092175211967,166.14960675631323,30.0,1.4573942497465908,[30.0 1.4573942497465908],2.5600367274293294,False,True,48.35316851876929,16,59.99785047027138,2710.347,in_progress,0.0,0
392,347.0,-4.7016520125033,-1.8264429456367133,168.55970254717818,30.0,1.8738815293397453,[30.0 1.8738815293397453],2.647616744813927,False,True,48.46497994811276,16,59.99785047027138,2710.419,in_progress,0.0,0
392,348.0,-4.782902805855581,-1.835155088013968,174.02396791684333,16.625472882639663,0.5,[16.625472882639663 0.5],2.378152695634282,False,True,48.598734155034506,17,59.99785047027138,2710.468,in_progress,0.0,0
392,349.0,-4.849791363880513,-1.8555710231087106,-179.38539031676885,30.0,4.0,[30.0 4.0],3.0839049214575125,False,True,48.741873323788376,18,59.99785047027138,2710.549,in_progress,0.0,0
392,350.0,-4.93767451050941,-1.8976201657108327,-170.09694825594195,-30.0,0.6466401044949427,[-30.0 0.6466401044949427],2.418569985520903,False,True,48.87615143444597,19,59.99785047027138,2710.614,in_progress,0.0,0
392,351.0,-5.015990427579053,-1.9395820675010398,-163.02817953832437,-30.0,0.5,[-30.0 0.5],2.6345414427033758,False,True,49.020222188415055,19,59.99785047027138,2710.688,in_progress,0.0,0
392,352.0,-5.081835989974148,-1.9654547733960073,-161.5137987686062,-30.0,0.5,[-30.0 0.5],2.6385012670633,False,True,49.11737548279468,20,59.99785047027138,2710.756,in_progress,0.0,0
392,353.0,-5.134398644252109,-1.980565470071954,-162.09568219521623,-30.0,2.852360294706516,[-30.0 2.852360294706516],3.159081131509138,False,True,49.19701914813851,20,59.99785047027138,2710.82,in_progress,0.0,0
392,354.0,-5.1896011137988625,-1.9840004191023755,-165.20566138355036,-8.342553324222976,2.5850028324712873,[-8.342553324222976 2.5850028324712873],3.880117186497315,False,True,49.29159691945399,20,59.99785047027138,2710.895,in_progress,0.0,0
392,355.0,-5.261572741639109,-1.985791203112644,-169.00159165590054,-30.0,4.0,[-30.0 4.0],3.420283068795707,False,True,49.406729266350055,21,59.99785047027138,2710.951,in_progress,0.0,0
392,356.0,-5.330010499183748,-1.9851148092553739,-172.54270549814626,-30.0,2.1655613110050753,[-30.0 2.1655613110050753],3.297201086021297,False,True,49.5381442137634,21,59.99785047027138,2711.021,in_progress,0.0,0
392,357.0,-5.427284703693743,-1.962839817891388,179.89425575095535,-30.0,3.059830725534949,[-30.0 3.059830725534949],3.519838988873542,False,True,49.7010417702734,22,59.99785047027138,2711.083,in_progress,0.0,0
392,358.0,-5.524041650996854,-1.9244480283652254,171.08527855629862,-30.0,3.848637041215567,[-30.0 3.848637041215567],3.717933976709246,False,True,49.87767154770714,23,59.99785047027138,2711.158,in_progress,0.0,0
392,359.0,-5.633921322242013,-1.8618006736450314,159.51597704459022,-2.927303897325956,2.715290739168709,[-2.927303897325956 2.715290739168709],4.3213350037951885,False,True,50.09639688635108,23,59.99785047027138,2711.188,in_progress,0.0,0
392,360.0,-5.688404576165172,-1.8231415037073306,153.22429261684368,-14.015891623198582,0.5,[-14.015891623198582 0.5],3.663145487141647,False,True,50.20766115827928,24,59.99785047027138,2711.287,in_progress,0.0,0
392,361.0,-5.800830147381794,-1.7351772423068925,141.5170822804686,7.128615326181048,2.8747828542140055,[7.128615326181048 2.8747828542140055],4.391572697510518,False,True,50.456078141041324,25,59.99785047027138,2711.358,in_progress,0.0,0
392,362.0,-5.882151954993133,-1.6582309334170118,134.18574622827325,-30.0,1.6873581364188908,[-30.0 1.6873581364188908],3.2383075817947735,False,True,50.65519165419076,25,59.99785047027138,2711.426,in_progress,0.0,0
392,363.0,-5.958197783928286,-1.5789453963224633,129.47971922982455,-15.694914168605138,1.1759624037343892,[-15.694914168605138 1.1759624037343892],3.1251494916802187,False,True,50.846223436584275,26,59.99785047027138,2711.486,in_progress,0.0,0
392,364.0,-6.016304417486224,-1.4991459911079161,124.06298843462561,-30.0,0.643428665758083,[-30.0 0.643428665758083],3.005344060354867,False,True,51.009128966133254,27,59.99785047027138,2711.562,in_progress,0.0,0
392,365.0,-6.068240935448268,-1.4196634426738572,120.11532515539535,-30.0,0.9359489602910578,[-30.0 0.9359489602910578],3.0833314865659234,False,True,51.16811264725947,27,59.99785047027138,2711.63,in_progress,0.0,0
392,366.0,-6.100891683462167,-1.3498150563534832,117.34204688616754,-2.7961682472606704,1.9298886775507675,[-2.7961682472606704 1.9298886775507675],4.15987952421593,False,True,51.29566908621806,27,59.99785047027138,2711.665,in_progress,0.0,0
392,367.0,-6.115988784887297,-1.3126618344334717,116.44330235087642,-30.0,0.5,[-30.0 0.5],2.9873586925662456,False,True,51.362344181482584,28,59.99785047027138,2711.757,in_progress,0.0,0
392,368.0,-6.14590426070324,-1.2196723745759077,113.39970851525128,-30.0,1.5745640851361964,[-30.0 1.5745640851361964],3.253250297400253,False,True,51.52515366943628,28,59.99785047027138,2711.826,in_progress,0.0,0
392,369.0,-6.158897539486393,-1.1500668164678653,109.8171536698066,-11.613311797603544,0.8464973691588963,[-11.613311797603544 0.8464973691588963],3.8548929278037587,False,True,51.64144090351756,28,59.99785047027138,2711.891,in_progress,0.0,0
392,370.0,-6.1650159933727835,-1.0819265908986937,105.84238942227098,-29.807100285724612,3.4943214520144927,[-29.807100285724612 3.4943214520144927],3.7246561046540365,False,True,51.755270337358716,28,59.99785047027138,2711.954,in_progress,0.0,0
392,371.0,-6.167913033173629,-1.0049591516325318,101.58677822051338,-30.0,4.0,[-30.0 4.0],3.8520507781048487,False,True,51.88285539424208,29,59.99785047027138,2712.022,in_progress,0.0,0
392,372.0,-6.157852423604614,-0.923798420135437,95.76344872317213,-30.0,0.5,[-30.0 0.5],3.0182900985614047,False,True,52.014155444736524,29,59.99785047027138,2712.094,in_progress,0.0,0
392,373.0,-6.132836457146115,-0.8402990111872866,87.32551390648105,-15.837389081153644,2.585647718755556,[-15.837389081153644 2.585647718755556],3.5256154042876915,False,True,52.15497417281576,29,59.99785047027138,2712.161,in_progress,0.0,0
392,374.0,-6.100541260616152,-0.7474179618481505,81.15750689725677,9.544824055344286,3.392814170265388,[9.544824055344286 3.392814170265388],4.270170952127968,False,True,52.306380177194136,29,59.99785047027138,2712.208,in_progress,0.0,0
392,375.0,-6.07845723473266,-0.694697071524472,77.89473402535175,10.035232585599033,0.8452689671043426,[10.035232585599033 0.8452689671043426],3.5738295772705935,False,True,52.39195620747098,30,59.99785047027138,2712.291,in_progress,0.0,0
392,376.0,-6.051921127004184,-0.581989431999787,76.56100416654786,30.0,0.5,[30.0 0.5],2.791191861988055,False,True,52.569655292775984,30,59.99785047027138,2712.345,in_progress,0.0,0
392,377.0,-6.045891665761524,-0.528126627412681,78.08925722402739,30.0,2.393030592742935,[30.0 2.393030592742935],3.211200614595717,False,True,52.65822998260058,30,59.99785047027138,2712.428,in_progress,0.0,0
392,378.0,-6.052252700249041,-0.41617070893450514,84.42917585849207,21.725108535477617,0.8480479509607963,[21.725108535477617 0.8480479509607963],2.879855440841917,False,True,52.84504938537871,31,59.99785047027138,2712.474,in_progress,0.0,0
392,379.0,-6.0677218532685995,-0.36076111089002694,89.67984610674591,30.0,0.5,[30.0 0.5],2.8060706278234133,False,True,52.91874166182319,31,59.99785047027138,2712.556,in_progress,0.0,0
392,380.0,-6.10416336671985,-0.2696085520385664,98.76547304010145,3.766375287383582,1.3435585571961859,[3.766375287383582 1.3435585571961859],3.7483532215511066,False,True,53.07570519813404,31,59.99785047027138,2712.622,in_progress,0.0,0
392,381.0,-6.13118170435044,-0.1992174960701299,102.47196150259963,30.0,0.5,[30.0 0.5],2.818418716196564,False,True,53.19909243043435,32,59.99785047027138,2712.702,in_progress,0.0,0
392,382.0,-6.1608234023764465,-0.1283199865360702,105.48047933299404,30.0,0.5,[30.0 0.5],2.8225041086799587,False,True,53.29822868994583,32,59.99785047027138,2712.741,in_progress,0.0,0
392,383.0,-6.177067051449162,-0.09767869373100249,107.28841388012951,-1.6659632140635452,0.5,[-1.6659632140635452 0.5],3.530556555700109,False,True,53.35518908226214,32,59.99785047027138,2712.825,in_progress,0.0,0
392,384.0,-6.207092461814904,-0.03706324342351325,109.73493643662462,-12.951495604825492,1.8884683331577108,[-12.951495604825492 1.8884683331577108],3.918288128140207,False,True,53.46677608011878,33,59.99785047027138,2712.905,in_progress,0.0,0
392,385.0,-6.22186875710518,0.028698417085059852,107.78902294728691,-4.66783913132468,0.5,[-4.66783913132468 0.5],3.541216690958015,False,True,53.560319719111035,33,59.99785047027138,2712.931,in_progress,0.0,0
392,386.0,-6.226485708044386,0.05407873258952525,106.87799952523443,30.0,3.489287582670621,[30.0 3.489287582670621],3.491791599421997,False,True,53.60206447975066,33,59.99785047027138,2713.027,in_progress,0.0,0
392,387.0,-6.255245282015891,0.1493022215683879,107.15956356279898,30.0,0.5,[30.0 0.5],2.839906136035806,False,True,53.733947888691795,34,59.99785047027138,2713.069,in_progress,0.0,0
392,388.0,-6.281591687932876,0.18751403197565963,110.81466742863148,30.0,0.6952583324740489,[30.0 0.6952583324740489],2.885850355379864,False,True,53.8112765817796,35,59.99785047027138,2713.162,in_progress,0.0,0
392,389.0,-6.333902378160427,0.2509048674690522,117.00710761435099,30.0,1.0070964499850117,[30.0 1.0070964499850117],2.959232743810528,False,True,53.92383306451473,35,59.99785047027138,2713.22,in_progress,0.0,0
392,390.0,-6.3752926681573925,0.2890205535552647,121.50928213007771,30.0,3.8474132732493533,[30.0 3.8474132732493533],3.5878862285479913,False,True,54.01678218087861,36,59.99785047027138,2713.288,in_progress,0.0,0
392,391.0,-6.431639466298898,0.3262145638516536,128.30336102597596,30.0,1.6432003487050444,[30.0 1.6432003487050444],3.1064547326525176,False,True,54.10401534229001,36,59.99785047027138,2713.339,in_progress,0.0,0
392,392.0,-6.512533706253778,0.35673346927453,138.4693263728935,30.0,0.5,[30.0 0.5],3.1208629049572454,False,True,54.23745040692593,37,59.99785047027138,2713.411,in_progress,0.0,0
392,393.0,-6.587484368114637,0.3748303596478229,146.91884965050176,26.03093513292996,1.8227274753893468,[26.03093513292996 1.8227274753893468],3.4431936675287327,False,True,54.34385072198532,37,59.99785047027138,2713.483,in_progress,0.0,0
392,394.0,-6.663595428611619,0.38700459357105355,153.96342907806346,-7.5856606111194935,4.0,[-7.5856606111194935 4.0],4.963861556268696,False,True,54.458802737221056,38,59.99785047027138,2713.551,in_progress,0.0,0
392,395.0,-6.753694943545919,0.40023602960197235,160.2874127642256,-30.0,4.0,[-30.0 4.0],3.978136378249704,False,True,54.60444105385977,38,59.99785047027138,2713.624,in_progress,0.0,0
392,396.0,-6.855593655180488,0.4370665516107893,160.3059309849144,-0.19178204859989734,1.4912041599562058,[-0.19178204859989734 1.4912041599562058],4.231673561230707,False,True,54.791100961262096,39,59.99785047027138,2713.686,in_progress,0.0,0
392,397.0,-6.9476781582474265,0.47816533052526533,158.5052338163059,22.919543114975752,0.7719345151286421,[22.919543114975752 0.7719345151286421],3.2209930453085516,False,True,54.95906328000889,40,59.99785047027138,2713.749,in_progress,0.0,0
392,398.0,-7.034143551348383,0.5064174863746054,159.65191310089517,-30.0,1.9988120803014393,[-30.0 1.9988120803014393],3.5229135324135465,False,True,55.112393546810964,40,59.99785047027138,2713.814,in_progress,0.0,0
392,399.0,-7.120042801201692,0.5376593382089992,159.6478559287242,-30.0,2.7926740833247266,[-30.0 2.7926740833247266],3.720854917463017,False,True,55.26473075117904,41,59.99785047027138,2713.879,in_progress,0.0,0
392,400.0,-7.205529953789202,0.585541980226695,156.34466476322717,-30.0,4.0,[-30.0 4.0],4.018394601263025,False,True,55.4237271830474,41,59.99785047027138,2713.941,in_progress,0.0,0
392,401.0,-7.298716233062797,0.6568092113122578,150.3633025129669,-30.0,3.292627151122147,[-30.0 3.292627151122147],3.8580744436235004,False,True,55.61297162682101,41,59.99785047027138,2714.012,in_progress,0.0,0
392,402.0,-7.393481303328773,0.7566359381296472,141.77256848151396,-30.0,1.0021050586246298,[-30.0 1.0021050586246298],3.3189492968810264,False,True,55.823117592372185,42,59.99785047027138,2714.085,in_progress,0.0,0
392,403.0,-7.467840827332536,0.8657585281127468,130.62199302502367,-30.0,0.5,[-30.0 0.5],2.941615991479077,False,True,56.03315343640023,42,59.99785047027138,2714.153,in_progress,0.0,0
392,404.0,-7.524717291885066,0.9597766599031905,123.0520821599292,-18.376352432228273,0.5,[-18.376352432228273 0.5],2.948860252367387,False,True,56.194447810791374,43,59.99785047027138,2714.219,in_progress,0.0,0
392,405.0,-7.5545231039368,1.0341051438984676,114.55685364579497,6.523371274718613,1.4826622231112911,[6.523371274718613 1.4826622231112911],3.9618558887027575,False,True,56.300204978655636,43,59.99785047027138,2714.291,in_progress,0.0,0
392,406.0,-7.579470018126608,1.1213874486517559,105.54027884154274,8.637934783803395,0.5,[8.637934783803395 0.5],3.366152308926129,False,True,56.49460341468671,43,59.99785047027138,2714.345,in_progress,0.0,0
392,407.0,-7.596779280905234,1.1932003018823762,100.52402034276311,30.0,2.8969785294154735,[30.0 2.8969785294154735],3.176129050673564,False,True,56.59547033517689,43,59.99785047027138,2714.43,in_progress,0.0,0
392,408.0,-7.619543597061092,1.276362941688019,101.55902942331483,30.0,1.1812134786516937,[30.0 1.1812134786516937],2.837675645709435,False,True,56.71567572182571,44,59.99785047027138,2714.474,in_progress,0.0,0
392,409.0,-7.640727904306543,1.3203380940473255,104.27328201065815,30.0,0.5,[30.0 0.5],2.6040597100744454,False,True,56.79066388992141,44,59.99785047027138,2714.546,in_progress,0.0,0
392,410.0,-7.692790475296545,1.404117512918719,110.73840624745615,19.63811875033756,1.8839795708867273,[19.63811875033756 1.8839795708867273],2.616574670878612,False,True,57.081326418848704,44,59.99785047027138,2714.63,in_progress,0.0,0
392,411.0,-7.746677796201906,1.4721246438130529,116.58653886344948,30.0,3.5318757165007435,[30.0 3.5318757165007435],2.622390686052547,False,True,57.2258984456382,45,59.99785047027138,2714.666,in_progress,0.0,0
392,412.0,-7.777424686375673,1.5058561002289053,119.6597505316622,-1.6539303424377927,0.5,[-1.6539303424377927 0.5],3.2813160855239567,False,True,57.30162973874816,45,59.99785047027138,2714.757,in_progress,0.0,0
392,413.0,-7.845604034832372,1.5895273709750415,125.79440792387582,-8.708061679731113,0.5,[-8.708061679731113 0.5],3.4224002477082345,False,True,57.60015622578941,45,59.99785047027138,2714.813,in_progress,0.0,0
392,414.0,-7.881013326418646,1.6412978453660405,127.03282380939432,-25.659714728105847,1.1293422692570219,[-25.659714728105847 1.1293422692570219],1.320924659371506,False,False,57.703550909386834,46,59.99785047027138,2714.882,in_progress,0.0,0
392,415.0,-7.909715723098991,1.6976438497685715,124.60212222155127,-30.0,0.6664953274076868,[-30.0 0.6664953274076868],1.3229350597632477,False,False,57.808926981251155,46,59.99785047027138,2714.949,in_progress,0.0,0
392,416.0,-7.926091866445155,1.7605628056814706,119.35788006897404,-30.0,0.5,[-30.0 0.5],1.3273325017114146,False,False,58.018621930153024,46,59.99785047027138,2715.019,in_progress,0.0,0
392,417.0,-7.935997117389053,1.822385053162468,114.44838545646462,-22.825122891873015,0.5,[-22.825122891873015 0.5],1.3293018230559261,False,False,58.12219268173401,46,59.99785047027138,2715.089,in_progress,0.0,0
392,418.0,-7.942572723786689,1.8759072817913882,110.69956398792758,5.553636629602806,2.758130433095917,[5.553636629602806 2.758130433095917],1.6636656679187125,False,False,58.21093234721842,46,59.99785047027138,2715.15,in_progress,0.0,0
392,419.0,-7.952401629784029,1.9277413085100814,108.56504236298689,4.97621446183328,0.5,[4.97621446183328 0.5],1.665670730590787,False,False,58.298475570677546,47,59.99785047027138,2715.224,in_progress,0.0,0
392,420.0,-7.97421121842035,1.9813339952094415,109.0766636934036,13.037452447875417,2.0822418695876808,[13.037452447875417 2.0822418695876808],1.6679155607686922,False,False,58.39438262649642,47,59.99785047027138,2715.286,in_progress,0.0,0
392,421.0,-7.997839059782335,2.0327618833288947,110.34491333095097,21.83778459675554,1.0199229624312307,[21.83778459675554 1.0199229624312307],1.3381323022007703,False,False,58.57799082248185,47,59.99785047027138,2715.357,in_progress,0.0,0
392,422.0,-8.035182952797541,2.091058639386474,113.63601027656435,-26.839155135654433,1.1403842314934352,[-26.839155135654433 1.1403842314934352],1.3401277261938314,False,False,58.682611612835466,47,59.99785047027138,2715.418,in_progress,0.0,0
392,423.0,-8.072871457126311,2.1454698689146445,116.58932192285536,-13.759190805629956,0.5,[-13.759190805629956 0.5],3.4799471050154653,False,True,58.78089142671724,48,59.99785047027138,2715.482,in_progress,0.0,0
392,424.0,-8.0962399296503,2.1966143247263146,116.16678349869589,-30.0,4.0,[-30.0 4.0],3.487268877654822,False,True,58.87058108264429,48,59.99785047027138,2715.553,in_progress,0.0,0
392,425.0,-8.113703450554812,2.2679728879280017,112.54326767742755,-30.0,0.5,[-30.0 0.5],2.7947954239096533,False,True,59.05261577085968,48,59.99785047027138,2715.623,in_progress,0.0,0
392,426.0,-8.11554547566692,2.330186579527561,107.31627213750018,-30.0,1.560950599199755,[-30.0 1.560950599199755],3.0109376655783646,False,True,59.15632453954325,48,59.99785047027138,2715.69,in_progress,0.0,0
392,427.0,-8.111185900672952,2.3980686191327893,101.73396409940209,-30.0,2.9721022449443177,[-30.0 2.9721022449443177],3.297549267177052,False,True,59.269422857814796,49,59.99785047027138,2715.762,in_progress,0.0,0
392,428.0,-8.092461176816093,2.480698529584583,93.94454943545256,30.0,0.5,[30.0 0.5],2.8086253653022686,False,True,59.40696736782582,49,59.99785047027138,2715.797,in_progress,0.0,0
392,429.0,-8.080565806268895,2.5230569631322326,90.03614315633325,-30.0,2.1467575059620856,[-30.0 2.1467575059620856],3.140416898482109,False,True,59.477455144620784,49,59.99785047027138,2715.888,in_progress,0.0,0
392,430.0,-8.046105150997754,2.6334676038128895,82.64527870041454,27.86426882157165,2.5413117891728865,[27.86426882157165 2.5413117891728865],3.230239017342667,False,True,59.733805511608274,49,59.99785047027138,2715.957,in_progress,0.0,0
392,431.0,-8.01361074156674,2.7292986394809473,78.29651172127681,30.0,1.660343035326518,[30.0 1.660343035326518],3.0607965007875557,False,True,59.898904984146995,50,59.99785047027138,2716.02,in_progress,0.0,0
392,432.0,-8.001067583614637,2.834920945841984,80.20246966609997,26.454353875369463,1.1546309288824155,[26.454353875369463 1.1546309288824155],2.9707011887165606,False,True,60.158345652791766,50,59.99785047027138,2716.093,in_progress,0.0,0
392,433.0,-8.000547384619189,2.9377094731728484,83.92095425836463,10.035129513157123,0.9234737371802536,[10.035129513157123 0.9234737371802536],3.66406255357369,False,True,60.32413958570542,51,59.99785047027138,2716.152,in_progress,0.0,0
392,434.0,-8.008738121395286,3.015007079685446,87.53102863154223,-18.170019059365057,0.5,[-18.170019059365057 0.5],2.851296175133783,False,True,60.445143241575536,51,59.99785047027138,2716.217,in_progress,0.0,0
392,435.0,-8.016471741681858,3.0960410763783948,90.7480771347942,-22.509664858316256,1.7845370705768564,[-22.509664858316256 1.7845370705768564],3.11642328418779,False,True,60.642586660865646,51,59.99785047027138,2716.274,in_progress,0.0,0
392,436.0,-8.014604881697455,3.1783861900960813,90.14251060281042,-30.0,0.8886812868937759,[-30.0 0.8886812868937759],2.9422573018856877,False,True,60.7694012298556,51,59.99785047027138,2716.358,in_progress,0.0,0
392,437.0,-8.001038446639862,3.2673833349064543,87.14896068566777,-30.0,0.5,[-30.0 0.5],3.157380550481557,False,True,60.91423334752291,52,59.99785047027138,2716.423,in_progress,0.0,0
392,438.0,-7.985911000489173,3.3357951984452607,84.51863765855013,-30.0,0.5,[-30.0 0.5],3.162270513251633,False,True,61.028728152553605,52,59.99785047027138,2716.49,in_progress,0.0,0
392,439.0,-7.970039373334153,3.394849726051874,82.20172968070284,-30.0,0.8309365760739214,[-30.0 0.8309365760739214],3.2420058587546876,False,True,61.18399624036849,52,59.99785047027138,2716.555,in_progress,0.0,0
392,440.0,-7.947372631194131,3.443463591386321,78.54553592173505,-30.0,0.5,[-30.0 0.5],3.172784192836368,False,True,61.27235660682444,52,59.99785047027138,2716.627,in_progress,0.0,0
392,441.0,-7.915091246081569,3.488712234866349,73.2950050356444,-24.81384276735539,0.5,[-24.81384276735539 0.5],3.176581759724902,False,True,61.36495553234364,52,59.99785047027138,2716.69,in_progress,0.0,0
392,442.0,-7.885093357606482,3.525567653206801,69.0314924996359,-30.0,0.5,[-30.0 0.5],3.179693819258775,False,True,61.443808148004564,53,59.99785047027138,2716.757,in_progress,0.0,0
392,443.0,-7.859070708112855,3.560389691403778,66.26595288124847,-4.016287966705789,0.5,[-4.016287966705789 0.5],3.9781036283296896,False,True,61.51616201220714,53,59.99785047027138,2716.822,in_progress,0.0,0
392,444.0,-7.832353126277483,3.5956187194537903,63.882893817286536,-30.0,2.7013704971800716,[-30.0 2.7013704971800716],3.669635561357124,False,True,61.58972336318591,53,59.99785047027138,2716.89,in_progress,0.0,0
392,445.0,-7.801840578413026,3.6301370524633394,60.99485353673936,-30.0,0.5,[-30.0 0.5],3.1910029490458687,False,True,61.71969615857247,53,59.99785047027138,2716.966,in_progress,0.0,0
392,446.0,-7.765765871103196,3.655923791391384,56.86442323059432,-30.0,1.3521480103041283,[-30.0 1.3521480103041283],3.381277678892614,False,True,61.79222194422136,53,59.99785047027138,2717.002,in_progress,0.0,0
392,447.0,-7.747114655323421,3.6669802580213866,54.51349674876048,-30.0,0.5,[-30.0 0.5],3.1947237063697598,False,True,61.82696047126217,53,59.99785047027138,2717.09,in_progress,0.0,0
392,448.0,-7.694628205046708,3.6886672990896634,47.54025384302118,-30.0,0.5,[-30.0 0.5],2.9074712948373183,False,True,61.9132913252434,54,59.99785047027138,2717.155,in_progress,0.0,0
392,449.0,-7.658884207052705,3.6996983085199067,43.15649970572059,3.6087455703638085,2.412134246811987,[3.6087455703638085 2.412134246811987],4.114528209394725,False,True,61.9675526063246,54,59.99785047027138,2717.226,in_progress,0.0,0
392,450.0,-7.618698243017397,3.7161997939494964,39.4008607971278,-3.181949289660583,2.9959743319605643,[-3.181949289660583 2.9959743319605643],4.263309768500592,False,True,62.033526405683496,54,59.99785047027138,2717.278,in_progress,0.0,0
392,451.0,-7.5834773354570055,3.739298562173119,38.242641405123074,-9.864384115779835,1.2177735094403728,[-9.864384115779835 1.2177735094403728],3.821714442423863,False,True,62.101817242532185,54,59.99785047027138,2717.373,in_progress,0.0,0
392,452.0,-7.501852960153299,3.7885647738932393,35.560227592500425,9.742832889186452,0.5,[9.742832889186452 0.5],3.654184542772534,False,True,62.32828841621669,54,59.99785047027138,2717.42,in_progress,0.0,0
392,453.0,-7.465041795668111,3.8100132496295087,34.568947676909175,7.839093255121021,3.2924487727305856,[7.839093255121021 3.2924487727305856],4.35536949852549,False,True,62.39863099710704,54,59.99785047027138,2717.514,in_progress,0.0,0
392,454.0,-7.381204776211577,3.869850136108399,34.856364323373604,6.619608870129461,2.6054187334589525,[6.619608870129461 2.6054187334589525],4.192411615388157,False,True,62.57013219691867,55,59.99785047027138,2717.546,in_progress,0.0,0
392,455.0,-7.338799136745972,3.909711987979976,36.77939150474778,21.860359833624926,3.0906617644864336,[21.860359833624926 3.0906617644864336],3.4580240285855655,False,True,62.7417928349736,55,59.99785047027138,2717.629,in_progress,0.0,0
392,456.0,-7.265948893698778,3.9973192923692893,42.55843568875593,-11.047704873788408,1.4928224705476403,[-11.047704873788408 1.4928224705476403],3.9321977404551265,False,True,62.91912573028723,55,59.99785047027138,2717.677,in_progress,0.0,0
392,457.0,-7.22343673938813,4.053962504990767,45.97976375871801,-7.523734498643538,2.7500791647767002,[-7.523734498643538 2.7500791647767002],4.676888272569415,False,True,63.027109794073944,56,59.99785047027138,2717.758,in_progress,0.0,0
392,458.0,-7.128495023387551,4.1581352879189435,46.74393963718945,-30.0,0.7908336672819698,[-30.0 0.7908336672819698],3.3228268000153047,False,True,63.291255801580455,56,59.99785047027138,2717.832,in_progress,0.0,0
392,459.0,-7.032736951924205,4.243187225771782,44.632279641756604,-15.475951601600622,1.417290212580184,[-15.475951601600622 1.417290212580184],3.4698114982964143,False,True,63.49141257444212,57,59.99785047027138,2717.869,in_progress,0.0,0
392,460.0,-6.985343317958515,4.278632250074411,42.79856215320329,-30.0,1.4139552628344179,[-30.0 1.4139552628344179],3.4730135543135887,False,True,63.586455495633295,57,59.99785047027138,2717.958,in_progress,0.0,0
392,461.0,-6.86736064278393,4.35418615008157,37.86973016030518,-30.0,0.5,[-30.0 0.5],3.5820633834364224,False,True,63.8359388229417,57,59.99785047027138,2718.006,in_progress,0.0,0
392,462.0,-6.813209734463756,4.381628756555459,35.093074496131564,-3.682262345835703,1.8082422606958695,[-3.682262345835703 1.8082422606958695],4.875627857702605,False,True,63.934061443774695,57,59.99785047027138,2718.081,in_progress,0.0,0
392,463.0,-6.701076872079005,4.431617920300015,30.312047143415814,-22.19421275510264,0.5,[-22.19421275510264 0.5],3.5965448927484616,False,True,64.13473402653015,58,59.99785047027138,2718.143,in_progress,0.0,0
392,464.0,-6.613832029236865,4.46528700379597,27.110480935271422,-30.0,4.0,[-30.0 4.0],4.444348232934358,False,True,64.29452096486015,58,59.99785047027138,2718.217,in_progress,0.0,0
392,465.0,-6.528591551687071,4.493324074961905,23.9951612576371,-21.763587998774998,3.809501641338289,[-21.763587998774998 3.809501641338289],4.4056758436861285,False,True,64.44036278479331,58,59.99785047027138,2718.284,in_progress,0.0,0
392,466.0,-6.431254574153852,4.51164523166905,18.987719252074125,18.49216072147346,1.9291254400710571,[18.49216072147346 1.9291254400710571],3.9624372058698762,False,True,64.60475157408555,59,59.99785047027138,2718.342,in_progress,0.0,0
392,467.0,-6.323629770882253,4.528105497382123,14.640282350948155,-13.993520666710104,0.7887814899314904,[-13.993520666710104 0.7887814899314904],4.622142814895729,False,True,64.78591907149053,59,59.99785047027138,2718.411,in_progress,0.0,0
392,468.0,-6.222171713168092,4.549091583298552,13.293394524948233,-30.0,0.5,[-30.0 0.5],3.636659353756268,False,True,64.95404997289263,59,59.99785047027138,2718.487,in_progress,0.0,0
392,469.0,-6.110808823356136,4.558542759226995,9.891716516867119,-14.94911565715443,1.281340442300003,[-14.94911565715443 1.281340442300003],4.791734298086249,False,True,65.1398150231521,60,59.99785047027138,2718.553,in_progress,0.0,0
392,470.0,-6.031192593665193,4.55814726932128,6.7605457055382,-6.240645273778256,0.5259789058631382,[-6.240645273778256 0.5259789058631382],4.573041726528637,False,True,65.27249949141641,60,59.99785047027138,2718.629,in_progress,0.0,0
392,471.0,-5.9468096145343745,4.54844292267085,2.4588111824290397,-30.0,3.5461675601034526,[-30.0 3.5461675601034526],4.389993243785773,False,True,65.41223957778688,60,59.99785047027138,2718.69,in_progress,0.0,0
392,472.0,-5.873534294759701,4.535230285883169,-1.259595375163803,-30.0,2.4327723728161796,[-30.0 2.4327723728161796],4.128547968008864,False,True,65.5345086423585,60,59.99785047027138,2718.768,in_progress,0.0,0
392,473.0,-5.7750755830175775,4.492050141592187,-10.206159974138485,-1.2683925886854368,0.5,[-1.2683925886854368 0.5],4.590924614651769,False,True,65.69907201451119,61,59.99785047027138,2718.806,in_progress,0.0,0
392,474.0,-5.725640376756133,4.46479812735342,-15.282707532862812,24.666881881650575,0.5,[24.666881881650575 0.5],3.676369542578291,False,True,65.78175750485545,61,59.99785047027138,2718.891,in_progress,0.0,0
392,475.0,-5.626196043797003,4.4240327285847405,-20.833534689201553,-4.049342629545965,0.5,[-4.049342629545965 0.5],4.221756708344484,False,True,65.94661442238717,61,59.99785047027138,2718.954,in_progress,0.0,0
392,476.0,-5.56104767051085,4.399918927216987,-21.037728961226485,30.0,0.5,[30.0 0.5],3.382013642280212,False,True,66.0551255869164,61,59.99785047027138,2719.025,in_progress,0.0,0
392,477.0,-5.504890986846206,4.379242116084929,-20.8088726788626,17.408333487316213,3.44166695520007,[17.408333487316213 3.44166695520007],4.033047675332491,False,True,66.1486605187602,62,59.99785047027138,2719.1,in_progress,0.0,0
392,478.0,-5.444677443881091,4.366834612360673,-18.561081149716003,-20.740205835086023,1.571549055348096,[-20.740205835086023 1.571549055348096],3.6258260990168574,False,True,66.24898220511434,62,59.99785047027138,2719.151,in_progress,0.0,0
392,479.0,-5.392571255567971,4.356779609040596,-16.727854288638685,30.0,1.9271100761024726,[30.0 1.9271100761024726],3.7075862330938207,False,True,66.33579831012679,62,59.99785047027138,2719.232,in_progress,0.0,0
392,480.0,-5.308193618659753,4.338612715136627,-15.144417223871061,30.0,0.5,[30.0 0.5],3.3998112824036326,False,True,66.47619000319894,62,59.99785047027138,2719.276,in_progress,0.0,0
392,481.0,-5.256134940225679,4.335106294109268,-12.855880782424093,30.0,0.5,[30.0 0.5],3.403346611003062,False,True,66.56294307713333,62,59.99785047027138,2719.363,in_progress,0.0,0
392,482.0,-5.178021694193414,4.336333862954242,-8.609320579526536,12.268673472200163,0.5,[12.268673472200163 0.5],4.261290183168581,False,True,66.69314108389167,63,59.99785047027138,2719.406,in_progress,0.0,0
392,483.0,-5.144061500807262,4.342644295608275,-5.3999847150326685,23.730932189396043,1.3030572150622088,[23.730932189396043 1.3030572150622088],3.58775206722224,False,True,66.74976889520971,63,59.99785047027138,2719.488,in_progress,0.0,0
392,484.0,-5.080595724138184,4.361483716087089,0.3698358709964886,-16.888103851672227,3.184710724951295,[-16.888103851672227 3.184710724951295],4.00619902301942,False,True,66.85562517982133,63,59.99785047027138,2719.562,in_progress,0.0,0
392,485.0,-5.013674033734792,4.3798713498882185,4.572509153992986,30.0,1.5435653062209527,[30.0 1.5435653062209527],3.6499602330132976,False,True,66.96814313616875,63,59.99785047027138,2719.627,in_progress,0.0,0
392,486.0,-4.936840997082845,4.389703113001211,5.445822208103577,-22.778471926036488,2.1458383842431807,[-22.778471926036488 2.1458383842431807],3.7880410348685154,False,True,67.09617996896927,63,59.99785047027138,2719.674,in_progress,0.0,0
392,487.0,-4.878088247872765,4.403094993050722,7.2885947413177234,19.82514882521067,1.9917355811079804,[19.82514882521067 1.9917355811079804],3.75822999499341,False,True,67.19407372134336,64,59.99785047027138,2719.754,in_progress,0.0,0
392,488.0,-4.7723215617127925,4.428059986945429,9.729591752376232,-21.646669409480076,1.5864668912864637,[-21.646669409480076 1.5864668912864637],3.6770328758461575,False,True,67.37030005481756,64,59.99785047027138,2719.819,in_progress,0.0,0
392,489.0,-4.670375382921385,4.455430763112107,11.765777846556993,-30.0,0.5,[-30.0 0.5],3.758888801146858,False,True,67.53998153643789,64,59.99785047027138,2719.897,in_progress,0.0,0
392,490.0,-4.571728640134311,4.464842743353148,9.370683908913682,-3.3830274001056964,4.0,[-3.3830274001056964 4.0],5.758671105992616,False,True,67.7044014834354,65,59.99785047027138,2719.932,in_progress,0.0,0
392,491.0,-4.5241556030145835,4.465622691273218,7.8171373818887675,-30.0,4.0,[-30.0 4.0],4.610399854574935,False,True,67.78369295179905,65,59.99785047027138,2720.012,in_progress,0.0,0
392,492.0,-4.393546266883206,4.456687674505085,2.1623223860054885,-30.0,2.712099610163803,[-30.0 2.712099610163803],4.312176975300202,False,True,68.00058856797838,65,59.99785047027138,2720.078,in_progress,0.0,0
392,493.0,-4.300557485204275,4.4353719143464,-3.2277344202023905,18.421314183160725,0.5,[18.421314183160725 0.5],3.7887972481942422,False,True,68.15530387364454,65,59.99785047027138,2720.147,in_progress,0.0,0
392,494.0,-4.192786340737913,4.400560069074398,-11.34686520961517,-1.3841530448448651,4.0,[-1.3841530448448651 4.0],5.313960061238376,False,True,68.33448747954122,66,59.99785047027138,2720.22,in_progress,0.0,0
392,495.0,-4.093395066046056,4.365071292694533,-14.839791246912268,24.536463698905678,0.5,[24.536463698905678 0.5],3.488424702401687,False,True,68.49651129787591,66,59.99785047027138,2720.286,in_progress,0.0,0
392,496.0,-4.000198150656972,4.341743949257798,-14.739826595129028,30.0,1.405017297696311,[30.0 1.405017297696311],3.694415783596323,False,True,68.65105488482365,66,59.99785047027138,2720.357,in_progress,0.0,0
392,497.0,-3.8993455655238622,4.329530494565543,-11.752911823610427,30.0,0.5,[30.0 0.5],3.502845723497614,False,True,68.81871824298679,67,59.99785047027138,2720.419,in_progress,0.0,0
392,498.0,-3.800253208513846,4.332335507493159,-5.8649342451199145,17.118950468928475,1.6849504198067973,[17.118950468928475 1.6849504198067973],3.7709474840792296,False,True,68.98393793580848,67,59.99785047027138,2720.49,in_progress,0.0,0
392,499.0,-3.7115967410819932,4.34644742436559,-0.5923774243723768,-2.398425504733744,0.5,[-2.398425504733744 0.5],4.396420091792815,False,True,69.13831317845478,67,59.99785047027138,2720.54,in_progress,0.0,0
392,500.0,-3.6412299749552663,4.358895600515346,2.406077992785297,30.0,0.5,[30.0 0.5],3.522185274566587,False,True,69.25558347746961,68,59.99785047027138,2720.627,in_progress,0.0,0
392,501.0,-3.5580745050059184,4.372233432518599,4.633721492181879,-30.0,0.5,[-30.0 0.5],3.528284843015832,False,True,69.39416819774941,68,59.99785047027138,2720.696,in_progress,0.0,0
392,502.0,-3.4953893595318872,4.384782543270449,6.894912477279645,-30.0,1.3218634550808868,[-30.0 1.3218634550808868],3.7135337642244965,False,True,69.49903412989143,68,59.99785047027138,2720.726,in_progress,0.0,0
392,503.0,-3.4725706193710897,4.387310018770146,6.906736606001462,18.98635602873913,0.5,[18.98635602873913 0.5],3.5338722485975596,False,True,69.53705727325797,68,59.99785047027138,2720.812,in_progress,0.0,0
392,504.0,-3.3985738221287654,4.400275385738205,7.959150377321274,-30.0,0.5,[-30.0 0.5],3.539219973365485,False,True,69.66034137367537,69,59.99785047027138,2720.884,in_progress,0.0,0
392,505.0,-3.3570286565617384,4.416979475866629,10.86448222310955,-1.606073463080019,3.9607269158929466,[-1.606073463080019 3.9607269158929466],5.379081473125447,False,True,69.72952377304762,69,59.99785047027138,2720.953,in_progress,0.0,0
392,506.0,-3.3031715205356815,4.434099936252336,12.447391097579242,-30.0,2.2489954689836775,[-30.0 2.2489954689836775],4.28866365821088,False,True,69.83740101583562,69,59.99785047027138,2721.023,in_progress,0.0,0
392,507.0,-3.239158980669728,4.440426285820794,10.838434019718425,-30.0,0.5,[-30.0 0.5],3.8737404673513107,False,True,69.94205389577706,70,59.99785047027138,2721.097,in_progress,0.0,0
392,508.0,-3.1737601221806555,4.434235149542451,6.778244389310644,3.868158271310463,0.5,[3.868158271310463 0.5],4.848826143642504,False,True,70.05572662899925,70,59.99785047027138,2721.156,in_progress,0.0,0
392,509.0,-3.11914952929571,4.430549779478405,4.439332184468033,-30.0,1.8495516247766859,[-30.0 1.8495516247766859],4.20705146746623,False,True,70.14660561166342,70,59.99785047027138,2721.223,in_progress,0.0,0
392,510.0,-3.055894901719969,4.424722890623039,1.8832830374939709,-30.0,1.597315374536843,[-30.0 1.597315374536843],4.151406992758899,False,True,70.25226998564648,71,59.99785047027138,2721.286,in_progress,0.0,0
392,511.0,-2.983061317356023,4.3984310200455266,-4.587318424618197,-30.0,3.0243156680407095,[-30.0 3.0243156680407095],4.501359281131016,False,True,70.40603302193466,71,59.99785047027138,2721.357,in_progress,0.0,0
392,512.0,-2.899093745886411,4.358101507491947,-11.912296845994383,-30.0,2.08974143840531,[-30.0 2.08974143840531],4.284589792867194,False,True,70.56084925263266,72,59.99785047027138,2721.417,in_progress,0.0,0
392,513.0,-2.8227867444392567,4.3063875965240115,-19.738437247251,-7.064279135574623,2.923039321955205,[-7.064279135574623 2.923039321955205],5.147688924368249,False,True,70.7234874553979,73,59.99785047027138,2721.496,in_progress,0.0,0
392,514.0,-2.718176176631825,4.231337046396679,-27.282742052000984,-30.0,0.5,[-30.0 0.5],3.5970443109305084,False,True,70.98133676400046,74,59.99785047027138,2721.557,in_progress,0.0,0
392,515.0,-2.6372340402518795,4.1655344873328195,-32.234953255760054,-12.348283852668409,3.4365105713194652,[-12.348283852668409 3.4365105713194652],5.797751619721995,False,True,71.1709490548697,74,59.99785047027138,2721.619,in_progress,0.0,0
392,516.0,-2.5615060209507305,4.099626866614858,-35.43190978293763,-30.0,2.6954885475728303,[-30.0 2.6954885475728303],4.4684890520838865,False,True,71.33711080822258,75,59.99785047027138,2721.694,in_progress,0.0,0
392,517.0,-2.4711099619951353,3.996424225284545,-42.05076703849014,-20.304504797444082,2.896679523498576,[-20.304504797444082 2.896679523498576],4.529598447136549,False,True,71.59085918596415,76,59.99785047027138,2721.758,in_progress,0.0,0
392,518.0,-2.393938163739384,3.8814303773209105,-49.07720506271346,-23.20266000574959,1.7348783485931725,[-23.20266000574959 1.7348783485931725],4.262477217140633,False,True,71.82387840368533,77,59.99785047027138,2721.813,in_progress,0.0,0
392,519.0,-2.3441174359668673,3.789207850288782,-54.663849643108804,-30.0,3.6945692934952623,[-30.0 3.6945692934952623],4.741223115639033,False,True,71.99546595919857,77,59.99785047027138,2721.896,in_progress,0.0,0
392,520.0,-2.2704908680676956,3.6314196148239546,-61.61343785279277,-30.0,3.5179911550705647,[-30.0 3.5179911550705647],4.712489123121888,False,True,72.26467366309814,78,59.99785047027138,2721.937,in_progress,0.0,0
392,521.0,-2.238598507567855,3.535004190161255,-66.06956238550612,6.934623491911758,4.0,[6.934623491911758 4.0],5.54073262978185,False,True,72.41682076682679,79,59.99785047027138,2722.028,in_progress,0.0,0
392,522.0,-2.1778648357498045,3.3402931967112766,-71.62963794765646,-30.0,4.0,[-30.0 4.0],4.445602920955376,False,True,72.69648868157107,80,59.99785047027138,2722.099,in_progress,0.0,0
392,523.0,-2.1205187865440367,3.16197763245303,-72.53481586309398,-30.0,0.5,[-30.0 0.5],3.3520294270935262,False,True,72.94792036802258,81,59.99785047027138,2722.148,in_progress,0.0,0
392,524.0,-2.0975752037851296,3.0390615531635468,-76.83420783794385,30.0,3.0668965830029347,[30.0 3.0668965830029347],3.87109890497983,False,True,73.08986255979072,82,59.99785047027138,2722.215,in_progress,0.0,0
392,525.0,-2.0670440185571173,2.861002406160498,-79.47416400411744,30.0,0.5,[30.0 0.5],3.2671566545831205,False,True,73.31588738526968,82,59.99785047027138,2722.284,in_progress,0.0,0
392,526.0,-2.0255110650455257,2.6968421971442456,-78.0501676082423,-30.0,2.866120310759003,[-30.0 2.866120310759003],1.6368304575870771,False,False,73.4761202000332,83,59.99785047027138,2722.358,in_progress,0.0,0
392,527.0,-1.979221455483479,2.52276945668994,-76.75508791267283,26.868439401997186,2.412405343286868,[26.868439401997186 2.412405343286868],1.6406571370609744,False,False,73.66215717416618,84,59.99785047027138,2722.426,in_progress,0.0,0
392,528.0,-1.9407657721775091,2.350656969150926,-77.02556940659964,19.91536524745581,0.5,[19.91536524745581 0.5],1.642021290204657,True,False,73.73762839713612,84,59.99785047027138,2722.496,off_track,0.0,0
393,1.0,6.236485404390425,0.8228519908355765,46.66997236163603,17.98936607348439,2.9250851306368504,[17.98936607348439 2.9250851306368504],0.0,False,True,0.22632462249648766,166,59.99785047027138,2722.661,prepare,0.0,0
393,2.0,6.236464398465016,0.8228720638597404,46.68278306447324,-11.306045794563602,3.4929460382457673,[-11.306045794563602 3.4929460382457673],1.3330681155137063,False,True,0.22633674923807634,166,59.99785047027138,2722.754,in_progress,0.0,0
393,3.0,6.246691724378569,0.8289541034646318,45.616389438205694,30.0,2.2141384203535717,[30.0 2.2141384203535717],0.7184021656911486,False,True,0.24350123021652514,166,59.99785047027138,2722.817,in_progress,0.0,0
393,4.0,6.257023871995223,0.85038232258247,47.32956745928318,30.0,0.5,[30.0 0.5],0.29182001750387365,False,True,0.2753525921536437,166,59.99785047027138,2722.888,in_progress,0.0,0
393,5.0,6.2578043519868105,0.884912388769428,52.61502542077408,4.388499372649278,0.5,[4.388499372649278 0.5],0.3671545296435253,False,True,0.329022014611402,166,59.99785047027138,2722.957,in_progress,0.0,0
393,6.0,6.25933489342751,0.9171026496449146,57.1022385477333,30.0,1.731657677775113,[30.0 1.731657677775113],0.5899816962478615,False,True,0.37956684548284825,167,59.99785047027138,2723.028,in_progress,0.0,0
393,7.0,6.260245702434168,0.9622217659580076,62.78222458305257,30.0,0.5,[30.0 0.5],0.30344703940686757,False,True,0.4496250965854598,167,59.99785047027138,2723.069,in_progress,0.0,0
393,8.0,6.255369039376784,0.9939052616654214,67.45926556621751,25.111863523618744,3.268527217187574,[25.111863523618744 3.268527217187574],0.9693140490296597,False,True,0.5023573828930483,167,59.99785047027138,2723.167,in_progress,0.0,0
393,9.0,6.237364448323263,1.0750235942685673,78.19455384870358,30.0,0.5,[30.0 0.5],0.3326972195310003,False,True,0.6330274390803581,167,59.99785047027138,2723.204,in_progress,0.0,0
393,10.0,6.224274140515452,1.1067676655297272,83.18637010210172,6.038169174761251,4.0,[6.038169174761251 4.0],1.4644932028950755,False,True,0.6829636694473784,168,59.99785047027138,2723.29,in_progress,0.0,0
393,11.0,6.190318719751845,1.1816889590606618,93.27384804183426,30.0,4.0,[30.0 4.0],1.0967506345040274,False,True,0.8210251306970728,168,59.99785047027138,2723.357,in_progress,0.0,0
393,12.0,6.156612614599047,1.2493032650243046,100.35010926363712,6.725268538929164,0.5,[6.725268538929164 0.5],0.4259528520716489,False,True,0.9339693840426988,168,59.99785047027138,2723.421,in_progress,0.0,0
393,13.0,6.11229737647425,1.3179882074517135,110.25624968769294,3.262205405638788,0.5,[3.262205405638788 0.5],0.4423944643324525,False,True,1.0487770271877972,169,59.99785047027138,2723.473,in_progress,0.0,0
393,14.0,6.086409134201977,1.35197578641709,115.0145233893763,-12.500057863574789,1.3810606293463077,[-12.500057863574789 1.3810606293463077],0.707752990741651,False,True,1.1925866097142412,169,59.99785047027138,2723.56,in_progress,0.0,0
393,15.0,6.046114668958836,1.425353287495901,116.74567701469375,-30.0,1.8928289813097137,[-30.0 1.8928289813097137],0.6940190923357314,False,True,1.3282139542947102,170,59.99785047027138,2723.627,in_progress,0.0,0
393,16.0,6.025886727681988,1.4942809861047808,113.80024893345272,-12.964092066399722,0.5,[-12.964092066399722 0.5],0.4982018952102755,False,True,1.447917879238414,170,59.99785047027138,2723.697,in_progress,0.0,0
393,17.0,6.009405316952092,1.5714311503103255,110.05421607320599,30.0,0.8221648659662965,[30.0 0.8221648659662965],0.49456653057013783,False,True,1.6452286366654856,170,59.99785047027138,2723.741,in_progress,0.0,0
393,18.0,5.998873664371139,1.6144506561656844,108.91455989885999,-17.631368447138968,0.538246618712636,[-17.631368447138968 0.538246618712636],0.43259926626290784,False,True,1.7173518966560497,170,59.99785047027138,2723.833,in_progress,0.0,0
393,19.0,5.977847830295298,1.694206158447546,107.52887503826226,-15.375617654148632,2.3990642162581004,[-15.375617654148632 2.3990642162581004],0.8537747995168621,False,True,1.8521629087504543,171,59.99785047027138,2723.875,in_progress,0.0,0
393,20.0,5.973511829916613,1.7273804657586904,106.11424030850611,30.0,0.5,[30.0 0.5],0.4333071727762384,False,True,1.9050085937993844,171,59.99785047027138,2723.964,in_progress,0.0,0
393,21.0,5.952762914647644,1.7964468540419938,106.29784282285038,15.97201591957986,0.5,[15.97201591957986 0.5],0.4482794606944319,False,True,2.0626796383806822,171,59.99785047027138,2724.003,in_progress,0.0,0
393,22.0,5.935880915247054,1.8234869205682227,108.39465434981767,28.440386046166445,0.5,[28.440386046166445 0.5],0.44594392143045236,False,True,2.115747588417416,171,59.99785047027138,2724.089,in_progress,0.0,0
393,23.0,5.8953888435094814,1.8665641786083802,114.19915890954195,30.0,3.3876470393869655,[30.0 3.3876470393869655],1.0861171488609365,False,True,2.213212988284441,171,59.99785047027138,2724.164,in_progress,0.0,0
393,24.0,5.853299978955185,1.9023706219878143,119.75121083744543,18.033755270519222,1.295335899549067,[18.033755270519222 1.295335899549067],0.6293891368017821,False,True,2.3022409017445677,172,59.99785047027138,2724.201,in_progress,0.0,0
393,25.0,5.819218560354151,1.925959962946933,123.97045141108741,0.22560473566467465,0.5,[0.22560473566467465 0.5],0.5680993442420629,False,True,2.3669308562988656,172,59.99785047027138,2724.301,in_progress,0.0,0
393,26.0,5.756212243188092,1.9789671704288136,128.9140517369122,14.788993008884596,0.867254217653475,[14.788993008884596 0.867254217653475],0.6885936094283903,False,True,2.5397418784722015,172,59.99785047027138,2724.344,in_progress,0.0,0
393,27.0,5.736368653776647,1.997989598041687,129.78748614800287,-7.421470030964738,0.5,[-7.421470030964738 0.5],0.584404836549877,False,True,2.5853998808670564,172,59.99785047027138,2724.434,in_progress,0.0,0
393,28.0,5.690988876546174,2.0475685760726394,130.39529991105894,-9.55789081689225,0.5,[-9.55789081689225 0.5],0.5928034661716886,False,True,2.6974056218547426,172,59.99785047027138,2724.473,in_progress,0.0,0
393,29.0,5.677888770065816,2.068532777804186,129.52154232136638,-28.54803793459892,4.0,[-28.54803793459892 4.0],1.2414224460129912,False,True,2.73804883343175,173,59.99785047027138,2724.56,in_progress,0.0,0
393,30.0,5.651318493120173,2.128844110975979,125.31277829450708,-21.34051944308471,4.0,[-21.34051944308471 4.0],1.2471678359408531,False,True,2.8427080205210897,173,59.99785047027138,2724.617,in_progress,0.0,0
393,31.0,5.643106876730322,2.1803106073713865,119.80171442919351,-17.51494454082258,1.6736651818832822,[-17.51494454082258 1.6736651818832822],0.7370881501074644,False,True,2.9160617398667377,173,59.99785047027138,2724.695,in_progress,0.0,0
393,32.0,5.639207156917591,2.270062559328777,110.53936369086466,-16.14081455631546,0.7531824188273728,[-16.14081455631546 0.7531824188273728],0.5423401454007445,False,True,3.0374194617638905,173,59.99785047027138,2724.739,in_progress,0.0,0
393,33.0,5.641662234390431,2.3229432329461828,105.13159374979088,30.0,2.2152249493183573,[30.0 2.2152249493183573],0.9428997454527539,False,True,3.0989263650168075,173,59.99785047027138,2724.822,in_progress,0.0,0
393,34.0,5.637334219775258,2.425459524476254,100.29680810537968,14.465429638355502,0.5,[14.465429638355502 0.5],0.6757881906450489,False,True,3.228523977645037,173,59.99785047027138,2724.899,in_progress,0.0,0
393,35.0,5.6152666226917365,2.5082157477918554,101.68171766645881,-11.276781331110687,0.712948963786239,[-11.276781331110687 0.712948963786239],0.750574699083877,False,True,3.3543125621750325,174,59.99785047027138,2724.945,in_progress,0.0,0
393,36.0,5.598782471313787,2.5562821835702145,103.18340974213379,3.8729662682520214,0.5,[3.8729662682520214 0.5],0.6897739543290442,False,True,3.4315526306141986,174,59.99785047027138,2725.016,in_progress,0.0,0
393,37.0,5.577605556623921,2.623509118890009,104.35679176111877,0.7485865524902238,2.0269477530905426,[0.7485865524902238 2.0269477530905426],1.0610141238122492,False,True,3.5504513330369747,174,59.99785047027138,2725.081,in_progress,0.0,0
393,38.0,5.562098004815006,2.68142364854464,104.48813655637552,-7.083895609701397,0.5,[-7.083895609701397 0.5],0.645992998621434,False,True,3.6420986127155053,174,59.99785047027138,2725.162,in_progress,0.0,0
393,39.0,5.549610937187178,2.7466315933942376,103.78030873725507,30.0,2.4631669590234626,[30.0 2.4631669590234626],0.9533109705897109,False,True,3.740129450950447,175,59.99785047027138,2725.216,in_progress,0.0,0
393,40.0,5.532437861805756,2.8046480959801157,104.64292629174147,-7.080304916537198,3.246219834131857,[-7.080304916537198 3.246219834131857],1.412121530567331,False,True,3.8336371059268903,175,59.99785047027138,2725.294,in_progress,0.0,0
393,41.0,5.502644786524027,2.875968687479371,107.02028915621192,30.0,3.8680004472452323,[30.0 3.8680004472452323],1.2806465656887593,False,True,4.021130041528953,175,59.99785047027138,2725.345,in_progress,0.0,0
393,42.0,5.47226584100957,2.9467046012544635,109.0179897192687,18.94373733156843,1.0996922623796985,[18.94373733156843 1.0996922623796985],0.679232268805901,False,True,4.14913917840728,175,59.99785047027138,2725.423,in_progress,0.0,0
393,43.0,5.420324528784743,3.025652972441686,113.93048525721694,-16.019805803786525,0.5,[-16.019805803786525 0.5],0.5577965377637987,False,True,4.305735940036525,176,59.99785047027138,2725.481,in_progress,0.0,0
393,44.0,5.379600529096004,3.0857632353357918,116.82980844890652,-27.518020738193574,0.8833265309296253,[-27.518020738193574 0.8833265309296253],0.6517254260813392,False,True,4.455132363085923,176,59.99785047027138,2725.56,in_progress,0.0,0
393,45.0,5.345249205328048,3.1526853393784653,116.87288498470676,-30.0,0.5,[-30.0 0.5],0.5743609796118863,False,True,4.579889593084641,177,59.99785047027138,2725.592,in_progress,0.0,0
393,46.0,5.332511618335273,3.1854726177113264,116.10052990776454,-19.34478102211888,0.5,[-19.34478102211888 0.5],0.5746410835091419,False,True,4.6385154895772445,177,59.99785047027138,2725.697,in_progress,0.0,0
393,47.0,5.317420649831481,3.261967367697294,111.46221615602015,-26.603201316055255,0.5,[-26.603201316055255 0.5],0.5887155398790995,False,True,4.835510503829288,177,59.99785047027138,2725.737,in_progress,0.0,0
393,48.0,5.318348063764751,3.2945525941184224,108.37414838756396,-30.0,0.6600093633190802,[-30.0 0.6600093633190802],0.623734340101881,False,True,4.889091269477164,178,59.99785047027138,2725.825,in_progress,0.0,0
393,49.0,5.326824723526792,3.3526317802684638,102.33476801499395,6.9758331411568975,0.9672320207880151,[6.9758331411568975 0.9672320207880151],0.8729490683599515,False,True,5.016200517712788,178,59.99785047027138,2725.885,in_progress,0.0,0
393,50.0,5.326986937016732,3.3955629197868173,100.12728979822424,-13.736843973733233,0.5,[-13.736843973733233 0.5],0.7465284040078933,False,True,5.087706569107708,178,59.99785047027138,2725.954,in_progress,0.0,0
393,51.0,5.321735198186147,3.442667684032441,99.61583778573056,-20.36547362245628,0.5,[-20.36547362245628 0.5],0.5996218781106026,False,True,5.166464622920319,179,59.99785047027138,2726.023,in_progress,0.0,0
393,52.0,5.323670642575461,3.4853979753388633,97.53299280382355,-30.0,0.5,[-30.0 0.5],0.6013403563070151,False,True,5.237537989596097,179,59.99785047027138,2726.086,in_progress,0.0,0
393,53.0,5.333958555174885,3.52483812770655,93.88430478952043,-30.0,0.5,[-30.0 0.5],0.6095958960767627,False,True,5.37842471852974,179,59.99785047027138,2726.154,in_progress,0.0,0
393,54.0,5.351499251263981,3.563544429642373,89.1025392282767,-23.11686533592372,0.5,[-23.11686533592372 0.5],0.6111590416485759,False,True,5.44738088748452,180,59.99785047027138,2726.218,in_progress,0.0,0
393,55.0,5.367890782515109,3.595829087779159,85.29142432067468,-25.534664045131507,0.5,[-25.534664045131507 0.5],0.6117838707858886,False,True,5.50546566692981,180,59.99785047027138,2726.288,in_progress,0.0,0
393,56.0,5.385649823798039,3.633323141318507,81.8397556078827,-30.0,0.7951000662805443,[-30.0 0.7951000662805443],0.6823128762516978,False,True,5.6179640860895,180,59.99785047027138,2726.36,in_progress,0.0,0
393,57.0,5.414269169285972,3.6710885933328594,76.43014847038486,-27.603826568563967,0.5,[-27.603826568563967 0.5],0.5632648453285793,False,True,5.692661234969831,181,59.99785047027138,2726.431,in_progress,0.0,0
393,58.0,5.44932507287809,3.7084102145993145,70.3472418687853,-30.0,0.5,[-30.0 0.5],0.5655124733663742,False,True,5.770007548028588,181,59.99785047027138,2726.47,in_progress,0.0,0
393,59.0,5.470009067652227,3.725866216999424,67.01376054101812,-30.0,0.5,[-30.0 0.5],0.5699878236902011,False,True,5.874847796127513,181,59.99785047027138,2726.564,in_progress,0.0,0
393,60.0,5.521810018130503,3.7610426008251046,59.20389119268999,-30.0,0.5,[-30.0 0.5],0.5733656533740483,False,True,5.9659720776481295,182,59.99785047027138,2726.621,in_progress,0.0,0
393,61.0,5.550305992361232,3.77769747300471,55.30397313909663,-30.0,1.4999027255179411,[-30.0 1.4999027255179411],0.7731897405478523,False,True,6.012084040480403,182,59.99785047027138,2726.7,in_progress,0.0,0
393,62.0,5.609597460067306,3.804950058364795,47.673276345018905,-30.0,1.2541552476107845,[-30.0 1.2541552476107845],0.7342272361049673,False,True,6.189829218438425,182,59.99785047027138,2726.748,in_progress,0.0,0
393,63.0,5.643956783475946,3.8166267568301286,43.45237925051383,-12.155514342081641,0.5,[-12.155514342081641 0.5],0.6044035627112176,False,True,6.239004518309343,183,59.99785047027138,2726.828,in_progress,0.0,0
393,64.0,5.711061603969926,3.842728921629031,37.07244839050962,-30.0,0.5,[-30.0 0.5],0.2503115320628259,False,False,6.508099833633474,184,59.99785047027138,2726.898,in_progress,0.0,0
393,65.0,5.761059710457674,3.862723926593734,33.67658895629726,-30.0,0.664831823325787,[-30.0 0.664831823325787],0.2550779732464298,False,False,6.680613585025541,184,59.99785047027138,2726.949,in_progress,0.0,0
393,66.0,5.7962719309779285,3.8701886657288154,30.518186103628818,-25.82664725977135,0.5,[-25.82664725977135 0.5],0.25538951874486726,False,False,6.736652659805554,185,59.99785047027138,2727.037,in_progress,0.0,0
393,67.0,5.859277266490357,3.874617425218757,23.91254188897698,-12.293539360389325,2.289122334493501,[-12.293539360389325 2.289122334493501],0.33176989481582725,False,False,7.050110264836329,186,59.99785047027138,2727.08,in_progress,0.0,0
393,68.0,5.891029438516613,3.8726955263387697,20.282376410447924,-30.0,2.1054088522314,[-30.0 2.1054088522314],0.26900749467960006,False,False,7.19438648561721,186,59.99785047027138,2727.161,in_progress,0.0,0
393,69.0,5.971040830624613,3.854564702215543,10.120608694523776,-7.353708003693622,1.0127120235906544,[-7.353708003693622 1.0127120235906544],0.3501485942751327,False,False,7.5416620305413185,187,59.99785047027138,2727.201,in_progress,0.0,0
393,70.0,6.0119638421228965,3.8413662222171823,5.183498153097677,30.0,4.0,[30.0 4.0],0.28089571750827835,False,False,7.612059520262504,188,59.99785047027138,2727.299,in_progress,0.0,0
393,71.0,6.112179347056097,3.8257456960345486,0.12904143448798383,-20.8688111419593,3.839114547098339,[-20.8688111419593 3.839114547098339],0.287687900531291,False,False,7.84603365085339,188,59.99785047027138,2727.356,in_progress,0.0,0
393,72.0,6.187292875322473,3.827683965798285,0.5077354887278434,-30.0,2.1586110303368526,[-30.0 2.1586110303368526],0.2903396340421745,False,False,7.96796740040554,189,59.99785047027138,2727.431,in_progress,0.0,0
393,73.0,6.299460933314751,3.8017006998040914,-5.1362584100515605,-27.37585991075292,0.5,[-27.37585991075292 0.5],0.29923149662888043,False,False,8.262362220349683,189,59.99785047027138,2727.483,in_progress,0.0,0
393,74.0,6.364804969463435,3.7731508906844637,-11.14602841643449,-30.0,3.368286727210525,[-30.0 3.368286727210525],0.3017117541643135,False,False,8.38088206011982,189,59.99785047027138,2727.569,in_progress,0.0,0
393,75.0,6.467365206617475,3.7147280550853736,-19.038824897793862,-16.20995419240736,2.9574272910524737,[-16.20995419240736 2.9574272910524737],0.30687357798369175,False,False,8.57440879660315,190,59.99785047027138,2727.605,in_progress,0.0,0
393,76.0,6.511632553653048,3.6790989464025117,-23.626321175104408,30.0,4.0,[30.0 4.0],0.307990549718858,False,False,8.655208878960607,190,59.99785047027138,2727.7,in_progress,0.0,0
393,77.0,6.641797865067296,3.5770946333926474,-32.48672073217969,-29.03134625472981,0.5,[-29.03134625472981 0.5],0.31519204613037927,False,False,8.90760130368463,190,59.99785047027138,2727.738,in_progress,0.0,0
393,78.0,6.703825368429867,3.5374496675097453,-33.469693043397356,-15.229179913426202,1.185507039711815,[-15.229179913426202 1.185507039711815],0.3176409219163786,False,False,9.026486629997809,191,59.99785047027138,2727.832,in_progress,0.0,0
393,79.0,6.819004590989586,3.4494958054383895,-36.34708535566385,-30.0,2.9246357223838295,[-30.0 2.9246357223838295],0.32235845061761625,True,False,9.210241446217605,191,59.99785047027138,2727.859,off_track,0.0,0
394,1.0,5.133093235068068,3.476548761165092,91.89479476740715,16.74199575898757,1.5786826146349615,[16.74199575898757 1.5786826146349615],0.0,False,True,0.23334126164482605,179,59.99785047027138,2727.989,prepare,0.0,0
394,2.0,5.133072358484626,3.4765483266613217,91.90233504196065,-30.0,0.5,[-30.0 0.5],0.3552084264584219,False,True,0.2333416929151011,179,59.99785047027138,2728.084,in_progress,0.0,0
394,3.0,5.142388297917079,3.485426245332018,89.58260517611654,7.573420530021465,0.5,[7.573420530021465 0.5],0.3877105555241705,False,True,0.2476151620043443,179,59.99785047027138,2728.157,in_progress,0.0,0
394,4.0,5.1576911438279565,3.507081580577905,85.882459886334,-30.0,0.5,[-30.0 0.5],0.30248480321121557,False,True,0.29244359488976857,179,59.99785047027138,2728.223,in_progress,0.0,0
394,5.0,5.170995723594654,3.5297420564793582,83.12442317238467,-30.0,2.2472016673066366,[-30.0 2.2472016673066366],0.7155718543839988,False,True,0.3337944208909205,179,59.99785047027138,2728.285,in_progress,0.0,0
394,6.0,5.195515399404642,3.5581887373637313,78.10655269137801,-30.0,1.2357592866512668,[-30.0 1.2357592866512668],0.47494601994843316,False,True,0.388229644920679,179,59.99785047027138,2728.365,in_progress,0.0,0
394,7.0,5.243514239917204,3.5945404923179374,68.92732379939682,-29.45298860540583,2.040547813767247,[-29.45298860540583 2.040547813767247],0.6221483591520559,False,True,0.4631760431103249,180,59.99785047027138,2728.41,in_progress,0.0,0
394,8.0,5.276729550305588,3.6163704107123786,63.35789695508958,-30.0,1.5457883983297924,[-30.0 1.5457883983297924],0.5119789928490075,False,True,0.5096014186258491,180,59.99785047027138,2728.497,in_progress,0.0,0
394,9.0,5.370448001745286,3.6588474626541156,49.18593284144759,-2.849610954334988,0.5,[-2.849610954334988 0.5],0.38792706769760205,False,True,0.6504599160976676,180,59.99785047027138,2728.543,in_progress,0.0,0
394,10.0,5.4186835648590135,3.6785432211934443,43.373652940193836,-20.036712099522436,0.5,[-20.036712099522436 0.5],0.2824733188390017,False,True,0.7067628546581051,181,59.99785047027138,2728.622,in_progress,0.0,0
394,11.0,5.489848079921538,3.7042718253450464,36.37803368263055,22.489211617940768,1.1160602897235001,[22.489211617940768 1.1160602897235001],0.4290141611785858,False,True,0.8575087634745238,181,59.99785047027138,2728.688,in_progress,0.0,0
394,12.0,5.548533225903958,3.7197086391248844,31.056722716545398,30.0,0.5,[30.0 0.5],0.3076284335123307,False,True,0.9243731628973628,181,59.99785047027138,2728.759,in_progress,0.0,0
394,13.0,5.596540356122596,3.7441264875162186,30.104131959427434,-26.40362252245564,0.5,[-26.40362252245564 0.5],0.21071701943435495,False,True,0.9966345513787056,182,59.99785047027138,2728.824,in_progress,0.0,0
394,14.0,5.636541538959897,3.7649289516668336,29.640560786718307,-11.657192332175619,0.5,[-11.657192332175619 0.5],0.29044106450898943,False,True,1.1617642580359577,182,59.99785047027138,2728.892,in_progress,0.0,0
394,15.0,5.673781986041503,3.780608130358655,28.659312559663913,-7.6608578416515805,1.6398005198303665,[-7.6608578416515805 1.6398005198303665],0.14477515185245468,False,False,1.2191591734943552,183,59.99785047027138,2728.945,in_progress,0.0,0
394,16.0,5.70696793292051,3.790736633566544,26.978249960957804,1.8150609591927989,1.3703612925980133,[1.8150609591927989 1.3703612925980133],0.16385338591896917,False,False,1.4470169146090783,183,59.99785047027138,2729.028,in_progress,0.0,0
394,17.0,5.77579036332495,3.807850728780486,23.357484601855447,-0.4732301294652004,1.7295228360956072,[-0.4732301294652004 1.7295228360956072],0.17891996318225514,False,False,1.6515688909131243,184,59.99785047027138,2729.076,in_progress,0.0,0
394,18.0,5.821905170644821,3.8180947037696704,21.25249593789613,-24.135702194955726,2.9888273624281916,[-24.135702194955726 2.9888273624281916],0.14347918389275605,False,False,1.7253825911154208,185,59.99785047027138,2729.151,in_progress,0.0,0
394,19.0,5.9219835391241675,3.8287806737243932,15.162882822292893,27.908848544790104,4.0,[27.908848544790104 4.0],0.17873906370913595,False,False,2.2342382963641993,186,59.99785047027138,2729.226,in_progress,0.0,0
394,20.0,6.015388582659345,3.836202702141576,11.311046619979999,7.964236280240598,3.1220520220612853,[7.964236280240598 3.1220520220612853],0.2525256100016941,False,False,2.6187841037212722,188,59.99785047027138,2729.297,in_progress,0.0,0
394,21.0,6.125860607637953,3.8613590768908503,11.84330622593777,12.568931975591184,2.9975087631640256,[12.568931975591184 2.9975087631640256],0.26615688123346554,False,False,2.8563177498225567,188,59.99785047027138,2729.334,in_progress,0.0,0
394,22.0,6.190935578539736,3.8798652039333206,12.89427129214558,-30.0,0.7617822881190794,[-30.0 0.7617822881190794],0.2133651979168484,False,False,2.956264790414165,189,59.99785047027138,2729.418,in_progress,0.0,0
394,23.0,6.333619318863197,3.917574173057117,14.002126562677734,-22.20047276281387,3.251819384985157,[-22.20047276281387 3.251819384985157],0.22765455523128852,False,False,3.2522079318755504,189,59.99785047027138,2729.495,in_progress,0.0,0
394,24.0,6.435669643045407,3.932060905791793,11.652263640361028,-3.5308304551809258,1.239380176743012,[-3.5308304551809258 1.239380176743012],0.289402631076457,False,False,3.4047368361936114,190,59.99785047027138,2729.538,in_progress,0.0,0
394,25.0,6.504372734546803,3.9316498467052283,8.336482409514046,-28.042354502312914,2.2310529298417077,[-28.042354502312914 2.2310529298417077],0.9110110781430765,False,True,3.513026975739275,190,59.99785047027138,2729.628,in_progress,0.0,0
394,26.0,6.6532498098315624,3.917514254406242,1.0823495202356803,25.99855683874582,1.4231818363125475,[25.99855683874582 1.4231818363125475],0.7676951572484161,False,True,3.7478699223044476,190,59.99785047027138,2729.671,in_progress,0.0,0
394,27.0,6.725503770085634,3.903621427156746,-2.924025272645578,30.0,0.5,[30.0 0.5],0.6450946839328133,False,True,3.8694863507538146,190,59.99785047027138,2729.765,in_progress,0.0,0
394,28.0,6.871166343784356,3.894366391995897,-3.800612319084869,7.632596195256987,1.3582723157227101,[7.632596195256987 1.3582723157227101],1.0663978132765277,False,True,4.104865141395441,191,59.99785047027138,2729.807,in_progress,0.0,0
394,29.0,6.918185035337667,3.895837141105512,-2.7446790991309027,-21.157971092752668,0.5,[-21.157971092752668 0.5],0.6611902804176452,False,True,4.175683942557917,191,59.99785047027138,2729.887,in_progress,0.0,0
394,30.0,7.016952163870909,3.8976409381278136,-0.869948599551549,-30.0,0.5,[-30.0 0.5],0.6684796378523361,False,True,4.323893300055548,191,59.99785047027138,2729.956,in_progress,0.0,0
394,31.0,7.0858225323015995,3.8933506030385363,-1.4547010778451694,-17.397153536334415,0.5,[-17.397153536334415 0.5],0.6711892219586881,False,True,4.436278434456032,192,59.99785047027138,2730.03,in_progress,0.0,0
394,32.0,7.153785333351452,3.88410755088212,-3.186552492753245,-1.0833467953540605,0.5,[-1.0833467953540605 0.5],0.8426663216221102,False,True,4.549460139497485,192,59.99785047027138,2730.078,in_progress,0.0,0
394,33.0,7.191123229059013,3.8764536385395174,-4.473885181194159,-6.584940348635104,4.0,[-6.584940348635104 4.0],1.8014187528719245,False,True,4.612811914438186,192,59.99785047027138,2730.151,in_progress,0.0,0
394,34.0,7.246188952702932,3.8650319842498777,-6.084391878674552,-7.739541547856973,0.5,[-7.739541547856973 0.5],0.8409929701417553,False,True,4.712393101428026,192,59.99785047027138,2730.219,in_progress,0.0,0
394,35.0,7.298212516660523,3.847270484142816,-8.875410958849402,3.926985754055032,0.5,[3.926985754055032 0.5],0.8420863962302045,False,True,4.80399815611503,192,59.99785047027138,2730.28,in_progress,0.0,0
394,36.0,7.347029033049412,3.8347382186617622,-9.986111465301823,6.402190983616869,0.5,[6.402190983616869 0.5],0.8422766129724292,False,True,4.887860296153679,192,59.99785047027138,2730.358,in_progress,0.0,0
394,37.0,7.391450432855129,3.830294179705506,-9.130832222730632,-12.301353366073322,0.5,[-12.301353366073322 0.5],0.8411281637869331,False,True,4.960643826327171,193,59.99785047027138,2730.42,in_progress,0.0,0
394,38.0,7.432480247427861,3.8261684878486144,-8.524859085491713,1.071309778773454,2.4852597823103486,[1.071309778773454 2.4852597823103486],1.3854159712194352,False,True,5.027880938894302,193,59.99785047027138,2730.495,in_progress,0.0,0
394,39.0,7.475526383650557,3.818898253536973,-8.682995416409572,-30.0,0.9083789150563761,[-30.0 0.9083789150563761],0.8300005682239064,False,True,5.0999135717531345,193,59.99785047027138,2730.561,in_progress,0.0,0
394,40.0,7.527230945804434,3.7944147372064325,-12.038044820561801,-30.0,0.5,[-30.0 0.5],0.6732766890261943,False,True,5.196747130979739,193,59.99785047027138,2730.625,in_progress,0.0,0
394,41.0,7.568056266778543,3.7655803833903634,-16.694366996872546,30.0,0.8905088044707706,[30.0 0.8905088044707706],0.759749296124717,False,True,5.276552826187208,193,59.99785047027138,2730.695,in_progress,0.0,0
394,42.0,7.617883446140476,3.739422937977246,-19.313611830736964,-16.296446997315133,4.0,[-16.296446997315133 4.0],1.4458845523597708,False,True,5.369160580642129,193,59.99785047027138,2730.733,in_progress,0.0,0
394,43.0,7.649492151828109,3.730823826864767,-19.164935240773104,-29.209034272426948,1.493029055248571,[-29.209034272426948 1.493029055248571],0.8925275737511469,False,True,5.42366520765828,194,59.99785047027138,2730.829,in_progress,0.0,0
394,44.0,7.723439510195779,3.6752527965305513,-25.5028316831354,-6.677416711542332,2.1951921859781853,[-6.677416711542332 2.1951921859781853],1.31849353445124,False,True,5.569992337459007,194,59.99785047027138,2730.878,in_progress,0.0,0
394,45.0,7.764375809302243,3.63559668736802,-29.86400681597086,-23.520313413814627,1.2982228275117498,[-23.520313413814627 1.2982228275117498],0.8611108864612519,False,True,5.676047547769869,194,59.99785047027138,2730.966,in_progress,0.0,0
394,46.0,7.839600193248673,3.5521229490549877,-37.17720754459818,-30.0,0.5,[-30.0 0.5],0.6955436406784246,False,True,5.845486642286735,195,59.99785047027138,2731.017,in_progress,0.0,0
394,47.0,7.873385299491471,3.5025683659867157,-41.52542721166128,-30.0,0.5,[-30.0 0.5],0.6336428393921912,False,True,5.929364882135458,195,59.99785047027138,2731.1,in_progress,0.0,0
394,48.0,7.920347519188824,3.427880847048585,-46.92643036867368,30.0,0.5,[30.0 0.5],0.6439489193839446,False,True,6.1131873967461665,195,59.99785047027138,2731.137,in_progress,0.0,0
394,49.0,7.938049907019885,3.397507156691311,-48.91541678249411,30.0,3.251544663855563,[30.0 3.251544663855563],1.1927525589559966,False,True,6.16413211573732,195,59.99785047027138,2731.23,in_progress,0.0,0
394,50.0,7.995999969566142,3.327023829693444,-49.49730186066142,30.0,4.0,[30.0 4.0],1.349050779576813,False,True,6.306664360003933,196,59.99785047027138,2731.277,in_progress,0.0,0
394,51.0,8.044503431731098,3.2890405351105305,-46.72848352475544,-30.0,0.5,[-30.0 0.5],0.6638033011903203,False,True,6.544145460244788,196,59.99785047027138,2731.37,in_progress,0.0,0
394,52.0,8.132290323602504,3.2329163482621475,-39.06942310943716,-30.0,0.5,[-30.0 0.5],0.6781830768293979,False,True,6.779580325654444,197,59.99785047027138,2731.41,in_progress,0.0,0
394,53.0,8.166130988888069,3.2079570901059364,-36.94924775691335,6.581196819244063,0.5,[6.581196819244063 0.5],0.8477961172108488,False,True,6.8475421630501465,198,59.99785047027138,2731.497,in_progress,0.0,0
394,54.0,8.226271134344698,3.1622885945947923,-36.689904349251634,-29.1035603749176,0.5,[-29.1035603749176 0.5],0.6927295506040765,False,True,7.0869837572226535,199,59.99785047027138,2731.545,in_progress,0.0,0
394,55.0,8.257754184070269,3.1408246941164704,-36.25708435886807,-13.759884078130199,0.5713445426842406,[-13.759884078130199 0.5713445426842406],0.8874547870783476,False,True,7.189421461863466,199,59.99785047027138,2731.621,in_progress,0.0,0
394,56.0,8.299753395291024,3.1065668759709633,-36.73349944069282,-30.0,0.7882265528411285,[-30.0 0.7882265528411285],0.7542451091317859,False,True,7.266279597889513,200,59.99785047027138,2731.679,in_progress,0.0,0
394,57.0,8.322925734647159,3.08218736278221,-38.130202321479125,-17.32920226118415,0.895518211809561,[-17.32920226118415 0.895518211809561],0.8520396949478752,False,True,7.317313159531347,200,59.99785047027138,2731.767,in_progress,0.0,0
394,58.0,8.35253736510177,3.0223669478912814,-44.65866617171551,30.0,0.5,[30.0 0.5],0.7761144500042044,False,True,7.505873290727283,201,59.99785047027138,2731.807,in_progress,0.0,0
394,59.0,8.368750595080517,2.9916306576247242,-47.31009422027516,-7.219802797793584,3.4366941584641735,[-7.219802797793584 3.4366941584641735],1.7803620955797415,False,True,7.593374563655397,201,59.99785047027138,2731.898,in_progress,0.0,0
394,60.0,8.41555830783935,2.9258024728561822,-49.828911554493295,-30.0,4.0,[-30.0 4.0],1.5522331266174716,False,True,7.702145139681771,202,59.99785047027138,2731.947,in_progress,0.0,0
394,61.0,8.439524033079508,2.878817026136918,-52.66116481048239,-14.930469959490038,4.0,[-14.930469959490038 4.0],1.945038976286156,False,True,7.808109765982363,202,59.99785047027138,2732.032,in_progress,0.0,0
394,62.0,8.47340427097706,2.772167516568954,-60.87253344814959,-30.0,2.9259852474378536,[-30.0 2.9259852474378536],1.4494628817835478,False,True,7.973452678032378,203,59.99785047027138,2732.073,in_progress,0.0,0
394,63.0,8.482257218807558,2.7060229891281575,-67.16579209493447,-30.0,1.473887708012389,[-30.0 1.473887708012389],1.1056484900702463,False,True,8.085112259648097,203,59.99785047027138,2732.159,in_progress,0.0,0
394,64.0,8.481175049472446,2.5742861649987394,-80.13751510957373,-30.0,2.5780061637087517,[-30.0 2.5780061637087517],1.3844902230733673,False,True,8.295828057652056,204,59.99785047027138,2732.207,in_progress,0.0,0
394,65.0,8.472446818162858,2.5074830806195494,-85.91363611813522,-30.0,2.3761155319670504,[-30.0 2.3761155319670504],1.3403579395493481,False,True,8.403762232787514,204,59.99785047027138,2732.297,in_progress,0.0,0
394,66.0,8.427793597973132,2.358248995775784,-99.66676220379783,-30.0,1.485987632647861,[-30.0 1.485987632647861],1.14500026837722,False,True,8.664753419996085,205,59.99785047027138,2732.351,in_progress,0.0,0
394,67.0,8.38922641260979,2.2686473010869816,-107.94614375981057,2.5642089062465274,0.5,[2.5642089062465274 0.5],1.1469189076788078,False,True,8.826886161739445,206,59.99785047027138,2732.436,in_progress,0.0,0
394,68.0,8.335912411663138,2.154519585725655,-116.33881423676434,-21.362825107540743,1.9151792797479659,[-21.362825107540743 1.9151792797479659],1.2706557309409068,False,True,9.037447765228723,206,59.99785047027138,2732.48,in_progress,0.0,0
394,69.0,8.306583245735942,2.101972791174736,-118.75002500530407,-11.92560411037,0.5,[-11.92560411037 0.5],1.1678537662509627,False,True,9.13458508173941,207,59.99785047027138,2732.565,in_progress,0.0,0
394,70.0,8.24463686306214,2.020891516814611,-123.07885431984963,30.0,1.8041155066403487,[30.0 1.8041155066403487],1.255091763142489,False,True,9.282663319014816,207,59.99785047027138,2732.61,in_progress,0.0,0
394,71.0,8.209887073155512,1.975531242904719,-124.16707433528178,30.0,1.3408848629643408,[30.0 1.3408848629643408],1.1459916247767463,False,True,9.36567338256028,208,59.99785047027138,2732.693,in_progress,0.0,0
394,72.0,8.164627442403939,1.8767235953054446,-120.35663701544719,30.0,0.5,[30.0 0.5],0.872231689785783,False,True,9.508358399583416,208,59.99785047027138,2732.782,in_progress,0.0,0
394,73.0,8.135447737710143,1.7687947398801465,-113.59941552344314,30.0,3.8675102529092116,[30.0 3.8675102529092116],1.618725539524161,False,True,9.637486941557993,209,59.99785047027138,2732.838,in_progress,0.0,0
394,74.0,8.120872297391752,1.702585555030093,-110.54398188062795,23.81767193293664,2.7671231185685374,[23.81767193293664 2.7671231185685374],1.380183002527334,False,True,9.740099955078986,210,59.99785047027138,2732.888,in_progress,0.0,0
394,75.0,8.116669905632175,1.638991079945586,-106.32536466178769,-30.0,2.3952126073614792,[-30.0 2.3952126073614792],1.3004232754026208,False,True,9.823565196443052,210,59.99785047027138,2732.972,in_progress,0.0,0
394,76.0,8.101932039216107,1.5096000914815138,-101.88248230214329,30.0,3.6646176049675407,[30.0 3.6646176049675407],1.4445587284562564,False,True,9.99925382748752,211,59.99785047027138,2733.018,in_progress,0.0,0
394,77.0,8.085689280660702,1.439244009899131,-102.09303225799528,30.0,0.9125966574899362,[30.0 0.9125966574899362],0.8911567766536717,False,True,10.013355203286844,211,59.99785047027138,2733.101,in_progress,0.0,0
394,78.0,8.080496382794015,1.3173646701600796,-96.41506214741572,30.0,0.5,[30.0 0.5],0.7140593106488403,False,True,10.145806752024889,212,59.99785047027138,2733.143,in_progress,0.0,0
394,79.0,8.080252835815106,1.2544622621348698,-94.01710612891534,7.280939584311497,0.5,[7.280939584311497 0.5],0.8940921391666751,False,True,10.218195876190572,212,59.99785047027138,2733.227,in_progress,0.0,0
394,80.0,8.09188929476866,1.1712166955939025,-90.09208242967686,-25.464399496603427,0.5,[-25.464399496603427 0.5],0.35741299444392693,False,False,10.26611792551705,212,59.99785047027138,2733.292,in_progress,0.0,0
394,81.0,8.102504671148772,1.113088520868449,-87.50950693511881,-29.78570166497316,0.8032154193414165,[-29.78570166497316 0.8032154193414165],0.3585146621659985,False,False,10.351479682257702,213,59.99785047027138,2733.363,in_progress,0.0,0
394,82.0,8.108418325442848,1.0502516929275427,-86.7975171456245,13.737061608867059,0.5,[13.737061608867059 0.5],0.4495784159185432,False,False,10.437764621325618,213,59.99785047027138,2733.402,in_progress,0.0,0
394,83.0,8.109023613900675,1.0168258157766432,-87.16031639960968,17.82727167056502,1.7026026460728914,[17.82727167056502 1.7026026460728914],0.3593460624173143,False,False,10.480926820505,213,59.99785047027138,2733.491,in_progress,0.0,0
394,84.0,8.129506977383217,0.9322747462192308,-83.50193251156699,-13.787766170526297,2.4490295601315597,[-13.787766170526297 2.4490295601315597],0.44868018948173033,False,False,10.520776856812986,213,59.99785047027138,2733.558,in_progress,0.0,0
394,85.0,8.149524174493761,0.856143658801397,-81.02370070838418,-10.05848145876913,3.1726408222625566,[-10.05848145876913 3.1726408222625566],0.45129955174438335,False,False,10.633359301374512,214,59.99785047027138,2733.607,in_progress,0.0,0
394,86.0,8.157199845067852,0.8005696717992346,-81.26689785837478,-30.0,3.6212378737885533,[-30.0 3.6212378737885533],0.3618321421710411,True,False,10.70727767648999,214,59.99785047027138,2733.685,off_track,0.0,0
395,1.0,7.577784643348198,3.875975260746861,-17.721619803271558,-6.438316830513251,0.7750452561198212,[-6.438316830513251 0.7750452561198212],0.0,False,True,0.23333580815556587,193,59.99785047027138,2733.786,prepare,0.0,0
395,2.0,7.577795601621773,3.8760086585373923,-17.707028416755403,-30.0,3.1729245259360224,[-30.0 3.1729245259360224],0.9967039668413943,False,True,0.23333539743725096,193,59.99785047027138,2733.893,in_progress,0.0,0
395,3.0,7.592237079334119,3.8660778452215414,-18.861323196028078,-7.647459831141823,4.0,[-7.647459831141823 4.0],1.450966044879064,False,True,0.2614229634156917,193,59.99785047027138,2733.957,in_progress,0.0,0
395,4.0,7.616234888221446,3.844291595208964,-21.95330590066454,-17.004020804903966,1.0507674764405897,[-17.004020804903966 1.0507674764405897],0.44618647897966346,False,True,0.3109010971697468,193,59.99785047027138,2734.027,in_progress,0.0,0
395,5.0,7.650344418647289,3.8091256666219557,-26.46243845617317,-20.972429351254583,0.5,[-20.972429351254583 0.5],0.322464890452452,False,True,0.38345623191752276,193,59.99785047027138,2734.066,in_progress,0.0,0
395,6.0,7.668816249401717,3.7865566628144225,-29.320131023672502,0.129666153482475,1.9240503913189189,[0.129666153482475 1.9240503913189189],0.8210676671865511,False,True,0.42461886779505686,194,59.99785047027138,2734.165,in_progress,0.0,0
395,7.0,7.7267597752909385,3.7262033117575006,-34.618532989753355,-30.0,3.9020437747621064,[-30.0 3.9020437747621064],1.06347581328826,False,True,0.5481983498411669,194,59.99785047027138,2734.202,in_progress,0.0,0
395,8.0,7.755407283394841,3.6986346499550606,-36.53418557799164,23.43749089782124,3.941768081815712,[23.43749089782124 3.941768081815712],1.0768812375650239,False,True,0.6216173702536576,194,59.99785047027138,2734.287,in_progress,0.0,0
395,9.0,7.82610700716898,3.628612502165149,-39.631066958173136,-10.898908416993809,0.5984830638157554,[-10.898908416993809 0.5984830638157554],0.46312296081310417,False,True,0.7754288786071983,194,59.99785047027138,2734.361,in_progress,0.0,0
395,10.0,7.890257297751684,3.5754067731940626,-39.00894782014867,-30.0,0.5,[-30.0 0.5],0.3679660678364484,False,True,0.9083312247762265,195,59.99785047027138,2734.426,in_progress,0.0,0
395,11.0,7.933764236935278,3.5307681374329354,-40.63976444181741,-30.0,0.5,[-30.0 0.5],0.37505118095705,False,True,1.0039817460494316,195,59.99785047027138,2734.491,in_progress,0.0,0
395,12.0,7.973577734048655,3.4862158028664445,-42.532649377675625,7.119995620307556,0.5,[7.119995620307556 0.5],0.4899093117638007,False,True,1.1410513207794293,195,59.99785047027138,2734.569,in_progress,0.0,0
395,13.0,8.0145559361228,3.448163325296855,-42.60112298046875,-17.55010545221709,0.5,[-17.55010545221709 0.5],0.36047345647849416,False,True,1.2319690509117964,196,59.99785047027138,2734.591,in_progress,0.0,0
395,14.0,8.032041960954803,3.433432497868449,-42.31894627585607,-9.851917801983689,0.5,[-9.851917801983689 0.5],0.44237583895233845,False,True,1.2695033558093538,196,59.99785047027138,2734.687,in_progress,0.0,0
395,15.0,8.077581333705611,3.382855366260976,-43.91934212875986,13.061636643488974,0.5,[13.061636643488974 0.5],0.47561574528011924,False,True,1.476276822232081,196,59.99785047027138,2734.763,in_progress,0.0,0
395,16.0,8.107753099220433,3.351863959574122,-44.290162481648416,-30.0,0.5,[-30.0 0.5],0.3805182633697239,False,True,1.5483150900276965,196,59.99785047027138,2734.807,in_progress,0.0,0
395,17.0,8.130640015281617,3.33226530657904,-43.754179070051066,-9.020653817937,0.5,[-9.020653817937 0.5],0.4713345181875943,False,True,1.598467007019666,197,59.99785047027138,2734.894,in_progress,0.0,0
395,18.0,8.16490344894934,3.2973229270889406,-44.142228625390054,-25.67587246881714,1.4446462451444697,[-25.67587246881714 1.4446462451444697],0.5768598324474236,False,True,1.7312281914405259,197,59.99785047027138,2734.959,in_progress,0.0,0
395,19.0,8.193655613506825,3.2504721997131085,-47.4095481191376,-30.0,0.5,[-30.0 0.5],0.39151605681328977,False,True,1.8219753550830609,197,59.99785047027138,2735.009,in_progress,0.0,0
395,20.0,8.202729181889062,3.2145687733432102,-51.87694088228164,-30.0,0.5,[-30.0 0.5],0.38971656418521605,False,True,1.8777925456449185,198,59.99785047027138,2735.093,in_progress,0.0,0
395,21.0,8.204388795252877,3.1572599334497577,-60.03265026192013,-30.0,2.665068195777388,[-30.0 2.665068195777388],0.8429600425986176,False,True,2.078908803582036,199,59.99785047027138,2735.161,in_progress,0.0,0
395,22.0,8.200688337479258,3.1015415637897945,-67.26186632207714,-30.0,1.1029508506369612,[-30.0 1.1029508506369612],0.5410675477689387,False,True,2.2201746041432435,199,59.99785047027138,2735.197,in_progress,0.0,0
395,23.0,8.192955372983779,3.0634214868283713,-72.46518218729956,-22.991286220831828,0.5,[-22.991286220831828 0.5],0.41863958030205367,False,True,2.275997002157526,200,59.99785047027138,2735.299,in_progress,0.0,0
395,24.0,8.17091797544035,2.973522423336924,-82.93531602015202,-8.632031668272717,0.5,[-8.632031668272717 0.5],0.22333943207349016,False,False,2.627522730276355,201,59.99785047027138,2735.344,in_progress,0.0,0
395,25.0,8.159585351020743,2.9367717872059083,-86.8822967667184,3.3474660855239193,0.5,[3.3474660855239193 0.5],0.2223595244686329,False,False,2.6889989005509096,202,59.99785047027138,2735.424,in_progress,0.0,0
395,26.0,8.146702625340804,2.885902388352751,-90.69377613798991,-6.047327620008748,0.5,[-6.047327620008748 0.5],0.23205688947957986,False,False,2.880706214229267,202,59.99785047027138,2735.501,in_progress,0.0,0
395,27.0,8.132661882539702,2.8386988634457824,-93.89172217694835,30.0,0.5,[30.0 0.5],0.18619793207179391,False,False,2.962239828414903,203,59.99785047027138,2735.53,in_progress,0.0,0
395,28.0,8.125783771065542,2.815925815696824,-95.27835991920479,3.4407787117313333,0.5,[3.4407787117313333 0.5],0.23642646517465163,False,False,3.081513478680853,203,59.99785047027138,2735.621,in_progress,0.0,0
395,29.0,8.120172303597249,2.765285711305632,-95.47940183335061,20.167815494692725,0.5,[20.167815494692725 0.5],0.18990100181106184,False,False,3.1650166968510307,203,59.99785047027138,2735.686,in_progress,0.0,0
395,30.0,8.119360178134984,2.7318182147759327,-94.91979149123918,-10.096753089245738,0.888552760764392,[-10.096753089245738 0.888552760764392],0.2362189370263788,False,False,3.2188074935462607,204,59.99785047027138,2735.76,in_progress,0.0,0
395,31.0,8.11252978258497,2.6860006277128976,-95.65789943158487,1.829144510694455,3.6760543252268123,[1.829144510694455 3.6760543252268123],0.2400582033664975,False,False,3.3399402207512696,204,59.99785047027138,2735.802,in_progress,0.0,0
395,32.0,8.102068405769979,2.6580450143821763,-97.52077743745718,20.60632013501413,0.5,[20.60632013501413 0.5],0.19105519713940786,False,False,3.389688981505623,204,59.99785047027138,2735.889,in_progress,0.0,0
395,33.0,8.08868159281499,2.595245145755605,-99.33130323552813,-28.746384397341135,0.6143866191403835,[-28.746384397341135 0.6143866191403835],0.19327663336315748,False,False,3.4954284757166776,205,59.99785047027138,2735.963,in_progress,0.0,0
395,34.0,8.07860108432161,2.5477161572075944,-99.80198364925305,29.256110293666488,0.5,[29.256110293666488 0.5],0.19409451043403608,False,False,3.5754251922059277,205,59.99785047027138,2736.014,in_progress,0.0,0
395,35.0,8.067081703091484,2.512525299300258,-101.1242380303684,30.0,0.5,[30.0 0.5],0.1939769707647437,False,False,3.6370682018389444,205,59.99785047027138,2736.099,in_progress,0.0,0
395,36.0,8.063025205567941,2.4583014783975083,-99.56244217196543,30.0,0.5,[30.0 0.5],0.1942622000387709,False,False,3.705000722388929,205,59.99785047027138,2736.128,in_progress,0.0,0
395,37.0,8.068906680067704,2.43393879858817,-97.14627938999979,30.0,1.9334805694079487,[30.0 1.9334805694079487],0.19291575265727456,False,False,3.7402033678451185,205,59.99785047027138,2736.227,in_progress,0.0,0
395,38.0,8.095564448945247,2.370230285889372,-89.27589024671495,30.0,0.5,[30.0 0.5],0.48850028465597745,False,True,3.8261391670664446,206,59.99785047027138,2736.292,in_progress,0.0,0
395,39.0,8.127448398851431,2.323040375602274,-82.00175741982386,-15.738479704231683,0.6993971159925167,[-15.738479704231683 0.6993971159925167],0.5282001276142511,False,True,3.8832070441574773,206,59.99785047027138,2736.366,in_progress,0.0,0
395,40.0,8.150436402832089,2.2770548092797647,-78.19807017232829,14.893742769567709,4.0,[14.893742769567709 4.0],1.6329342816273884,False,True,3.93344834324445,206,59.99785047027138,2736.418,in_progress,0.0,0
395,41.0,8.158876579270467,2.238144770932082,-77.79471175246624,16.6244360789431,0.5,[16.6244360789431 0.5],0.5350499946692001,False,True,3.977740591824064,206,59.99785047027138,2736.488,in_progress,0.0,0
395,42.0,8.192015676770286,2.1893318030464095,-72.47061617579797,-3.219700541720954,1.608617244989802,[-3.219700541720954 1.608617244989802],0.9749278626795989,False,True,4.042365255643132,206,59.99785047027138,2736.555,in_progress,0.0,0
395,43.0,8.22320702102486,2.142356024031817,-68.65813109081084,30.0,2.331808135201787,[30.0 2.331808135201787],0.9399026799553426,False,True,4.104854713566819,207,59.99785047027138,2736.631,in_progress,0.0,0
395,44.0,8.260576321056117,2.075110793696296,-66.31929123491611,-22.256629273291246,1.0496708874926899,[-22.256629273291246 1.0496708874926899],0.7211397242502287,False,True,4.1894527790355625,207,59.99785047027138,2736.675,in_progress,0.0,0
395,45.0,8.289098871900373,2.029833348526266,-64.36160871391262,-3.919755465244833,2.6307940655218447,[-3.919755465244833 2.6307940655218447],1.3778792021211461,False,True,4.257466225372841,207,59.99785047027138,2736.757,in_progress,0.0,0
395,46.0,8.332016522402169,1.9316396449162865,-65.22293761374505,30.0,0.5,[30.0 0.5],0.6032994803426757,False,True,4.4227172071857,208,59.99785047027138,2736.802,in_progress,0.0,0
395,47.0,8.35371446929554,1.8754690024102227,-66.52028535143977,-30.0,0.5,[-30.0 0.5],0.607844456854223,False,True,4.517078304205768,208,59.99785047027138,2736.897,in_progress,0.0,0
395,48.0,8.383457199499524,1.7788919241294863,-69.165018257698,30.0,0.5,[30.0 0.5],0.6228456816727203,False,True,4.709372783249865,209,59.99785047027138,2736.939,in_progress,0.0,0
395,49.0,8.389975094543265,1.7427747742517536,-70.82759142771478,-14.005791585837544,1.11800419542449,[-14.005791585837544 1.11800419542449],0.9651074147026389,False,True,4.770501182388576,210,59.99785047027138,2737.022,in_progress,0.0,0
395,50.0,8.399896753776435,1.6673537085408228,-74.37803128123885,27.125218728642295,2.282922120916864,[27.125218728642295 2.282922120916864],1.0610784546233072,False,True,4.912168623454627,210,59.99785047027138,2737.092,in_progress,0.0,0
395,51.0,8.408292027136406,1.6004059021645052,-76.44206108952032,30.0,4.0,[30.0 4.0],1.4817973345662558,False,True,5.047146837322414,211,59.99785047027138,2737.163,in_progress,0.0,0
395,52.0,8.434953885686484,1.522558855942322,-74.7700734113483,19.093391471928165,0.5,[19.093391471928165 0.5],0.65013906523317,False,True,5.180193668391963,212,59.99785047027138,2737.232,in_progress,0.0,0
395,53.0,8.472542196680571,1.454613266797137,-70.8039819809803,22.98107403012539,1.8810602213173349,[22.98107403012539 1.8810602213173349],0.9901199982132989,False,True,5.315778405563865,212,59.99785047027138,2737.268,in_progress,0.0,0
395,54.0,8.500012924792372,1.417071641505244,-67.59288522621473,17.109985359311572,0.5978113667582464,[17.109985359311572 0.5978113667582464],0.6847475596151411,False,True,5.3931169814536055,213,59.99785047027138,2737.363,in_progress,0.0,0
395,55.0,8.563220174243996,1.3588224621207936,-59.523154904887136,3.6988951250554933,0.929476357927387,[3.6988951250554933 0.929476357927387],0.9674305961262266,False,True,5.540360714064452,213,59.99785047027138,2737.432,in_progress,0.0,0
395,56.0,8.61045803022396,1.3182716129375123,-54.91931722607562,-25.570430742384133,2.7252058768938636,[-25.570430742384133 2.7252058768938636],1.2101225517873015,False,True,5.643904746433071,214,59.99785047027138,2737.469,in_progress,0.0,0
395,57.0,8.642556167421787,1.2879669974665238,-52.98152239487999,-24.266854579287447,1.911227494980086,[-24.266854579287447 1.911227494980086],1.0170349724469925,False,True,5.7174685155019,214,59.99785047027138,2737.566,in_progress,0.0,0
395,58.0,8.696383978036769,1.1992362253699507,-55.323776750659924,-10.44694662196417,4.0,[-10.44694662196417 4.0],1.912273771574494,False,True,5.885735647464307,214,59.99785047027138,2737.61,in_progress,0.0,0
395,59.0,8.719625579758308,1.1462332494318832,-58.145278834218075,-18.32079148834138,0.6323628802645782,[-18.32079148834138 0.6323628802645782],0.7251759608482214,False,True,5.973009058174195,215,59.99785047027138,2737.691,in_progress,0.0,0
395,60.0,8.745353492322698,1.048703914615616,-64.9950061764455,-30.0,2.251470253367882,[-30.0 2.251470253367882],1.1235490331768165,False,True,6.125166410895321,215,59.99785047027138,2737.755,in_progress,0.0,0
395,61.0,8.756404866131735,0.97154052894947,-70.11250795197107,22.52884931900953,1.1747455558936852,[22.52884931900953 1.1747455558936852],0.7980093843594578,False,True,6.2319397257631355,215,59.99785047027138,2737.825,in_progress,0.0,0
395,62.0,8.7695963266235,0.8902299777654898,-74.08936658616496,-30.0,2.196471110654036,[-30.0 2.196471110654036],1.0283928938375162,False,True,6.34620523246463,216,59.99785047027138,2737.888,in_progress,0.0,0
395,63.0,8.789544908915929,0.8035267831392663,-75.2717986764765,-1.1249428016520255,1.512836618317329,[-1.1249428016520255 1.512836618317329],1.112194581221875,False,True,6.532922099093108,216,59.99785047027138,2737.956,in_progress,0.0,0
395,64.0,8.809370372184103,0.707355212199079,-76.37275582647169,10.035005165195614,1.983278770692121,[10.035005165195614 1.983278770692121],1.1386305002294153,False,True,6.685232398586405,217,59.99785047027138,2738.01,in_progress,0.0,0
395,65.0,8.840403081902807,0.6172962893286994,-74.41471028447009,8.712836093919599,1.1143549682173841,[8.712836093919599 1.1143549682173841],0.9405405996306668,False,True,6.934733746037647,217,59.99785047027138,2738.079,in_progress,0.0,0
395,66.0,8.884315083951297,0.5293440212242421,-70.34077573534519,-30.0,2.2675063985433024,[-30.0 2.2675063985433024],0.9916526611689007,False,True,7.097665857841751,218,59.99785047027138,2738.15,in_progress,0.0,0
395,67.0,8.933517327895135,0.43163765632565043,-67.58583041479713,-30.0,0.607414594141871,[-30.0 0.607414594141871],0.7442922965932217,False,True,7.373038678973131,218,59.99785047027138,2738.223,in_progress,0.0,0
395,68.0,8.966457550949194,0.3277660687324062,-69.40310578952706,-29.99080635979637,0.5,[-29.99080635979637 0.5],0.7311741069046298,False,True,7.551270855605963,219,59.99785047027138,2738.287,in_progress,0.0,0
395,69.0,8.984472588034336,0.2575415601491514,-71.17267599441159,-30.0,0.5,[-30.0 0.5],0.7416726952653301,False,True,7.7302602567435486,219,59.99785047027138,2738.369,in_progress,0.0,0
395,70.0,8.992219324055656,0.17906461541358787,-75.28021274104023,-30.0,0.5,[-30.0 0.5],0.7480905420776964,False,True,7.859893908313054,219,59.99785047027138,2738.396,in_progress,0.0,0
395,71.0,8.989544013977698,0.15541614275648982,-77.39612349561204,-30.0,1.4173375275039692,[-30.0 1.4173375275039692],0.9490422192835718,False,True,7.8995202053640305,219,59.99785047027138,2738.479,in_progress,0.0,0
395,72.0,8.96396098935641,0.06707430517520149,-87.1269276860186,-25.91038083410918,3.0238905630212014,[-25.91038083410918 3.0238905630212014],1.310522965592495,False,True,8.049298367418256,220,59.99785047027138,2738.564,in_progress,0.0,0
395,73.0,8.925933939115662,-0.013298814643019324,-96.47858772302219,-1.1349054222980612,0.5,[-1.1349054222980612 0.5],0.868817809899626,False,True,8.215301183966018,220,59.99785047027138,2738.607,in_progress,0.0,0
395,74.0,8.899938396303687,-0.06535738501120099,-102.13319462195268,-23.198881703065936,0.5,[-23.198881703065936 0.5],0.6981209833812156,False,True,8.30723588029466,220,59.99785047027138,2738.69,in_progress,0.0,0
395,75.0,8.857815099334955,-0.14020761286807545,-110.2228564467162,-9.612369568489669,1.855544107891093,[-9.612369568489669 1.855544107891093],1.2190901558787193,False,True,8.44051673483116,221,59.99785047027138,2738.761,in_progress,0.0,0
395,76.0,8.809545846548872,-0.19755479549137825,-116.187843754342,8.479776498066158,0.5,[8.479776498066158 0.5],0.8852900339367625,False,True,8.546325928924192,221,59.99785047027138,2738.804,in_progress,0.0,0
395,77.0,8.783456957432259,-0.23510759597851186,-118.03787360741511,3.816824400974916,0.5,[3.816824400974916 0.5],0.8870376220987687,False,True,8.61433833676869,221,59.99785047027138,2738.892,in_progress,0.0,0
395,78.0,8.749163408933395,-0.30831435940226015,-117.12888334417497,30.0,2.981618147168001,[30.0 2.981618147168001],1.2148557984265373,False,True,8.788496645762955,221,59.99785047027138,2738.954,in_progress,0.0,0
395,79.0,8.72946927969201,-0.3559496176719431,-116.00640484299142,30.0,2.2469950124378437,[30.0 2.2469950124378437],0.6211130057981635,False,True,8.873042939973763,221,59.99785047027138,2739.033,in_progress,0.0,0
395,80.0,8.721773446449076,-0.44587691132336726,-108.79620686191151,30.0,1.9922180290422897,[30.0 1.9922180290422897],1.0266590481457203,False,True,9.02224305484366,222,59.99785047027138,2739.072,in_progress,0.0,0
395,81.0,8.72717856679154,-0.5016115218693977,-103.41039520056316,-14.953843363613291,0.5,[-14.953843363613291 0.5],0.9138897677409457,False,True,9.111121261233457,222,59.99785047027138,2739.152,in_progress,0.0,0
395,82.0,8.735959989460016,-0.5953076536238648,-96.16975236589685,10.485824237677313,4.0,[10.485824237677313 4.0],1.8005744064084337,False,True,9.293381221244756,222,59.99785047027138,2739.223,in_progress,0.0,0
395,83.0,8.7328612726377,-0.6845011942768205,-94.48794878649127,-1.0256594590089776,3.9681831452722953,[-1.0256594590089776 3.9681831452722953],1.8010025438029218,False,True,9.437828837323226,223,59.99785047027138,2739.294,in_progress,0.0,0
395,84.0,8.726166050272363,-0.7850400880757288,-94.20422538316144,11.044729219665882,2.187687966300253,[11.044729219665882 2.187687966300253],1.367074236381003,False,True,9.615578042552396,223,59.99785047027138,2739.357,in_progress,0.0,0
395,85.0,8.724611086320747,-0.8839184982654165,-92.98491614337581,5.819167930590801,2.33323907026547,[5.819167930590801 2.33323907026547],1.412922579364833,False,True,9.773520796529866,224,59.99785047027138,2739.42,in_progress,0.0,0
395,86.0,8.729320145184932,-0.9920448068215515,-90.84175019206369,-20.792606844711536,1.938748537274751,[-20.792606844711536 1.938748537274751],1.168670396401434,False,True,9.982479511979903,224,59.99785047027138,2739.492,in_progress,0.0,0
395,87.0,8.728699703641368,-1.1294151303882436,-90.70573719086131,-30.0,0.5,[-30.0 0.5],0.8641950979743194,False,True,10.191825648301611,225,59.99785047027138,2739.555,in_progress,0.0,0
395,88.0,8.716531721268277,-1.238326135728424,-93.01065817776283,-30.0,0.5,[-30.0 0.5],0.874186936159674,False,True,10.374105753235352,226,59.99785047027138,2739.623,in_progress,0.0,0
395,89.0,8.698335182590792,-1.3547419284877813,-95.59414324007287,-30.0,3.0996886457205877,[-30.0 3.0996886457205877],1.590142831572793,False,True,10.577719457498148,226,59.99785047027138,2739.694,in_progress,0.0,0
395,90.0,8.667429416170359,-1.4724737142883288,-99.67188345588329,-30.0,2.011089039760379,[-30.0 2.011089039760379],1.3403404213141639,False,True,10.768321428148763,227,59.99785047027138,2739.741,in_progress,0.0,0
395,91.0,8.635772620018546,-1.5412242087608163,-104.24985621716652,-30.0,3.5870372843611973,[-30.0 3.5870372843611973],1.724853657436986,False,True,10.894291837377668,227,59.99785047027138,2739.82,in_progress,0.0,0
395,92.0,8.561930026900475,-1.6717843983066323,-112.57258912307657,-30.0,4.0,[-30.0 4.0],1.839402545572587,False,True,11.13622504605809,228,59.99785047027138,2739.884,in_progress,0.0,0
395,93.0,8.484327451777185,-1.7722093195533342,-120.54461797266043,-30.0,1.4838601851722273,[-30.0 1.4838601851722273],1.2477500097319878,False,True,11.338286679832443,229,59.99785047027138,2739.949,in_progress,0.0,0
395,94.0,8.390714061512407,-1.8707370285396334,-129.89326093047387,-30.0,0.5,[-30.0 0.5],1.0255650194449994,False,True,11.562994199902544,230,59.99785047027138,2740.041,in_progress,0.0,0
395,95.0,8.280955469761002,-1.978091026422482,-138.68795789251817,-30.0,2.3026494018728774,[-30.0 2.3026494018728774],1.3499029381953944,False,True,11.794686290676381,231,59.99785047027138,2740.075,in_progress,0.0,0
395,96.0,8.248499345171497,-2.0053483967863057,-141.49902944133368,-25.36171449406015,0.5036868970508335,[-25.36171449406015 0.5036868970508335],0.9549960277965112,False,True,11.853783484828718,231,59.99785047027138,2740.156,in_progress,0.0,0
395,97.0,8.158175083824108,-2.079119401535093,-148.03375764159307,-30.0,2.7155544136739973,[-30.0 2.7155544136739973],1.4517845039744888,False,True,12.043660562527114,232,59.99785047027138,2740.229,in_progress,0.0,0
395,98.0,8.065794598615165,-2.140464956798436,-153.16928781646203,-30.0,0.5,[-30.0 0.5],0.9713669280642279,False,True,12.18915464241832,232,59.99785047027138,2740.275,in_progress,0.0,0
395,99.0,8.007777157276836,-2.162355025598981,-158.33425976259463,-28.323255971423322,2.0366370605160773,[-28.323255971423322 2.0366370605160773],1.3134459177027027,False,True,12.292411425982463,233,59.99785047027138,2740.371,in_progress,0.0,0
395,100.0,7.876497558279174,-2.1898514656364667,-169.20098335456433,-30.0,4.0,[-30.0 4.0],1.7568879242724489,False,True,12.502213488356483,233,59.99785047027138,2740.423,in_progress,0.0,0
395,101.0,7.802193811926413,-2.191903931634874,-174.7613092253856,-23.6278577433956,1.9311695755462033,[-23.6278577433956 1.9311695755462033],1.3069538118357291,False,True,12.622593088101508,234,59.99785047027138,2740.495,in_progress,0.0,0
395,102.0,7.67799564704803,-2.169063919084576,173.74057860559503,-4.298192330633551,0.5,[-4.298192330633551 0.5],1.3649880082214405,False,True,12.795885976156274,234,59.99785047027138,2740.556,in_progress,0.0,0
395,103.0,7.588415384696343,-2.137829186941431,163.7725972571984,-21.48917413645306,1.9389867025494127,[-21.48917413645306 1.9389867025494127],1.4445388348576518,False,True,12.936347907718805,235,59.99785047027138,2740.631,in_progress,0.0,0
395,104.0,7.4893457144028375,-2.0873135880295224,151.22009494692807,13.414443621386432,0.8004718469772116,[13.414443621386432 0.8004718469772116],1.4742410853154564,False,True,13.08893442205462,235,59.99785047027138,2740.697,in_progress,0.0,0
395,105.0,7.410028811133917,-2.0388905040229335,141.2913708391934,30.0,2.954037970540521,[30.0 2.954037970540521],1.702030125430916,False,True,13.210902023735727,236,59.99785047027138,2740.755,in_progress,0.0,0
395,106.0,7.333002072116207,-1.9938226111278905,136.72635574295688,30.0,0.5,[30.0 0.5],1.025390875100388,False,True,13.329725590057361,236,59.99785047027138,2740.828,in_progress,0.0,0
395,107.0,7.243937538332452,-1.96347725734277,138.19771767442134,30.0,3.2406214930196926,[30.0 3.2406214930196926],1.6361588131996623,False,True,13.488634354899299,236,59.99785047027138,2740.891,in_progress,0.0,0
395,108.0,7.138343792764393,-1.9387692945918686,147.19000063044214,30.0,3.283482251861838,[30.0 3.283482251861838],1.6543936789755513,False,True,13.66205037771493,236,59.99785047027138,2740.95,in_progress,0.0,0
395,109.0,7.045799212117409,-1.930110494437437,157.51682291586934,30.0,2.231564543989058,[30.0 2.231564543989058],1.4303810473707597,False,True,13.815247760193628,237,59.99785047027138,2741.025,in_progress,0.0,0
395,110.0,6.9052568999488635,-1.9421483853537431,174.8783701680926,21.667694811785623,4.0,[21.667694811785623 4.0],1.8328194236729674,False,True,14.056745883532606,237,59.99785047027138,2741.092,in_progress,0.0,0
395,111.0,6.7870510580576795,-1.9679238063398252,-170.79712088478985,11.90313692235781,0.5,[11.90313692235781 0.5],1.3415583022165363,False,True,14.255235713345883,238,59.99785047027138,2741.149,in_progress,0.0,0
395,112.0,6.690989944228047,-2.0079051354176394,-154.62446674590188,-30.0,1.5628679683489715,[-30.0 1.5628679683489715],1.3150501164593011,False,True,14.417730618332314,238,59.99785047027138,2741.225,in_progress,0.0,0
395,113.0,6.598656965252581,-2.043465871215772,-141.44733928356592,-30.0,2.5548981646451265,[-30.0 2.5548981646451265],1.5409590236633353,False,True,14.575820628046031,238,59.99785047027138,2741.282,in_progress,0.0,0
395,114.0,6.516401170140125,-2.067252610999444,-136.84733953922762,-13.7924513183107,2.5404870170189837,[-13.7924513183107 2.5404870170189837],1.930127119122496,False,True,14.713944601128482,238,59.99785047027138,2741.357,in_progress,0.0,0
395,115.0,6.403690664007945,-2.11473019622528,-132.49234311547275,-30.0,4.0,[-30.0 4.0],2.045413737684323,False,True,14.903881814794207,239,59.99785047027138,2741.415,in_progress,0.0,0
395,116.0,6.309065618987172,-2.157809823473133,-132.61054584024913,-30.0,1.8158788609634735,[-30.0 1.8158788609634735],1.5296766706333709,False,True,15.063829101724346,239,59.99785047027138,2741.492,in_progress,0.0,0
395,117.0,6.167879584697605,-2.207704113415447,-136.9250470247675,-30.0,4.0,[-30.0 4.0],2.0678316094408165,False,True,15.300108838250981,240,59.99785047027138,2741.552,in_progress,0.0,0
395,118.0,6.0362262707840415,-2.24288309088748,-146.87643328849148,-30.0,4.0,[-30.0 4.0],2.080490414523464,False,True,15.518896569866413,240,59.99785047027138,2741.629,in_progress,0.0,0
395,119.0,5.87832082499282,-2.2579848727894243,-163.86752000649386,-30.0,1.0156565533730677,[-30.0 1.0156565533730677],1.3800679932806796,False,True,15.782089173210323,241,59.99785047027138,2741.685,in_progress,0.0,0
395,120.0,5.765334519643333,-2.250734119270624,-179.38030038033452,-30.0,3.5979596782310277,[-30.0 3.5979596782310277],2.010211644536872,False,True,15.970402846815436,241,59.99785047027138,2741.766,in_progress,0.0,0
395,121.0,5.592816483648845,-2.2218329826971166,158.02063183917258,-6.871249577063693,3.0752682410369694,[-6.871249577063693 3.0752682410369694],2.3777562327586446,False,True,16.257458129542268,241,59.99785047027138,2741.807,in_progress,0.0,0
395,122.0,5.523949961039291,-2.198829144312849,147.3693394786313,30.0,1.4059574491397133,[30.0 1.4059574491397133],1.506662433526916,False,True,16.372451664982513,242,59.99785047027138,2741.894,in_progress,0.0,0
395,123.0,5.38911867338468,-2.148934060367626,124.48328122340631,24.165328768348346,2.537693593995354,[24.165328768348346 2.537693593995354],1.7912085889613243,False,True,16.597384926845837,242,59.99785047027138,2741.95,in_progress,0.0,0
395,124.0,5.31788012321126,-2.118937920811332,112.41355092567247,30.0,0.5,[30.0 0.5],1.3075097758014604,False,True,16.71607229450254,242,59.99785047027138,2742.032,in_progress,0.0,0
395,125.0,5.219586330610887,-2.0707993777602987,92.96082574677725,-25.503007167618467,2.48354093893668,[-25.503007167618467 2.48354093893668],1.642763794528544,False,True,16.87982444810261,243,59.99785047027138,2742.073,in_progress,0.0,0
395,126.0,5.174579290460992,-2.0485373705575087,85.38605389005723,8.051768456348341,1.709641262964324,[8.051768456348341 1.709641262964324],1.8432234177322482,False,True,16.954803397468787,243,59.99785047027138,2742.152,in_progress,0.0,0
395,127.0,5.108152327984823,-2.00340791282014,68.24171432903911,19.9004210954688,1.0460790370480397,[19.9004210954688 1.0460790370480397],1.332991905625034,False,True,17.065447078908548,243,59.99785047027138,2742.212,in_progress,0.0,0
395,128.0,5.064378087474479,-1.9599723231237245,52.364632868864234,30.0,3.849501413894307,[30.0 3.849501413894307],1.9516835444533074,False,True,17.137845972601752,243,59.99785047027138,2742.278,in_progress,0.0,0
395,129.0,5.036622225813923,-1.9194075914638231,41.133909012950504,30.0,2.8689930510209196,[30.0 2.8689930510209196],1.5783987009561518,False,True,17.18394892075734,243,59.99785047027138,2742.351,in_progress,0.0,0
395,130.0,5.023143368951965,-1.8750554735045581,29.2376273945321,30.0,2.4059508245747265,[30.0 2.4059508245747265],1.4846686645141531,False,True,17.206241288939296,243,59.99785047027138,2742.411,in_progress,0.0,0
395,131.0,5.026199667610708,-1.8374601515238824,18.229384595780225,30.0,3.367598823022763,[30.0 3.367598823022763],1.6743052499404278,False,True,17.201000529210354,243,59.99785047027138,2742.48,in_progress,0.0,0
395,132.0,5.045835779197127,-1.8019915736830414,7.795845419597151,30.0,3.9227104050449952,[30.0 3.9227104050449952],0.9965262821714715,False,True,17.168134135855663,243,59.99785047027138,2742.546,in_progress,0.0,0
395,133.0,5.078342202011544,-1.7776694801793222,-1.91131647555643,15.050513616165645,2.45771391277425,[15.050513616165645 2.45771391277425],0.49553564852644894,False,False,17.113860026428906,243,59.99785047027138,2742.615,in_progress,0.0,0
395,134.0,5.125820866471833,-1.7648207820938862,-11.872909158029575,-30.0,0.5,[-30.0 0.5],0.4921400952557979,False,False,17.035618681931464,243,59.99785047027138,2742.679,in_progress,0.0,0
395,135.0,5.170580294392332,-1.7624344161635679,-20.645966293716835,30.0,2.5359037458251388,[30.0 2.5359037458251388],0.488876262768129,False,False,16.961013198077946,243,59.99785047027138,2742.749,in_progress,0.0,0
395,136.0,5.213743287606487,-1.7629787732575934,-25.873723082941524,7.009853038703376,2.321617209349215,[7.009853038703376 2.321617209349215],0.6071436897847403,False,False,16.88907319807298,243,59.99785047027138,2742.814,in_progress,0.0,0
395,137.0,5.278638967070123,-1.7808792020055229,-31.204469295238685,-0.23312781718558284,1.2897893969265795,[-0.23312781718558284 1.2897893969265795],0.6019249643889926,False,False,16.780938401147672,242,59.99785047027138,2742.889,in_progress,0.0,0
395,138.0,5.339600470399026,-1.8152581190222081,-35.82056723147697,-2.4090077488523605,0.5,[-2.4090077488523605 0.5],0.5969780608727334,False,False,16.679387027398985,242,59.99785047027138,2742.948,in_progress,0.0,0
395,139.0,5.383614931068045,-1.8487258746691544,-38.51420528398589,9.258011846068307,0.5,[9.258011846068307 0.5],0.5930742954778381,False,False,16.606080273379465,242,59.99785047027138,2743.015,in_progress,0.0,0
395,140.0,5.4356048150666165,-1.8867371870407519,-38.624891629343644,28.65268390868482,2.6993916841039307,[28.65268390868482 2.6993916841039307],0.47106974082478326,False,False,16.52259538713792,242,59.99785047027138,2743.075,in_progress,0.0,0
395,141.0,5.485769553452269,-1.9137512506863212,-36.25178240801179,7.148050525998464,3.996922080011469,[7.148050525998464 3.996922080011469],2.1684644795158663,False,True,16.43873487632137,242,59.99785047027138,2743.142,in_progress,0.0,0
395,142.0,5.5537834883505175,-1.9371153430323522,-31.219883302118127,30.0,0.5,[30.0 0.5],1.0269950426919923,False,True,16.325159003073264,242,59.99785047027138,2743.212,in_progress,0.0,0
395,143.0,5.634787116239362,-1.9629862235361022,-26.77625692852456,30.0,0.5,[30.0 0.5],1.1191710515620679,False,True,16.189909918108036,241,59.99785047027138,2743.28,in_progress,0.0,0
395,144.0,5.696016413068716,-1.9767161709086318,-23.05164366605517,9.347283601897274,1.202816873419391,[9.347283601897274 1.202816873419391],1.5817344508733955,False,True,16.087731489937397,241,59.99785047027138,2743.352,in_progress,0.0,0
395,145.0,5.755221184133271,-1.9811346341214935,-18.62001531994115,20.20063107147488,0.5,[20.20063107147488 0.5],1.10251583062757,True,True,15.987126133233144,241,59.99785047027138,2743.417,reversed,0.0,0
396,1.0,8.390303256983543,1.4602741724141133,-71.03079861226176,13.369301366066495,0.5,[13.369301366066495 0.5],0.0,False,True,0.21998318786987658,212,59.99785047027138,2743.555,prepare,0.0,0
396,2.0,8.390334011733705,1.4602845318170723,-71.0168743736977,-30.0,2.856145567987497,[-30.0 2.856145567987497],0.9072381065658256,False,True,0.22000314508812124,212,59.99785047027138,2743.624,in_progress,0.0,0
396,3.0,8.39071623308573,1.4521744834760038,-71.59282320885839,2.9579410783459608,2.48873398617628,[2.9579410783459608 2.48873398617628],0.9681200844868945,False,True,0.2307290506604276,212,59.99785047027138,2743.671,in_progress,0.0,0
396,4.0,8.389334456125864,1.4373833934987834,-73.21916451693099,9.833704416839247,2.8585033111441125,[9.833704416839247 2.8585033111441125],1.0510310635597055,False,True,0.2480513720723998,212,59.99785047027138,2743.768,in_progress,0.0,0
396,5.0,8.40648467661169,1.3923218115440568,-72.5339710219941,30.0,1.6288994708671791,[30.0 1.6288994708671791],0.561920945311877,False,True,0.3238353642116554,212,59.99785047027138,2743.812,in_progress,0.0,0
396,6.0,8.427908021525166,1.3649635483660538,-69.71907045607263,30.0,1.089781270721139,[30.0 1.089781270721139],0.436915150543447,False,True,0.3817081837663605,213,59.99785047027138,2743.894,in_progress,0.0,0
396,7.0,8.48580562040364,1.3156396516234463,-61.38976800862538,30.0,0.5,[30.0 0.5],0.32337070073584645,False,True,0.49845759984276095,213,59.99785047027138,2743.962,in_progress,0.0,0
396,8.0,8.542080193529255,1.2804594476426066,-53.83440214360592,-22.002282741969726,0.5,[-22.002282741969726 0.5],0.3431951623884173,False,True,0.6065085934467862,213,59.99785047027138,2744.01,in_progress,0.0,0
396,9.0,8.577060370727716,1.2587566213991552,-50.15203739957232,-30.0,1.3286899852292369,[-30.0 1.3286899852292369],0.5451750250263916,False,True,0.6734804421767104,214,59.99785047027138,2744.093,in_progress,0.0,0
396,10.0,8.632994186221728,1.2058636656047188,-48.21435802842399,30.0,1.9597648241196353,[30.0 1.9597648241196353],0.717848253020887,False,True,0.7988707886015023,214,59.99785047027138,2744.158,in_progress,0.0,0
396,11.0,8.674636712142684,1.1595304287475523,-48.0650987683031,-5.136269016342194,0.5,[-5.136269016342194 0.5],0.47469894954138875,False,True,0.9019415265038577,215,59.99785047027138,2744.23,in_progress,0.0,0
396,12.0,8.722526599723206,1.1087720358739994,-47.49229692165866,-30.0,1.902207808081085,[-30.0 1.902207808081085],0.7308410692971552,False,True,1.0177070604024063,215,59.99785047027138,2744.289,in_progress,0.0,0
396,13.0,8.756278844910772,1.0520458363932013,-50.59496886240901,-9.174966308749937,0.7835074147313161,[-9.174966308749937 0.7835074147313161],0.594526232586718,False,True,1.1334766023293974,215,59.99785047027138,2744.351,in_progress,0.0,0
396,14.0,8.786279113865417,0.9922880231633671,-53.955831475623846,30.0,1.1319491325799942,[30.0 1.1319491325799942],0.5693841238915623,False,True,1.240484716968182,215,59.99785047027138,2744.43,in_progress,0.0,0
396,15.0,8.835465000875407,0.9309035285376549,-53.00100557805122,-30.0,1.4196120911982755,[-30.0 1.4196120911982755],0.6533496203984898,False,True,1.3712399934688757,216,59.99785047027138,2744.467,in_progress,0.0,0
396,16.0,8.866759573784389,0.901844726632302,-51.08731457715032,-0.7482787477867028,0.5,[-0.7482787477867028 0.5],0.541945520666108,False,True,1.4422237773428215,216,59.99785047027138,2744.556,in_progress,0.0,0
396,17.0,8.92764106747526,0.8329403982059377,-49.93577493798042,-19.485834968332853,2.566788654288363,[-19.485834968332853 2.566788654288363],0.95249030582375,False,True,1.6176010999737644,216,59.99785047027138,2744.624,in_progress,0.0,0
396,18.0,8.975040432010243,0.7736188311118358,-50.49707502275002,-30.0,1.3829544198573034,[-30.0 1.3829544198573034],0.6798898499646291,False,True,1.743574629424749,217,59.99785047027138,2744.699,in_progress,0.0,0
396,19.0,9.010698344717612,0.6883794291593379,-56.25604380842282,-30.0,3.152517865471676,[-30.0 3.152517865471676],1.1258229268722348,False,True,1.9230137456199614,217,59.99785047027138,2744.737,in_progress,0.0,0
396,20.0,9.024498242914607,0.6459888409912743,-59.18516604194472,-30.0,1.5244225555128132,[-30.0 1.5244225555128132],0.7356378840254483,False,True,1.9972494559541754,217,59.99785047027138,2744.811,in_progress,0.0,0
396,21.0,9.041033184365965,0.5208629841628337,-69.48372196697743,-30.0,0.5,[-30.0 0.5],0.4711718097126557,False,True,2.202267132394242,218,59.99785047027138,2744.886,in_progress,0.0,0
396,22.0,9.043327548800622,0.4354063416776824,-75.6001968039429,-30.0,1.7826660265322565,[-30.0 1.7826660265322565],0.7712862954940053,False,True,2.3875396227023282,218,59.99785047027138,2744.95,in_progress,0.0,0
396,23.0,9.040808717495665,0.3531269622826724,-80.64991244306992,15.367354788884306,0.5,[15.367354788884306 0.5],0.4985909036761753,False,True,2.5233175563388,219,59.99785047027138,2745.024,in_progress,0.0,0
396,24.0,9.029756928390539,0.25623451796542673,-86.7373815216862,-15.596134190038756,0.5,[-15.596134190038756 0.5],0.5180119655912007,False,True,2.727352711171127,219,59.99785047027138,2745.091,in_progress,0.0,0
396,25.0,9.017377458412517,0.18672775453914303,-90.74441870833903,-30.0,4.0,[-30.0 4.0],1.2939590751223877,False,True,2.844327683187653,219,59.99785047027138,2745.165,in_progress,0.0,0
396,26.0,8.993237908947457,0.1160838359583482,-95.92937728878903,-29.009899031929166,1.5877679937353057,[-29.009899031929166 1.5877679937353057],0.7696110537669019,False,True,2.9645132102713245,220,59.99785047027138,2745.203,in_progress,0.0,0
396,27.0,8.965906598130015,0.06733360588209944,-101.04485304020315,6.246678454514402,1.2625924615471946,[6.246678454514402 1.2625924615471946],0.8741936583346173,False,True,3.0486488593917116,220,59.99785047027138,2745.297,in_progress,0.0,0
396,28.0,8.920280581643778,-0.03526932822160034,-106.41975045935999,-22.239725991526193,3.9408098253686505,[-22.239725991526193 3.9408098253686505],1.1874801066113643,False,True,3.2528725012897164,220,59.99785047027138,2745.34,in_progress,0.0,0
396,29.0,8.90075511347249,-0.09172732727807137,-107.23875525496659,4.628951417168437,0.5,[4.628951417168437 0.5],0.6275861894536338,False,True,3.3505745963575584,220,59.99785047027138,2745.428,in_progress,0.0,0
396,30.0,8.855264648799574,-0.19552008076738972,-109.94463944304898,-11.55262387876762,0.5,[-11.55262387876762 0.5],0.6434661883413574,False,True,3.532406997490567,221,59.99785047027138,2745.468,in_progress,0.0,0
396,31.0,8.835389061375793,-0.2365816600584406,-111.11519944503944,30.0,2.0661148745413445,[30.0 2.0661148745413445],0.82777221140556,False,True,3.6047759695416626,221,59.99785047027138,2745.569,in_progress,0.0,0
396,32.0,8.791165479689278,-0.34185350016546434,-111.46762584596668,13.901309781521732,1.7250249198950982,[13.901309781521732 1.7250249198950982],0.9706985206375949,False,True,3.8283001272916284,221,59.99785047027138,2745.619,in_progress,0.0,0
396,33.0,8.77848101718246,-0.40969698338518684,-108.50623985715247,17.270100444314203,1.9444764481888601,[17.270100444314203 1.9444764481888601],0.8249766609989884,False,True,3.943288996351424,222,59.99785047027138,2745.69,in_progress,0.0,0
396,34.0,8.770366228510117,-0.5187586020027455,-102.88030720969945,16.96429565222968,1.3733951122396026,[16.96429565222968 1.3733951122396026],0.7224064272550745,False,True,4.123805044276418,222,59.99785047027138,2745.755,in_progress,0.0,0
396,35.0,8.776142559323512,-0.6318046419806643,-96.42123014689496,-19.78348268365857,2.085903819363503,[-19.78348268365857 2.085903819363503],0.8794389753115976,False,True,4.333670732239659,222,59.99785047027138,2745.809,in_progress,0.0,0
396,36.0,8.780638963751112,-0.704467923414082,-93.5224087345175,-30.0,0.5,[-30.0 0.5],0.5664557676430405,False,True,4.448160670822809,223,59.99785047027138,2745.889,in_progress,0.0,0
396,37.0,8.76750242969708,-0.8245175537477138,-94.81350184482419,-30.0,3.0193839551818895,[-30.0 3.0193839551818895],1.1927784872712586,False,True,4.657591060061971,223,59.99785047027138,2745.959,in_progress,0.0,0
396,38.0,8.745093687490401,-0.9169619010634003,-98.07269128585,-30.0,1.7828000851533523,[-30.0 1.7828000851533523],0.9301002120034945,False,True,4.8157675705969964,224,59.99785047027138,2746.024,in_progress,0.0,0
396,39.0,8.699727761514898,-1.0116678959183738,-104.81975569630562,-10.188330103715156,1.6980524276927844,[-10.188330103715156 1.6980524276927844],1.158933342469991,False,True,5.0325012716689095,224,59.99785047027138,2746.088,in_progress,0.0,0
396,40.0,8.64646747314638,-1.1057558804938794,-111.05828295318395,-27.812531318662135,2.2776651168391915,[-27.812531318662135 2.2776651168391915],0.9690971071491836,False,True,5.211912731444346,225,59.99785047027138,2746.163,in_progress,0.0,0
396,41.0,8.574333354741249,-1.2099749101631214,-117.47956342401604,-16.508070882511802,0.5,[-16.508070882511802 0.5],0.6283032142601386,False,True,5.438415440913191,226,59.99785047027138,2746.206,in_progress,0.0,0
396,42.0,8.524942590241727,-1.2622288866783034,-122.54313394600756,-14.861749265605551,0.5,[-14.861749265605551 0.5],0.7975780589142938,False,True,5.615700297730997,226,59.99785047027138,2746.293,in_progress,0.0,0
396,43.0,8.421827387721205,-1.3471025218725645,-133.80269476527477,-22.228209555936395,1.5542446342780214,[-22.228209555936395 1.5542446342780214],0.8672100499309812,False,True,5.884588801758794,227,59.99785047027138,2746.357,in_progress,0.0,0
396,44.0,8.343056243399868,-1.3941994371737259,-140.85106196868034,-6.578097888274694,2.3195632925460297,[-6.578097888274694 2.3195632925460297],1.2876198661878175,False,True,6.066248940439801,228,59.99785047027138,2746.419,in_progress,0.0,0
396,45.0,8.263096702504482,-1.4341463214421144,-146.12906925614493,12.928447296089786,0.5,[12.928447296089786 0.5],0.8402121795739632,False,True,6.207501935924964,229,59.99785047027138,2746.485,in_progress,0.0,0
396,46.0,8.175144170711311,-1.4810309829868065,-149.26103672741394,-16.321813561159942,1.629193496001787,[-16.321813561159942 1.629193496001787],0.5856146605338782,False,True,6.430815197451468,229,59.99785047027138,2746.568,in_progress,0.0,0
396,47.0,8.063629680849136,-1.532613433017039,-152.28588805036432,11.622457253113978,2.4420231144329985,[11.622457253113978 2.4420231144329985],0.3787594455097651,False,False,6.733501253506935,231,59.99785047027138,2746.608,in_progress,0.0,0
396,48.0,8.00069881909412,-1.5578038151258948,-153.82908458026935,5.239655200744636,3.2998234614170237,[5.239655200744636 3.2998234614170237],0.3828795230583134,False,False,6.884806102699947,231,59.99785047027138,2746.689,in_progress,0.0,0
396,49.0,7.866347969888592,-1.631314337748543,-152.33939478738654,12.327382627387209,0.7861266793962457,[12.327382627387209 0.7861266793962457],0.3981966647441978,False,False,7.239939358985414,232,59.99785047027138,2746.758,in_progress,0.0,0
396,50.0,7.767147762621884,-1.7056803884152598,-147.73876664967293,6.653157678430766,1.0230527630940704,[6.653157678430766 1.0230527630940704],0.4062217269462756,False,False,7.465696603336958,233,59.99785047027138,2746.814,in_progress,0.0,0
396,51.0,7.689447533812815,-1.770857618114259,-144.75273386503486,-30.0,0.9910846505362326,[-30.0 0.9910846505362326],0.32821269329803915,False,False,7.619223237275907,234,59.99785047027138,2746.883,in_progress,0.0,0
396,52.0,7.614814343051908,-1.8341440424982383,-142.93735336986762,-30.0,3.955865402237526,[-30.0 3.955865402237526],1.458200449058185,False,True,7.82133861424027,234,59.99785047027138,2746.961,in_progress,0.0,0
396,53.0,7.5103754308770645,-1.9022834105038473,-144.8659007181492,18.751211373593705,0.9159590790210475,[18.751211373593705 0.9159590790210475],0.9463329404513696,False,True,8.018418047369202,235,59.99785047027138,2747.001,in_progress,0.0,0
396,54.0,7.449654096081098,-1.9297464069083012,-148.15334683398513,-20.09415330461661,1.639748653131581,[-20.09415330461661 1.639748653131581],1.1081750038454874,False,True,8.124242393005865,235,59.99785047027138,2747.092,in_progress,0.0,0
396,55.0,7.316846149224793,-1.9799329257344598,-153.87159266891769,-30.0,4.0,[-30.0 4.0],1.641388476269524,False,True,8.35379205938349,236,59.99785047027138,2747.155,in_progress,0.0,0
396,56.0,7.207612396236881,-2.0054516876612585,-159.34584085862187,-30.0,2.786758349293089,[-30.0 2.786758349293089],1.3855575982466195,False,True,8.552997940932784,236,59.99785047027138,2747.222,in_progress,0.0,0
396,57.0,7.084245541458367,-2.012804868751338,-167.13795953801616,-18.88480528605542,2.088724745240234,[-18.88480528605542 2.088724745240234],1.2435992025977944,False,True,8.758980354662304,237,59.99785047027138,2747.277,in_progress,0.0,0
396,58.0,6.9616318576843765,-2.004287324931107,-175.831763584921,5.932046301347761,4.0,[5.932046301347761 4.0],2.094699775387456,False,True,8.966735943141313,237,59.99785047027138,2747.358,in_progress,0.0,0
396,59.0,6.813081987352211,-1.995312398802319,177.78771837970538,24.48741380055734,0.5,[24.48741380055734 0.5],0.9207961334863054,False,True,9.213592425980742,238,59.99785047027138,2747.423,in_progress,0.0,0
396,60.0,6.664778825480182,-2.0062266080040594,178.02533832401218,-23.052049873357063,2.479973789073947,[-23.052049873357063 2.479973789073947],1.3715970105963078,False,True,9.463968707175507,238,59.99785047027138,2747.496,in_progress,0.0,0
396,61.0,6.525595327052799,-2.012533910437008,179.5484288997656,-30.0,0.5663577104756881,[-30.0 0.5663577104756881],0.9640975705613842,False,True,9.696149441862412,238,59.99785047027138,2747.559,in_progress,0.0,0
396,62.0,6.394950017550057,-2.005858387762074,178.80442331611184,30.0,1.3094110200706317,[30.0 1.3094110200706317],1.139688739712031,False,True,9.913516974072245,239,59.99785047027138,2747.626,in_progress,0.0,0
396,63.0,6.283759734831413,-1.9997192026652317,178.0632957023049,10.105071213746363,0.5,[10.105071213746363 0.5],1.2140910200038009,False,True,10.102906932586986,239,59.99785047027138,2747.692,in_progress,0.0,0
396,64.0,6.174379011634214,-2.006759269585773,-179.61897299194004,12.53162618196513,1.9385783193081223,[12.53162618196513 1.9385783193081223],1.6209815378055707,False,True,10.285339999960641,240,59.99785047027138,2747.76,in_progress,0.0,0
396,65.0,6.065943073743087,-2.0251760875086458,-175.85415498935683,14.82338626072675,2.9279540001630373,[14.82338626072675 2.9279540001630373],1.9041615934419533,False,True,10.46642136568684,240,59.99785047027138,2747.808,in_progress,0.0,0
396,66.0,5.989038718560459,-2.0467642445891916,-172.2766340187499,22.43359099274548,1.5072554103418427,[22.43359099274548 1.5072554103418427],1.215455041400781,False,True,10.597448644490616,240,59.99785047027138,2747.9,in_progress,0.0,0
396,67.0,5.831119994992731,-2.11195993656068,-164.01347873474816,-28.144290316878752,1.1179924795660585,[-28.144290316878752 1.1179924795660585],1.2496133052167313,False,True,10.860688067744084,241,59.99785047027138,2747.934,in_progress,0.0,0
396,68.0,5.7867942134127235,-2.133357049123708,-161.9111927049121,30.0,1.0716040076527995,[30.0 1.0716040076527995],1.2384444437217628,False,True,10.934577559766034,241,59.99785047027138,2748.027,in_progress,0.0,0
396,69.0,5.661876974857549,-2.1903633315805062,-158.7345816891588,-11.54105750396505,3.068295191414324,[-11.54105750396505 3.068295191414324],2.16209782533302,False,True,11.142647276103922,241,59.99785047027138,2748.085,in_progress,0.0,0
396,70.0,5.5783139310240735,-2.2346540266506496,-156.52130864374715,-30.0,3.8221308121608355,[-30.0 3.8221308121608355],1.9164400954691,False,True,11.281510454689169,241,59.99785047027138,2748.166,in_progress,0.0,0
396,71.0,5.444224086545368,-2.275288700433155,-159.94943419340333,-30.0,0.5780353955135507,[-30.0 0.5780353955135507],1.055207184939655,False,True,11.504620635454632,242,59.99785047027138,2748.203,in_progress,0.0,0
396,72.0,5.380359662689679,-2.2837417269806606,-163.5322366433234,-30.0,1.078998953924935,[-30.0 1.078998953924935],1.1682644952620198,False,True,11.61219838586688,242,59.99785047027138,2748.29,in_progress,0.0,0
396,73.0,5.269036048340179,-2.29684572538045,-167.76928446996416,-14.247865948213692,4.0,[-14.247865948213692 4.0],2.2749936387472,False,True,11.797765165168627,242,59.99785047027138,2748.356,in_progress,0.0,0
396,74.0,5.153090920355387,-2.305986591657816,-171.00101229447463,-30.0,3.761950552194218,[-30.0 3.761950552194218],1.7773185732170178,False,True,11.991028430988504,243,59.99785047027138,2748.425,in_progress,0.0,0
396,75.0,5.0215893404479175,-2.290503496093639,-178.66858600746116,-30.0,4.0,[-30.0 4.0],1.841412525506639,False,True,12.210453198279502,243,59.99785047027138,2748.465,in_progress,0.0,0
396,76.0,4.960789677902184,-2.275024116389247,176.9437221521385,-30.0,2.6936749469681813,[-30.0 2.6936749469681813],1.5564409789801248,False,True,12.311728895127505,243,59.99785047027138,2748.558,in_progress,0.0,0
396,77.0,4.770309079517754,-2.194616674562743,160.7751321657387,30.0,3.627450845531128,[30.0 3.627450845531128],1.9430651198119024,False,True,12.628804274907257,244,59.99785047027138,2748.603,in_progress,0.0,0
396,78.0,4.692501874743227,-2.155420276777519,154.76877913693195,30.0,2.516548494516994,[30.0 2.516548494516994],1.6814994897271012,False,True,12.7584982362708,244,59.99785047027138,2748.69,in_progress,0.0,0
396,79.0,4.510600789217183,-2.094388051852215,151.22350558810814,12.056158718736583,2.13918987612984,[12.056158718736583 2.13918987612984],2.0132348476402986,False,True,13.061694140965209,245,59.99785047027138,2748.752,in_progress,0.0,0
396,80.0,4.353691573464426,-2.0498206239419243,153.85556067016608,20.472306438741455,1.9255328535474159,[20.472306438741455 1.9255328535474159],1.4440895917350762,False,True,13.323381927841105,245,59.99785047027138,2748.828,in_progress,0.0,0
396,81.0,4.184976993095713,-2.0008193708144213,159.10576004974862,30.0,0.5,[30.0 0.5],1.1466084313867373,False,True,13.604656109749113,246,59.99785047027138,2748.876,in_progress,0.0,0
396,82.0,4.102188806468531,-1.9842631956205914,162.4821101680737,0.32424380367426764,4.0,[0.32424380367426764 4.0],2.4022241953187695,False,True,13.742480382893563,246,59.99785047027138,2748.966,in_progress,0.0,0
396,83.0,3.939259930425015,-1.9523913416061276,166.0697139038604,30.0,0.5940606974194287,[30.0 0.5940606974194287],1.187753465074622,False,True,14.014054510409913,247,59.99785047027138,2749.007,in_progress,0.0,0
396,84.0,3.8530588205022873,-1.9319970753511824,166.0045967352252,25.311633671008266,0.6900169369392382,[25.311633671008266 0.6900169369392382],1.1040608439654573,False,True,14.157738587775315,247,59.99785047027138,2749.091,in_progress,0.0,0
396,85.0,3.700920216724175,-1.912478329358651,169.66820997115525,30.0,0.5,[30.0 0.5],1.078611090946451,False,True,14.411053736540202,247,59.99785047027138,2749.16,in_progress,0.0,0
396,86.0,3.590688301984783,-1.9054319858071929,172.27689059645095,30.0,0.5,[30.0 0.5],1.086405584801313,False,True,14.594776509815343,248,59.99785047027138,2749.201,in_progress,0.0,0
396,87.0,3.5415206232102583,-1.9039333212448812,173.48337387242486,19.7236976632299,1.2199028570432269,[19.7236976632299 1.2199028570432269],1.2313238758016283,False,True,14.676724795030827,248,59.99785047027138,2749.286,in_progress,0.0,0
396,88.0,3.4240383559569754,-1.9152172114913961,178.56888679125623,10.710832027584665,0.5,[10.710832027584665 0.5],1.3699428878606446,False,True,14.872472083167432,248,59.99785047027138,2749.332,in_progress,0.0,0
396,89.0,3.382756870412314,-1.9237256431130587,-179.06072962151262,30.0,2.3330886201964676,[30.0 2.3330886201964676],1.4627033055101295,False,True,14.941283722062536,248,59.99785047027138,2749.426,in_progress,0.0,0
396,90.0,3.270806097845845,-1.9618557922279383,-171.17801267576095,-30.0,0.6171887631699754,[-30.0 0.6171887631699754],1.2402848378608844,False,True,15.12790505819951,249,59.99785047027138,2749.493,in_progress,0.0,0
396,91.0,3.1896508176830767,-2.0049398805207326,-162.76583844264923,-30.0,0.7506494352986348,[-30.0 0.7506494352986348],1.2747232997427762,False,True,15.263367076239687,249,59.99785047027138,2749.553,in_progress,0.0,0
396,92.0,3.1234737525697627,-2.0347986795051267,-160.29253548839174,6.084029192962724,1.177692252255019,[6.084029192962724 1.177692252255019],1.7149336803341406,False,True,15.37366047767712,249,59.99785047027138,2749.622,in_progress,0.0,0
396,93.0,3.063487127577,-2.060073582556235,-159.49967484816344,-30.0,1.9355282262253013,[-30.0 1.9355282262253013],1.5412349774556287,False,True,15.473636977935335,249,59.99785047027138,2749.696,in_progress,0.0,0
396,94.0,2.9811327119279802,-2.0871801537958503,-160.37321982364597,-26.564771279895083,4.0,[-26.564771279895083 4.0],2.1825794972081107,False,True,15.610894117576679,250,59.99785047027138,2749.755,in_progress,0.0,0
396,95.0,2.8896509726356125,-2.103098927969334,-163.8610905659074,-30.0,3.1798715272563416,[-30.0 3.1798715272563416],1.9927117245373738,False,True,15.763366128151945,250,59.99785047027138,2749.822,in_progress,0.0,0
396,96.0,2.7889316627459566,-2.1037391739162854,-169.931397599408,26.429370339288425,2.2743030184877226,[26.429370339288425 2.2743030184877226],1.7835452342339106,False,True,15.931278324083753,250,59.99785047027138,2749.885,in_progress,0.0,0
396,97.0,2.683327393384417,-2.1023482782729634,-175.64630328041784,-15.311717515795705,3.663039145328445,[-15.311717515795705 3.663039145328445],2.125636626066502,False,True,16.107292808068586,251,59.99785047027138,2749.95,in_progress,0.0,0
396,98.0,2.5548690030513903,-2.1030090269611756,-178.24730999188245,18.847387278280138,0.5,[18.847387278280138 0.5],1.3782261082013074,False,True,16.321329233743377,251,59.99785047027138,2750.016,in_progress,0.0,0
396,99.0,2.446619230448159,-2.0973887468441,179.04462717155022,-3.6368393444038283,0.5,[-3.6368393444038283 0.5],1.7341680853387338,False,True,16.501750888945143,251,59.99785047027138,2750.091,in_progress,0.0,0
396,100.0,2.325763627824759,-2.0887961617457664,176.87910551510265,19.86924631171147,0.5,[19.86924631171147 0.5],1.3980415232924268,False,True,16.703182434334252,252,59.99785047027138,2750.16,in_progress,0.0,0
396,101.0,2.2200547480354187,-2.0875692735467366,178.00796714237146,10.163157617810441,4.0,[10.163157617810441 4.0],2.808500546575839,False,True,16.879326723326706,252,59.99785047027138,2750.204,in_progress,0.0,0
396,102.0,2.1604380640812617,-2.0916272084759227,179.36076460404604,-26.115556192026112,1.412043323576531,[-26.115556192026112 1.412043323576531],1.6286117945941119,False,True,16.978694259251238,252,59.99785047027138,2750.29,in_progress,0.0,0
396,103.0,2.0419805610356025,-2.082605783031219,177.83016010516104,19.41324539395351,2.3146176746539098,[19.41324539395351 2.3146176746539098],1.8556087169401754,False,True,17.17612416189236,253,59.99785047027138,2750.357,in_progress,0.0,0
396,104.0,1.925485158433935,-2.073598537193792,177.10313369855405,30.0,1.9495735781213526,[30.0 1.9495735781213526],1.629944239879777,False,True,17.370385059610648,253,59.99785047027138,2750.405,in_progress,0.0,0
396,105.0,1.852893585555445,-2.0787566719630006,179.04490201328065,23.609025859666453,2.774361682737697,[23.609025859666453 2.774361682737697],1.815614226909209,False,True,17.491373714530813,253,59.99785047027138,2750.49,in_progress,0.0,0
396,106.0,1.7079705639518523,-2.104315558019368,-175.24682556281866,-16.682962125955687,1.616872584095517,[-16.682962125955687 1.616872584095517],1.7165263151755714,False,True,17.732912645236187,254,59.99785047027138,2750.557,in_progress,0.0,0
396,107.0,1.594333646212769,-2.1364788723455157,-169.4750449053699,-3.6250112622835253,0.5,[-3.6250112622835253 0.5],1.822749227011708,False,True,17.922313146554014,254,59.99785047027138,2750.613,in_progress,0.0,0
396,108.0,1.497236724326369,-2.1539439752590925,-167.98754642500217,-30.0,0.5,[-30.0 0.5],1.465857997819169,False,True,18.0841372981126,254,59.99785047027138,2750.687,in_progress,0.0,0
396,109.0,1.3752566935872603,-2.1674417922724407,-169.96943553248153,-20.9002501643834,0.5,[-20.9002501643834 0.5],1.4765953277639232,False,True,18.287437016425436,255,59.99785047027138,2750.749,in_progress,0.0,0
396,110.0,1.3079365037764483,-2.1621422743318774,-174.17540008655877,-7.912048856785066,0.5,[-7.912048856785066 0.5],1.8507238814961924,False,True,18.39964433197635,255,59.99785047027138,2750.813,in_progress,0.0,0
396,111.0,1.2405133010586893,-2.1499743311355335,-178.41826048145273,-30.0,4.0,[-30.0 4.0],2.3245991767591456,False,True,18.512004335879883,255,59.99785047027138,2750.883,in_progress,0.0,0
396,112.0,1.1620045435321165,-2.1308172370553526,176.68547956822815,21.428443600102753,1.6345042462384574,[21.428443600102753 1.6345042462384574],1.762282924972859,False,True,18.642848670995438,255,59.99785047027138,2750.955,in_progress,0.0,0
396,113.0,1.0769886305068281,-2.1071455358947753,171.0166921637625,16.33896023778133,0.8269582291442478,[16.33896023778133 0.8269582291442478],1.5746844534278486,False,True,18.78453670275241,256,59.99785047027138,2751.022,in_progress,0.0,0
396,114.0,0.9958012694628007,-2.10269371940535,171.41455276156003,16.84150815721214,0.5410223071040197,[16.84150815721214 0.5410223071040197],1.5118171439921486,False,True,18.919851890836448,256,59.99785047027138,2751.101,in_progress,0.0,0
396,115.0,0.9235773389573443,-2.115511953240137,176.66671754538712,-19.08681793881025,2.3819012355948423,[-19.08681793881025 2.3819012355948423],1.9583104384880867,False,True,19.040232062696216,256,59.99785047027138,2751.134,in_progress,0.0,0
396,116.0,0.8803398649409678,-2.126316202923232,179.72674382583605,7.675162233951653,3.5613904120698527,[7.675162233951653 3.5613904120698527],2.8032261025012257,False,True,19.112302309697892,256,59.99785047027138,2751.221,in_progress,0.0,0
396,117.0,0.7864520099706848,-2.142402816446509,-176.62915740967205,30.0,3.9409009911387907,[30.0 3.9409009911387907],2.3410076627013185,False,True,19.268795427165852,257,59.99785047027138,2751.284,in_progress,0.0,0
396,118.0,0.7041367513961506,-2.166996455934653,-172.22540107797147,0.3543254233219173,0.5,[0.3543254233219173 0.5],1.9014326567419306,False,True,19.406004297233682,257,59.99785047027138,2751.356,in_progress,0.0,0
396,119.0,0.6183540258775552,-2.2020183482940294,-165.14441561300563,-30.0,0.5,[-30.0 0.5],1.5275254024925375,False,True,19.54896392350747,257,59.99785047027138,2751.424,in_progress,0.0,0
396,120.0,0.5426570491895721,-2.2234346100360014,-163.4741202293473,-30.0,3.046929663754412,[-30.0 3.046929663754412],2.14396893239075,False,True,19.67511549077493,257,59.99785047027138,2751.491,in_progress,0.0,0
396,121.0,0.46413680579781363,-2.2365789433540257,-165.57245871908535,30.0,1.5737453154748533,[30.0 1.5737453154748533],1.7959367971419473,False,True,19.80597829833034,258,59.99785047027138,2751.558,in_progress,0.0,0
396,122.0,0.3866750320032644,-2.2435307384150804,-168.73396477901042,26.951089704625183,0.5,[26.951089704625183 0.5],1.5436565262741768,False,True,19.935081139768187,258,59.99785047027138,2751.611,in_progress,0.0,0
396,123.0,0.3217002937537814,-2.2584811273467533,-168.49184155580028,-30.0,0.5,[-30.0 0.5],1.5476066649537152,False,True,20.043390676433503,0,59.99785047027138,2751.682,in_progress,0.0,0
396,124.0,0.25745087247692877,-2.2679403988462195,-169.33664838651367,-28.691944958487312,4.0,[-28.691944958487312 4.0],2.1921988125692113,False,True,20.150473165989112,0,59.99785047027138,2751.75,in_progress,0.0,0
396,125.0,0.19511422911253887,-2.267044052811374,-172.21556750519267,-10.546184717227305,4.0,[-10.546184717227305 4.0],2.744462078611803,False,True,20.254371642726014,0,59.99785047027138,2751.819,in_progress,0.0,0
396,126.0,0.12497553588159233,-2.260845834683933,-175.76629594955946,-17.077838023612344,0.7583653836359335,[-17.077838023612344 0.7583653836359335],1.6217917402241881,False,True,20.371276082358364,1,59.99785047027138,2751.882,in_progress,0.0,0
396,127.0,0.051446762164565396,-2.2495998151899137,-179.27142862531386,-11.348171989047152,4.0,[-11.348171989047152 4.0],3.0060190189918803,False,True,20.493832839624176,1,59.99785047027138,2751.946,in_progress,0.0,0
396,128.0,-0.02297119989570609,-2.235590445996425,177.27101919880553,16.760903002410508,3.3224496866276527,[16.760903002410508 3.3224496866276527],2.2473578933249976,False,True,20.617959208656586,1,59.99785047027138,2752.025,in_progress,0.0,0
396,129.0,-0.12471756320473247,-2.226929046142237,176.54823082289133,-8.729277046473868,1.880704029344499,[-8.729277046473868 1.880704029344499],2.387118033793093,False,True,20.787533969181283,1,59.99785047027138,2752.09,in_progress,0.0,0
396,130.0,-0.22109934710537998,-2.22143695955996,176.7156764926068,-11.783600950163784,3.411524965541751,[-11.783600950163784 3.411524965541751],2.8560226408570113,False,True,20.948170576481473,2,59.99785047027138,2752.151,in_progress,0.0,0
396,131.0,-0.3274352283086301,-2.205307201834801,174.5481823918339,30.0,4.0,[30.0 4.0],2.434934667057823,False,True,21.12536632504694,2,59.99785047027138,2752.224,in_progress,0.0,0
396,132.0,-0.45316765962479877,-2.1910987261332204,174.03509134706346,4.295726346690159,2.501327633972885,[4.295726346690159 2.501327633972885],2.607980321830131,False,True,21.334923161303053,3,59.99785047027138,2752.289,in_progress,0.0,0
396,133.0,-0.578991145016116,-2.1969011230335918,178.03378546582007,25.61775432299099,2.9811756919577452,[25.61775432299099 2.9811756919577452],2.212673754438375,False,True,21.54463840650571,3,59.99785047027138,2752.363,in_progress,0.0,0
396,134.0,-0.7411399836610989,-2.226684834253244,-174.51693126793273,12.079347354689062,4.0,[12.079347354689062 4.0],3.0906175221170176,False,True,21.814817562888663,3,59.99785047027138,2752.411,in_progress,0.0,0
396,135.0,-0.8531931113172174,-2.261390774416183,-168.67521694713233,-11.975627750071173,4.0,[-11.975627750071173 4.0],3.102485551918344,False,True,22.0015335936135,4,59.99785047027138,2752.489,in_progress,0.0,0
396,136.0,-1.0259967520964424,-2.318696864917173,-161.62318492327373,0.060783685024446754,3.8597669189622703,[0.060783685024446754 3.8597669189622703],2.8242679718825783,False,True,22.28961637988091,4,59.99785047027138,2752.56,in_progress,0.0,0
396,137.0,-1.194783742747612,-2.3802093536810465,-157.3918091135694,-30.0,0.5,[-30.0 0.5],1.5349117947893398,False,True,22.570916859610747,5,59.99785047027138,2752.62,in_progress,0.0,0
396,138.0,-1.341371996069553,-2.4398153632382424,-152.3741728211005,-24.03062385213532,2.4263496829480395,[-24.03062385213532 2.4263496829480395],1.7918393728683153,False,True,22.81572256818346,5,59.99785047027138,2752.686,in_progress,0.0,0
396,139.0,-1.4965504403815488,-2.4986852588002493,-150.46160860623283,30.0,3.868158303592885,[30.0 3.868158303592885],2.092171846237036,False,True,23.07445324657303,6,59.99785047027138,2752.751,in_progress,0.0,0
396,140.0,-1.6515012613270035,-2.558173343899996,-151.13319397988346,30.0,0.7203698039597017,[30.0 0.7203698039597017],1.3304472595459875,False,True,23.33247059651545,6,59.99785047027138,2752.828,in_progress,0.0,0
396,141.0,-1.8063911608204921,-2.640674752736127,-148.0120467775182,5.755427192437814,0.5,[5.755427192437814 0.5],0.8389645055946222,False,False,23.59068510780918,7,59.99785047027138,2752.89,in_progress,0.0,0
396,142.0,-1.9279262113488702,-2.7143323792908247,-147.13450617779569,-16.40308475328094,3.137943152727035,[-16.40308475328094 3.137943152727035],0.6754993314062614,False,False,23.79221783031906,7,59.99785047027138,2752.951,in_progress,0.0,0
396,143.0,-2.0315165719781643,-2.775489847203218,-148.28066998822504,-7.611813425393521,4.0,[-7.611813425393521 4.0],0.8487530966461447,False,False,23.964793317067617,8,59.99785047027138,2753.012,in_progress,0.0,0
396,144.0,-2.1626886780341232,-2.8367489434093867,-151.64022688249395,24.75967185405544,1.6388461615691248,[24.75967185405544 1.6388461615691248],0.6838047827249544,True,False,24.183339876858142,8,59.99785047027138,2753.093,off_track,0.0,0
397,1.0,8.85302010003089,-1.2124488667686724,-114.15757800907835,-6.791966106420588,1.5670637871732211,[-6.791966106420588 1.5670637871732211],0.0,False,True,0.23333278396254764,225,59.99785047027138,2753.204,prepare,0.0,0
397,2.0,8.853040526606408,-1.2124578067322853,-114.1479259361538,17.8525485882125,1.6258678750016984,[17.8525485882125 1.6258678750016984],0.6254057293106863,False,True,0.23333079296654624,225,59.99785047027138,2753.292,in_progress,0.0,0
397,3.0,8.85057364008413,-1.2213020215136448,-113.93835747294975,-18.13875663574109,0.5,[-18.13875663574109 0.5],0.3107304068790836,False,True,0.2483468839571401,225,59.99785047027138,2753.351,in_progress,0.0,0
397,4.0,8.845477223321826,-1.2364125607148113,-113.39073702672798,-30.0,1.3061803786403194,[-30.0 1.3061803786403194],0.4848728087049938,False,True,0.274662688832239,225,59.99785047027138,2753.422,in_progress,0.0,0
397,5.0,8.825275193751935,-1.2600593849973276,-115.62527437876054,-29.605445278589084,0.5,[-29.605445278589084 0.5],0.2916020403108315,False,True,0.32500386422505967,225,59.99785047027138,2753.488,in_progress,0.0,0
397,6.0,8.79762034800855,-1.2900354508230032,-118.39107374387115,-30.0,2.7366476383395097,[-30.0 2.7366476383395097],0.836134105057484,False,True,0.3903515867512475,226,59.99785047027138,2753.573,in_progress,0.0,0
397,7.0,8.753397277010139,-1.3265784656594497,-123.3348777175624,-30.0,3.607993152401335,[-30.0 3.607993152401335],1.0608967393360196,False,True,0.4778881930384782,226,59.99785047027138,2753.61,in_progress,0.0,0
397,8.0,8.727180511330486,-1.3462184677925284,-126.05523950573739,-30.0,1.283146120171836,[-30.0 1.283146120171836],0.5061776248098573,False,True,0.5386482499147194,226,59.99785047027138,2753.693,in_progress,0.0,0
397,9.0,8.65619397537719,-1.386974835498037,-133.43714429178002,-30.0,0.5,[-30.0 0.5],0.34239571233267535,False,True,0.6618920009901053,227,59.99785047027138,2753.755,in_progress,0.0,0
397,10.0,8.595153599548652,-1.4103735334305667,-140.00900476563058,-28.794417370575296,0.5,[-28.794417370575296 0.5],0.3235439999961685,False,True,0.7519154929442551,227,59.99785047027138,2753.826,in_progress,0.0,0
397,11.0,8.535636308899257,-1.4255107614618818,-146.63776813840775,24.88045175858784,0.5,[24.88045175858784 0.5],0.33664802154731,False,True,0.8585152331337498,227,59.99785047027138,2753.889,in_progress,0.0,0
397,12.0,8.491893130043275,-1.43837635594365,-149.86152832386395,-30.0,0.5,[-30.0 0.5],0.3379473561657,False,True,0.9225764726507157,228,59.99785047027138,2753.954,in_progress,0.0,0
397,13.0,8.446557397004506,-1.4528880130731037,-152.27929424462602,30.0,3.3024388079923677,[30.0 3.3024388079923677],0.9568868910185903,False,True,0.990449921880765,228,59.99785047027138,2754.024,in_progress,0.0,0
397,14.0,8.39341539475397,-1.4674132097977437,-154.8704589052547,9.645510831887066,2.0642891908966257,[9.645510831887066 2.0642891908966257],0.7894170309995305,False,True,1.0933789331014965,228,59.99785047027138,2754.09,in_progress,0.0,0
397,15.0,8.341890029774381,-1.4988545254009056,-153.5382481482591,15.746888818892302,1.1897106744337678,[15.746888818892302 1.1897106744337678],0.46425643361356883,False,True,1.19112788803587,229,59.99785047027138,2754.161,in_progress,0.0,0
397,16.0,8.286275041805114,-1.551313079947142,-148.6549794103225,10.139704412509289,0.9888612066942175,[10.139704412509289 0.9888612066942175],0.5555183839988934,False,True,1.361338285592406,229,59.99785047027138,2754.235,in_progress,0.0,0
397,17.0,8.234089453637754,-1.608541953599541,-143.85347536807325,-24.092797199202245,2.300620137669139,[-24.092797199202245 2.300620137669139],0.718222666394629,False,True,1.489030608812314,230,59.99785047027138,2754.272,in_progress,0.0,0
397,18.0,8.203584599159615,-1.6414891649214103,-141.819155216467,-30.0,1.6752958814942889,[-30.0 1.6752958814942889],0.6050609179237241,False,True,1.6234281933140693,230,59.99785047027138,2754.368,in_progress,0.0,0
397,19.0,8.098319944512447,-1.7107639043010532,-143.9695059996004,-30.0,0.5,[-30.0 0.5],0.43647719703419385,False,True,1.8549840740579193,231,59.99785047027138,2754.4,in_progress,0.0,0
397,20.0,8.048769386849786,-1.7309618688031325,-147.10280685746676,-30.0,3.1099694806969187,[-30.0 3.1099694806969187],0.9219049138423373,False,True,1.9438677073339572,231,59.99785047027138,2754.494,in_progress,0.0,0
397,21.0,7.92492063678806,-1.7626398397748932,-155.59988168855534,-30.0,3.840260121819644,[-30.0 3.840260121819644],1.0983707067834758,False,True,2.215552138179888,232,59.99785047027138,2754.542,in_progress,0.0,0
397,22.0,7.8476465039540235,-1.769678811333455,-161.54390521646116,11.897640886533033,0.5,[11.897640886533033 0.5],0.5475005604326356,False,True,2.3415693710724383,233,59.99785047027138,2754.633,in_progress,0.0,0
397,23.0,7.720924806411878,-1.7778449645404997,-170.2940683000219,-30.0,0.7519344181401115,[-30.0 0.7519344181401115],0.5104210685361467,False,True,2.5716727493437452,234,59.99785047027138,2754.675,in_progress,0.0,0
397,24.0,7.66729084991314,-1.7866899188044614,-170.68466950115544,-9.323369939015652,2.092652250483974,[-9.323369939015652 2.092652250483974],0.9861726134550972,False,True,2.7235855931417863,234,59.99785047027138,2754.761,in_progress,0.0,0
397,25.0,7.547896476635601,-1.7946318701645476,-173.10961278784063,-17.79738954268478,1.8315479128903611,[-17.79738954268478 1.8315479128903611],0.7529734241888507,False,True,2.922459267988442,235,59.99785047027138,2754.829,in_progress,0.0,0
397,26.0,7.442321004657814,-1.7897766596072626,-176.84106456996273,30.0,4.0,[30.0 4.0],1.2007639606521172,False,True,3.1093755567836667,235,59.99785047027138,2754.882,in_progress,0.0,0
397,27.0,7.353262174698672,-1.7821126786841495,-179.66133493434148,19.260709908603708,0.5,[19.260709908603708 0.5],0.5092421789886544,False,True,3.255335514682478,236,59.99785047027138,2754.96,in_progress,0.0,0
397,28.0,7.230545649379446,-1.8002578373292712,-175.58601243371055,3.2297058881251814,1.5187048090658213,[3.2297058881251814 1.5187048090658213],0.9160851648276946,False,True,3.495698857140661,236,59.99785047027138,2754.993,in_progress,0.0,0
397,29.0,7.175340409335464,-1.8150071767736358,-173.06935885435405,3.3621303097334305,1.1707695593042324,[3.3621303097334305 1.1707695593042324],0.8310337212919923,False,True,3.588942209772894,236,59.99785047027138,2755.079,in_progress,0.0,0
397,30.0,7.067454489392012,-1.85327228382052,-167.77310222509757,-14.566029143464096,1.8063309340127622,[-14.566029143464096 1.8063309340127622],1.0052216368025328,False,True,3.772045275226288,237,59.99785047027138,2755.148,in_progress,0.0,0
397,31.0,6.989923781250636,-1.8768971839203998,-166.44750776799165,-29.9193161056939,4.0,[-29.9193161056939 4.0],1.2488758753013056,False,True,3.903268480880917,237,59.99785047027138,2755.22,in_progress,0.0,0
397,32.0,6.877327576886463,-1.8987052909582323,-167.65626696845425,-27.97499087572576,2.842986571835792,[-27.97499087572576 2.842986571835792],1.0308408124405648,False,True,4.100547160328604,237,59.99785047027138,2755.284,in_progress,0.0,0
397,33.0,6.763008467095274,-1.901984151514534,-172.2311056924035,-30.0,3.3915792792865505,[-30.0 3.3915792792865505],1.1528673054056575,False,True,4.291156724639311,238,59.99785047027138,2755.346,in_progress,0.0,0
397,34.0,6.641835671371007,-1.890771030268207,-178.16492525876015,18.629887396118797,1.7810672747918386,[18.629887396118797 1.7810672747918386],0.8444557858691578,False,True,4.496968837336224,238,59.99785047027138,2755.416,in_progress,0.0,0
397,35.0,6.515486729376187,-1.8737809921460735,176.39176177657484,19.030223699180013,0.5,[19.030223699180013 0.5],0.6020492040371578,False,True,4.7067112878483535,238,59.99785047027138,2755.494,in_progress,0.0,0
397,36.0,6.37938280402331,-1.8760258585501004,178.0550346082338,-18.94389328688139,0.5,[-18.94389328688139 0.5],0.617358910221174,False,True,4.933577236645215,239,59.99785047027138,2755.534,in_progress,0.0,0
397,37.0,6.323892611545142,-1.8817503059985736,-179.87757462023143,22.15504077121671,0.5,[22.15504077121671 0.5],0.6192669094379624,False,True,5.033709836388411,239,59.99785047027138,2755.621,in_progress,0.0,0
397,38.0,6.201778741361854,-1.8894310005730386,-178.3123171201907,20.899927497215458,0.5619348929806095,[20.899927497215458 0.5619348929806095],0.644182147190866,False,True,5.237376660402782,239,59.99785047027138,2755.69,in_progress,0.0,0
397,39.0,6.133186941196559,-1.9019291295385377,-175.85941523281028,12.65450923625108,0.5,[12.65450923625108 0.5],0.7939921728115,False,True,5.351937382492,240,59.99785047027138,2755.763,in_progress,0.0,0
397,40.0,6.072593875848951,-1.9248718051981748,-171.6076335561428,30.0,0.5,[30.0 0.5],0.6373566504997249,False,True,5.453371948140773,240,59.99785047027138,2755.811,in_progress,0.0,0
397,41.0,6.037192102352136,-1.9405004094578333,-169.1976655862461,-22.418246309852282,2.120278446321393,[-22.418246309852282 2.120278446321393],0.9595730904575905,False,True,5.512679129931152,240,59.99785047027138,2755.89,in_progress,0.0,0
397,42.0,5.977540091419622,-1.9584811127161041,-167.89945969019576,-24.34902116953086,4.0,[-24.34902116953086 4.0],1.4719603752059258,False,True,5.616570197231862,240,59.99785047027138,2755.962,in_progress,0.0,0
397,43.0,5.897508803229177,-1.958502962844842,-171.79120245691115,-30.0,3.8689395423581248,[-30.0 3.8689395423581248],1.4491625872896723,False,True,5.749960461258508,240,59.99785047027138,2756.001,in_progress,0.0,0
397,44.0,5.841663116476366,-1.948102281236504,-176.1932718934842,26.139981451671808,0.5,[26.139981451671808 0.5],0.7098849071880037,False,True,5.843034810272762,241,59.99785047027138,2756.095,in_progress,0.0,0
397,45.0,5.743652939695275,-1.9271873269260693,176.23334387558094,25.486609625063792,1.0029515131438236,[25.486609625063792 1.0029515131438236],0.7542219096167122,False,True,6.006380641850373,241,59.99785047027138,2756.158,in_progress,0.0,0
397,46.0,5.68355452030136,-1.9251768726353893,176.391393042272,30.0,0.5,[30.0 0.5],0.6563071557384159,False,True,6.1089804485293335,241,59.99785047027138,2756.216,in_progress,0.0,0
397,47.0,5.623478290621536,-1.9351897596709315,179.75520434261838,-14.592054291354444,3.7348534631562753,[-14.592054291354444 3.7348534631562753],1.6322277250807042,False,True,6.209016527036759,241,59.99785047027138,2756.286,in_progress,0.0,0
397,48.0,5.552926438000239,-1.9480184213044165,-177.49229404841995,-7.367874290568722,2.479893435308056,[-7.367874290568722 2.479893435308056],1.4559969117404012,False,True,6.326486177565238,242,59.99785047027138,2756.356,in_progress,0.0,0
397,49.0,5.471758546313665,-1.9451854273703906,-178.78031799762212,30.0,1.19132276704399,[30.0 1.19132276704399],0.8875927702501278,False,True,6.461795056822828,242,59.99785047027138,2756.424,in_progress,0.0,0
397,50.0,5.383771229284871,-1.9445579619449624,-179.44835222247477,-28.88847849908221,0.5576934402542776,[-28.88847849908221 0.5576934402542776],0.7553115527618166,False,True,6.605972315970443,242,59.99785047027138,2756.488,in_progress,0.0,0
397,51.0,5.304319094965646,-1.9517741188638156,-177.373756452588,2.4810918970730285,1.4492825849406181,[2.4810918970730285 1.4492825849406181],1.1967949734940455,False,True,6.738408710558364,242,59.99785047027138,2756.557,in_progress,0.0,0
397,52.0,5.229233737685991,-1.9566544931725498,-176.87704612382592,-7.2220158983038765,0.5,[-7.2220158983038765 0.5],0.9423499073193209,False,True,6.863563167807563,243,59.99785047027138,2756.61,in_progress,0.0,0
397,53.0,5.176151604811196,-1.9586571494467457,-176.92085359545626,-2.300626353673646,0.5,[-2.300626353673646 0.5],0.9447090548004757,False,True,6.95203970641558,243,59.99785047027138,2756.682,in_progress,0.0,0
397,54.0,5.109360234929767,-1.9537161934139533,-178.84781683000662,-15.419849661900278,1.4650097062890444,[-15.419849661900278 1.4650097062890444],0.9721307704019868,False,True,7.063354728460835,243,59.99785047027138,2756.752,in_progress,0.0,0
397,55.0,5.030719165909668,-1.9402185727299692,177.76822481705136,-13.97957262481303,0.5,[-13.97957262481303 0.5],0.8700792808795061,False,True,7.1938689188366105,243,59.99785047027138,2756.817,in_progress,0.0,0
397,56.0,4.967449324328917,-1.9188389615899812,173.3493884154153,1.3998025565130199,2.019363022306709,[1.3998025565130199 2.019363022306709],1.253973146863454,False,True,7.299238684332698,243,59.99785047027138,2756.884,in_progress,0.0,0
397,57.0,4.889628327968733,-1.896066554490437,170.46075268232343,30.0,1.9178982985499475,[30.0 1.9178982985499475],0.9881348164644795,False,True,7.428855739779749,244,59.99785047027138,2756.947,in_progress,0.0,0
397,58.0,4.817728073006655,-1.8884403567678683,171.44364401019803,30.0,1.091111223287665,[30.0 1.091111223287665],0.8272330781446892,False,True,7.548663692382817,244,59.99785047027138,2757.013,in_progress,0.0,0
397,59.0,4.725576414669047,-1.893337907142469,175.4118208963687,30.0,0.5,[30.0 0.5],0.7162754550963606,False,True,7.703443188704506,244,59.99785047027138,2757.084,in_progress,0.0,0
397,60.0,4.65733107696657,-1.906397576002605,179.740531523228,-8.617398605904608,0.5,[-8.617398605904608 0.5],0.9003110651156446,False,True,7.817185945794103,244,59.99785047027138,2757.149,in_progress,0.0,0
397,61.0,4.58405820456025,-1.9219816406025674,-176.66826507499752,24.41759952745538,3.144049278911064,[24.41759952745538 3.144049278911064],1.2537101913510444,False,True,7.939307542063023,245,59.99785047027138,2757.22,in_progress,0.0,0
397,62.0,4.5162415206168545,-1.9331181102384596,-174.82771505618703,-15.899379700476482,2.8314082805989598,[-15.899379700476482 2.8314082805989598],1.1951307823778228,False,True,8.05233637281625,245,59.99785047027138,2757.281,in_progress,0.0,0
397,63.0,4.43603292741215,-1.9474961330012452,-173.19109323471636,-8.18329661900141,0.5,[-8.18329661900141 0.5],1.0098520017568526,False,True,8.186294444639087,245,59.99785047027138,2757.355,in_progress,0.0,0
397,64.0,4.349795513675322,-1.9490945234015356,-174.5441098378441,-23.23585910753836,2.229380218203328,[-23.23585910753836 2.229380218203328],1.1953120161999864,False,True,8.330026169580274,245,59.99785047027138,2757.423,in_progress,0.0,0
397,65.0,4.268652966419831,-1.9400402420842024,-178.33581809294085,30.0,1.6369035541765875,[30.0 1.6369035541765875],0.9738204328961899,False,True,8.465282074606662,246,59.99785047027138,2757.487,in_progress,0.0,0
397,66.0,4.181377576422577,-1.9271698786487972,178.30152783698063,26.180727687301733,2.2245615343821967,[26.180727687301733 2.2245615343821967],1.0977882545103066,False,True,8.610765451076595,246,59.99785047027138,2757.549,in_progress,0.0,0
397,67.0,4.0885654778809375,-1.9317759050741088,179.91197174353266,2.192439133629861,1.9893618540472229,[2.192439133629861 1.9893618540472229],1.32230173985878,False,True,8.765213561186602,246,59.99785047027138,2757.616,in_progress,0.0,0
397,68.0,3.98520134599183,-1.9444125593322608,-177.41403995769608,-17.552062854578843,3.1720214506445794,[-17.552062854578843 3.1720214506445794],1.30277286982969,False,True,8.937486821580121,246,59.99785047027138,2757.683,in_progress,0.0,0
397,69.0,3.8728701214566836,-1.9494411646825858,-177.5496065935651,3.559559726129663,2.7462438793860056,[3.559559726129663 2.7462438793860056],1.6872409819423575,False,True,9.124709658431385,247,59.99785047027138,2757.757,in_progress,0.0,0
397,70.0,3.7264147805418237,-1.956851773792412,-177.18741299785898,-5.776304157662484,4.0,[-5.776304157662484 4.0],2.0507133797431876,False,True,9.36858431114036,247,59.99785047027138,2757.822,in_progress,0.0,0
397,71.0,3.5879051390032446,-1.9691142586339385,-176.05579150244287,-27.96403954156737,2.086880760414651,[-27.96403954156737 2.086880760414651],1.2334692666078075,False,True,9.59944833863534,248,59.99785047027138,2757.888,in_progress,0.0,0
397,72.0,3.440384761388473,-1.971875083197853,-177.3724403803715,30.0,3.5302430917276344,[30.0 3.5302430917276344],1.565893621383342,False,True,9.845271754586149,248,59.99785047027138,2757.953,in_progress,0.0,0
397,73.0,3.2852575942162083,-1.974309011037216,-178.10135664205865,-16.008741799472403,0.7449255276329404,[-16.008741799472403 0.7449255276329404],0.9689129536607347,False,True,10.103828185385023,249,59.99785047027138,2758.019,in_progress,0.0,0
397,74.0,3.143628598685334,-1.9880161018578664,-176.27755715022744,30.0,0.5,[30.0 0.5],0.9289340769349407,False,True,10.340076728976522,249,59.99785047027138,2758.091,in_progress,0.0,0
397,75.0,2.999982273580956,-1.998939784231401,-175.90823235609452,30.0,0.5,[30.0 0.5],0.9429959310472356,False,True,10.579493776669436,250,59.99785047027138,2758.155,in_progress,0.0,0
397,76.0,2.875530829623689,-2.018652534290437,-173.6270686311154,22.745414219436277,0.5,[22.745414219436277 0.5],0.9544685793702714,False,True,10.787007400715144,250,59.99785047027138,2758.22,in_progress,0.0,0
397,77.0,2.7771954960932064,-2.0359434112648835,-172.30112133019458,-22.280343128813968,1.0580741280896553,[-22.280343128813968 1.0580741280896553],1.0852611338269516,False,True,10.950892029065173,250,59.99785047027138,2758.287,in_progress,0.0,0
397,78.0,2.6796818777355136,-2.0516321196257095,-171.7367375819092,-30.0,0.6697905477159863,[-30.0 0.6697905477159863],1.0077286716626193,False,True,11.113408329307239,251,59.99785047027138,2758.361,in_progress,0.0,0
397,79.0,2.5863447013150247,-2.057185287620047,-173.47323587109236,-8.129617516012402,0.5,[-8.129617516012402 0.5],1.2221385095068382,False,True,11.268971527343774,251,59.99785047027138,2758.411,in_progress,0.0,0
397,80.0,2.530388674871723,-2.0590605713009595,-174.50471306024474,-9.555231197615303,4.0,[-9.555231197615303 4.0],2.18781804176239,False,True,11.362122679916641,251,59.99785047027138,2758.488,in_progress,0.0,0
397,81.0,2.443804899574764,-2.060597837745865,-176.11240083146947,30.0,0.5,[30.0 0.5],0.986734175426769,False,True,11.506434440620206,251,59.99785047027138,2758.541,in_progress,0.0,0
397,82.0,2.376765584169392,-2.0608661024552624,-178.12537448957673,-9.624931447508242,0.5,[-9.624931447508242 0.5],1.2384266561077006,False,True,11.618170687468421,252,59.99785047027138,2758.623,in_progress,0.0,0
397,83.0,2.307493058984292,-2.0642226049413077,-177.98750021512078,-5.886129389176432,2.3942611135816994,[-5.886129389176432 2.3942611135816994],1.7647354623063092,False,True,11.733629685605141,252,59.99785047027138,2758.689,in_progress,0.0,0
397,84.0,2.23882573437675,-2.0597188387020857,-179.56590440194543,9.04890122818297,2.6820063567455477,[9.04890122818297 2.6820063567455477],1.8491749044574828,False,True,11.848021102189199,252,59.99785047027138,2758.757,in_progress,0.0,0
397,85.0,2.1551060593185323,-2.0598702465264154,-179.66496922421854,11.103883733752006,2.274407917376501,[11.103883733752006 2.274407917376501],1.7447656501129822,False,True,11.987558986769887,252,59.99785047027138,2758.817,in_progress,0.0,0
397,86.0,2.069828272459169,-2.0720653102665167,-177.11459916020252,25.20557522592791,3.1044660717952564,[25.20557522592791 3.1044660717952564],1.5847631590550197,False,True,12.129702260919217,253,59.99785047027138,2758.889,in_progress,0.0,0
397,87.0,1.9556439683644893,-2.102787193938422,-171.8024993806451,30.0,0.8685998432132711,[30.0 0.8685998432132711],1.2030270118162714,False,True,12.3200377746576,253,59.99785047027138,2758.955,in_progress,0.0,0
397,88.0,1.8677554294815717,-2.140977297562304,-165.37330312487398,-8.461338840245112,0.6891266143285033,[-8.461338840245112 0.6891266143285033],1.458999282995645,False,True,12.466583398662346,253,59.99785047027138,2759.023,in_progress,0.0,0
397,89.0,1.7775765633249183,-2.1835756814131813,-159.5134675515842,4.1525958644427305,0.5,[4.1525958644427305 0.5],1.41168734111317,False,True,12.616873411131701,253,59.99785047027138,2759.094,in_progress,0.0,0
397,90.0,1.7035647894374817,-2.208742759118388,-159.34715905330316,-30.0,3.3880980058106283,[-30.0 3.3880980058106283],1.8278812687109611,False,True,12.740222820887602,254,59.99785047027138,2759.163,in_progress,0.0,0
397,91.0,1.6308140440567662,-2.233744600079131,-160.06237260026126,-30.0,0.8030972346109546,[-30.0 0.8030972346109546],1.2127138658775671,False,True,12.861470493493188,254,59.99785047027138,2759.232,in_progress,0.0,0
397,92.0,1.5546565359673232,-2.2503722085713544,-162.2735428265166,-30.0,1.4442690642263756,[-30.0 1.4442690642263756],1.3722876043327576,False,True,12.98837985966963,254,59.99785047027138,2759.263,in_progress,0.0,0
397,93.0,1.5151664509098621,-2.254452165250357,-164.20367703426663,-23.76846880359421,4.0,[-23.76846880359421 4.0],1.986559810436839,False,True,13.05419672362863,254,59.99785047027138,2759.362,in_progress,0.0,0
397,94.0,1.4004252650003615,-2.2473084202557385,-172.31387370311563,-17.53608780487061,4.0,[-17.53608780487061 4.0],1.9973273175479886,False,True,13.245442898798244,255,59.99785047027138,2759.422,in_progress,0.0,0
397,95.0,1.3175863760106024,-2.2263867579821213,-179.612144494233,1.5257919802307427,1.1617669579565317,[1.5257919802307427 1.1617669579565317],1.6534237202785926,False,True,13.383524439914185,255,59.99785047027138,2759.488,in_progress,0.0,0
397,96.0,1.220470459864099,-2.19796984637442,172.80490212321646,27.78309673212845,2.348017546070602,[27.78309673212845 2.348017546070602],1.6158785209019868,False,True,13.54543100517106,255,59.99785047027138,2759.555,in_progress,0.0,0
397,97.0,1.1240448424253842,-2.177516564138088,170.2051404930346,-7.892417517092277,3.779765822429325,[-7.892417517092277 3.779765822429325],2.459788740970082,False,True,13.706137282241126,256,59.99785047027138,2759.627,in_progress,0.0,0
397,98.0,1.0164040856027428,-2.15860812968578,169.8634781866104,20.325199180076233,4.0,[20.325199180076233 4.0],2.0304486547292995,False,True,13.885536794837606,256,59.99785047027138,2759.693,in_progress,0.0,0
397,99.0,0.8939932011687568,-2.1339532486253057,169.3845347070677,6.748750018596198,3.098742891002232,[6.748750018596198 3.098742891002232],2.2822196307087106,False,True,14.089549618833763,256,59.99785047027138,2759.764,in_progress,0.0,0
397,100.0,0.7539289915363414,-2.118411183667125,171.52932588376993,-1.404817486845996,3.187595834755397,[-1.404817486845996 3.187595834755397],2.3261806451701568,False,True,14.322990824958314,257,59.99785047027138,2759.804,in_progress,0.0,0
397,101.0,0.6661822106520496,-2.1102882710641375,172.5884557151032,29.923383604554694,1.9131401672277957,[29.923383604554694 1.9131401672277957],1.562220161329356,False,True,14.469236774930284,257,59.99785047027138,2759.894,in_progress,0.0,0
397,102.0,0.4730844874576954,-2.0990137342789077,175.1947593693792,27.399832510708293,4.0,[27.399832510708293 4.0],2.0835536359869287,False,True,14.791158551463912,258,59.99785047027138,2759.936,in_progress,0.0,0
397,103.0,0.38926152126193114,-2.100110285426905,177.02938357210908,30.0,0.5,[30.0 0.5],1.250151835290029,False,True,14.93086774265282,258,59.99785047027138,2760.007,in_progress,0.0,0
397,104.0,0.2112851647940334,-2.1119126745869274,-178.88487099437577,-6.612718200632223,2.462398916129012,[-6.612718200632223 2.462398916129012],2.1744535039954345,False,True,15.227480006207756,0,59.99785047027138,2760.083,in_progress,0.0,0
397,105.0,0.09651105725278461,-2.12002150166983,-177.66243916339445,30.0,4.0,[30.0 4.0],2.119026321162177,False,True,15.418773850802054,1,59.99785047027138,2760.144,in_progress,0.0,0
397,106.0,-0.05149742621104822,-2.1335564519377477,-175.28066332122927,30.0,4.0,[30.0 4.0],2.1335876347256377,False,True,15.665403806841724,1,59.99785047027138,2760.221,in_progress,0.0,0
397,107.0,-0.20269972254795487,-2.166605295546092,-171.07360071042447,-17.149816096714304,4.0,[-17.149816096714304 4.0],2.1485028788121485,False,True,15.917449269805559,2,59.99785047027138,2760.292,in_progress,0.0,0
397,108.0,-0.3793152751868784,-2.2048931698974052,-169.44641191286624,-28.005600103637295,1.7794947752202657,[-28.005600103637295 1.7794947752202657],1.6335963044254829,False,True,16.211836028428934,2,59.99785047027138,2760.361,in_progress,0.0,0
397,109.0,-0.565822409426484,-2.226945079280232,-171.69496837950967,-21.779323770779417,3.5482710505101265,[-21.779323770779417 3.5482710505101265],2.077268957677251,False,True,16.522699707234096,3,59.99785047027138,2760.41,in_progress,0.0,0
397,110.0,-0.6565518936130159,-2.2350846911494555,-172.81114531179804,-15.552091172174519,2.0525289277839764,[-15.552091172174519 2.0525289277839764],1.7255684325434109,False,True,16.673821317757486,3,59.99785047027138,2760.503,in_progress,0.0,0
397,111.0,-0.8609566335380967,-2.2324342531723627,-178.4041446398402,8.675322599154548,1.7429646952863318,[8.675322599154548 1.7429646952863318],2.0906551093797137,False,True,17.014511481483254,4,59.99785047027138,2760.519,in_progress,0.0,0
397,112.0,-0.9251164052649441,-2.2297946714046954,-179.73349725403145,-30.0,1.573407691127211,[-30.0 1.573407691127211],1.6358213448590768,False,True,17.12150715145782,4,59.99785047027138,2760.62,in_progress,0.0,0
397,113.0,-1.1187375740922967,-2.222277228320882,178.52733742453367,-30.0,0.5,[-30.0 0.5],1.3980188823270125,False,True,17.444223250153186,5,59.99785047027138,2760.697,in_progress,0.0,0
397,114.0,-1.2540588290935522,-2.212494626199729,177.33446857439333,-13.825267166671583,1.4763060084526094,[-13.825267166671583 1.4763060084526094],2.056225469412829,False,True,17.669844922939077,5,59.99785047027138,2760.738,in_progress,0.0,0
397,115.0,-1.3241397399692159,-2.2055271385784403,176.51700164662896,-30.0,2.250585961593615,[-30.0 2.250585961593615],1.835498676420276,False,True,17.786639831200972,5,59.99785047027138,2760.818,in_progress,0.0,0
397,116.0,-1.4619622680271411,-2.1765082833487477,172.2970279710602,27.99239798572866,0.5,[27.99239798572866 0.5],1.428261093101906,False,True,18.016307426191503,6,59.99785047027138,2760.894,in_progress,0.0,0
397,117.0,-1.5781063275789466,-2.138892041030533,166.310794778351,30.0,2.020538703280117,[30.0 2.020538703280117],1.8034465751187936,False,True,18.20985952564662,6,59.99785047027138,2760.963,in_progress,0.0,0
397,118.0,-1.6872605592254977,-2.1153911472851417,165.92278768121483,30.0,2.293178344944514,[30.0 2.293178344944514],1.878279792702207,False,True,18.391773952507833,6,59.99785047027138,2761.022,in_progress,0.0,0
397,119.0,-1.7983101213234447,-2.109627066426576,170.45894001947497,4.9482354121345224,2.958102217633954,[4.9482354121345224 2.958102217633954],2.559348002082782,False,True,18.576859297695506,7,59.99785047027138,2761.084,in_progress,0.0,0
397,120.0,-1.9230211040024596,-2.1090498496403973,174.54611196294073,25.45818984640013,1.882738877103391,[25.45818984640013 1.882738877103391],1.800640355091331,False,True,18.784846451999144,7,59.99785047027138,2761.147,in_progress,0.0,0
397,121.0,-2.0508337178668725,-2.1119424386753707,177.70362682160945,-6.172980938905777,3.8535299664221805,[-6.172980938905777 3.8535299664221805],2.856524182279984,False,True,18.997871196621446,8,59.99785047027138,2761.219,in_progress,0.0,0
397,122.0,-2.198824809756757,-2.114678359304143,179.2061403241405,15.390685284664563,0.5,[15.390685284664563 0.5],1.494343779923703,False,True,19.244567956581903,8,59.99785047027138,2761.288,in_progress,0.0,0
397,123.0,-2.336843579602047,-2.108735858380281,176.5275571125626,12.434986620252154,0.5,[12.434986620252154 0.5],1.883869328025983,False,True,19.474619264059953,8,59.99785047027138,2761.361,in_progress,0.0,0
397,124.0,-2.469441750435906,-2.1133657781210955,177.57361367528515,30.0,1.6482683958823259,[30.0 1.6482683958823259],1.7947608805476483,False,True,19.69561466125971,9,59.99785047027138,2761.42,in_progress,0.0,0
397,125.0,-2.5804583274746755,-2.128777186667847,-178.1937733990486,17.182496688550735,1.4183164680559632,[17.182496688550735 1.4183164680559632],1.7490715180068788,False,True,19.880501934907528,9,59.99785047027138,2761.49,in_progress,0.0,0
397,126.0,-2.6946353121824194,-2.1562091367293834,-173.0387095715671,-30.0,1.2006950042225477,[-30.0 1.2006950042225477],1.7067155391235138,False,True,20.070821049463348,10,59.99785047027138,2761.557,in_progress,0.0,0
397,127.0,-2.7990149903650163,-2.183941995986437,-169.21689850328968,-28.58888879922922,3.346770553208328,[-28.58888879922922 3.346770553208328],2.230484103062798,False,True,20.244810926138996,10,59.99785047027138,2761.626,in_progress,0.0,0
397,128.0,-2.90971491456951,-2.203987229067924,-169.42528239703378,-30.0,0.6772881408865329,[-30.0 0.6772881408865329],1.5992571758051155,False,True,20.429379942351503,10,59.99785047027138,2761.669,in_progress,0.0,0
397,129.0,-2.9746448434412014,-2.2073532934780773,-171.33633414687668,-20.135161538455797,0.7001128287127928,[-20.135161538455797 0.7001128287127928],1.608819256124171,False,True,20.53760778950692,11,59.99785047027138,2761.749,in_progress,0.0,0
397,130.0,-3.093738048716516,-2.2046022118494504,-175.66044811122305,-3.0667388804254614,2.3886913258055116,[-3.0667388804254614 2.3886913258055116],2.530620180286906,False,True,20.736097252480633,11,59.99785047027138,2761.827,in_progress,0.0,0
397,131.0,-3.1865268211437283,-2.1973823830424664,-178.7532770432582,-10.943568419735556,2.0490883497948946,[-10.943568419735556 2.0490883497948946],2.437919120592331,False,True,20.890748721033845,11,59.99785047027138,2761.881,in_progress,0.0,0
397,132.0,-3.2667204876137013,-2.1931116469053498,179.8218643906923,-30.0,0.5,[-30.0 0.5],1.584436219481832,False,True,21.02439736518606,11,59.99785047027138,2761.959,in_progress,0.0,0
397,133.0,-3.372691755908212,-2.1785912971530994,176.7663906692573,-27.804444752092984,2.761225321229587,[-27.804444752092984 2.761225321229587],2.1360040545934953,False,True,21.20098120541074,12,59.99785047027138,2762.025,in_progress,0.0,0
397,134.0,-3.4685263235057144,-2.1535267299830188,172.4387704532208,15.706918132812255,3.0200034175285824,[15.706918132812255 3.0200034175285824],2.205808283715194,False,True,21.360684569831747,12,59.99785047027138,2762.093,in_progress,0.0,0
397,135.0,-3.56908583509335,-2.1265246677115224,169.85699506271288,12.966604565938312,1.519890802380492,[12.966604565938312 1.519890802380492],2.3175296493179833,False,True,21.528272752561364,12,59.99785047027138,2762.157,in_progress,0.0,0
397,136.0,-3.6757977642658317,-2.1164875167524095,171.76684780050525,-30.0,1.851120960926373,[-30.0 1.851120960926373],1.9424670419000032,False,True,21.70612600941638,13,59.99785047027138,2762.22,in_progress,0.0,0
397,137.0,-3.780517664921956,-2.1025994495440345,172.04806903679702,-21.392392552879148,2.1494268467600275,[-21.392392552879148 2.1494268467600275],2.0227333358015875,False,True,21.88006977861184,13,59.99785047027138,2762.283,in_progress,0.0,0
397,138.0,-3.8921821571037274,-2.0725089805126213,168.98912799988867,-10.640608948568616,3.5189292045275593,[-10.640608948568616 3.5189292045275593],2.70519788281097,False,True,22.065914743504692,13,59.99785047027138,2762.36,in_progress,0.0,0
397,139.0,-4.02404129834764,-2.02400635792469,164.32882813981342,14.116105882030112,0.7892539557155354,[14.116105882030112 0.7892539557155354],1.9680291655719053,False,True,22.28525508045624,14,59.99785047027138,2762.395,in_progress,0.0,0
397,140.0,-4.093541296393472,-1.9958920169059746,161.3119764866962,30.0,0.5,[30.0 0.5],1.5147760225715154,False,True,22.396361282517375,14,59.99785047027138,2762.484,in_progress,0.0,0
397,141.0,-4.23739398679956,-1.953566560965832,160.50670613172738,30.0,0.8616259303567724,[30.0 0.8616259303567724],1.6062953181357704,False,True,22.634646839664015,15,59.99785047027138,2762.55,in_progress,0.0,0
397,142.0,-4.338839803746669,-1.934490425324296,163.82662807817462,29.173747074584817,4.0,[29.173747074584817 4.0],2.094830578638518,False,True,22.803050830702958,15,59.99785047027138,2762.622,in_progress,0.0,0
397,143.0,-4.432640049645677,-1.923858384458795,167.37741843307361,30.0,1.4744352227544166,[30.0 1.4744352227544166],1.5962179367664975,False,True,22.964662803804956,15,59.99785047027138,2762.696,in_progress,0.0,0
397,144.0,-4.544576448325715,-1.9326601630368048,174.3316087033027,-6.376823377167398,3.145041903427508,[-6.376823377167398 3.145041903427508],2.422819993507763,False,True,23.15132976189058,16,59.99785047027138,2762.754,in_progress,0.0,0
397,145.0,-4.643467437020172,-1.9441248143497878,179.21886458961328,-2.6244079775198443,0.5,[-2.6244079775198443 0.5],1.7724416155123006,False,True,23.352085035417076,16,59.99785047027138,2762.823,in_progress,0.0,0
397,146.0,-4.747631857015621,-1.9429549565216195,-179.43092419256175,-30.0,2.4232510195954005,[-30.0 2.4232510195954005],1.8097466663714077,False,True,23.525263282668135,17,59.99785047027138,2762.891,in_progress,0.0,0
397,147.0,-4.860794090139525,-1.9351648083002768,178.66260797369867,-30.0,0.5,[-30.0 0.5],1.4345764845373432,False,True,23.74006246532774,18,59.99785047027138,2762.955,in_progress,0.0,0
397,148.0,-4.950054008341371,-1.9128470433624207,173.4107316904177,-30.0,2.549060137231734,[-30.0 2.549060137231734],1.8503708710359428,False,True,23.892735370197343,19,59.99785047027138,2763.027,in_progress,0.0,0
397,149.0,-5.054970416885639,-1.879196065137623,168.57874700592726,-2.4804959030563793,0.6493923673814194,[-2.4804959030563793 0.6493923673814194],1.849786747925702,False,True,24.106266515433532,19,59.99785047027138,2763.091,in_progress,0.0,0
397,150.0,-5.148481368113303,-1.8404403159650669,163.4805610139815,-26.17734491738004,0.5,[-26.17734491738004 0.5],1.4575022681200807,False,True,24.287066645276326,20,59.99785047027138,2763.155,in_progress,0.0,0
397,151.0,-5.228812349811996,-1.808048862622596,161.4712368749254,-30.0,0.5,[-30.0 0.5],1.462956310897716,False,True,24.430348968921322,21,59.99785047027138,2763.222,in_progress,0.0,0
397,152.0,-5.288363177792011,-1.7769636279352599,159.09889649457077,-30.0,0.6427212314209025,[-30.0 0.6427212314209025],1.4994934373399207,False,True,24.61915800839533,22,59.99785047027138,2763.3,in_progress,0.0,0
397,153.0,-5.347874400835888,-1.7404780869761516,156.2187256123182,-21.343346984770385,1.1407323821220294,[-21.343346984770385 1.1407323821220294],1.6041956434833429,False,True,24.756024734471524,22,59.99785047027138,2763.337,in_progress,0.0,0
397,154.0,-5.3752115964912255,-1.7208942889620455,154.55929919973156,-29.455253092993352,0.5,[-29.455253092993352 0.5],1.4766356558643676,False,True,24.811456588253137,22,59.99785047027138,2763.419,in_progress,0.0,0
397,155.0,-5.41641044497087,-1.6699670942154927,147.9884222932113,-6.437835073433483,0.5,[-6.437835073433483 0.5],1.8496255998264892,False,True,24.9112586641604,23,59.99785047027138,2763.489,in_progress,0.0,0
397,156.0,-5.4457473101081995,-1.6313308717256512,143.9684868735331,-6.3935257731247646,1.2780951062735513,[-6.3935257731247646 1.2780951062735513],2.050267575033508,False,True,25.043942521569022,23,59.99785047027138,2763.549,in_progress,0.0,0
397,157.0,-5.4851451601840475,-1.5962329134942377,142.74712762687793,-26.59201899878042,1.8066672236008496,[-26.59201899878042 1.8066672236008496],1.7483052670835222,False,True,25.1309114602534,23,59.99785047027138,2763.625,in_progress,0.0,0
397,158.0,-5.525909524649182,-1.548903858477202,139.7072454662495,-11.071655721089986,4.0,[-11.071655721089986 4.0],1.7432618656092367,False,True,25.31311750062727,24,59.99785047027138,2763.684,in_progress,0.0,0
397,159.0,-5.565818712961225,-1.4895397675885842,135.1128067899975,-6.493305544423915,0.5,[-6.493305544423915 0.5],0.8740938248018989,False,False,25.42818399423706,25,59.99785047027138,2763.76,in_progress,0.0,0
397,160.0,-5.6028059187183334,-1.4217841051994795,129.73551325672727,-30.0,0.8313704956543453,[-30.0 0.8313704956543453],0.7047460405642294,False,False,25.67061369476039,25,59.99785047027138,2763.824,in_progress,0.0,0
397,161.0,-5.629655829610399,-1.364022592062041,125.87181451573993,-30.0,0.5,[-30.0 0.5],0.7063898975946135,False,False,25.773685452776434,26,59.99785047027138,2763.898,in_progress,0.0,0
397,162.0,-5.65147472250869,-1.306424497882282,122.24531190037817,5.743362481127932,0.5,[5.743362481127932 0.5],0.8895096120171803,False,False,26.007186862565092,27,59.99785047027138,2763.939,in_progress,0.0,0
397,163.0,-5.659749651968596,-1.2808063289864082,120.54467706235062,17.468995436570204,1.7081964338258797,[17.468995436570204 1.7081964338258797],0.7116469449982427,False,False,26.05136137939995,27,59.99785047027138,2764.025,in_progress,0.0,0
397,164.0,-5.699109783669603,-1.2177134155519211,121.07480971263404,-17.41797331493283,0.9635671024637316,[-17.41797331493283 0.9635671024637316],0.717197904562898,False,False,26.29725650063959,27,59.99785047027138,2764.1,in_progress,0.0,0
397,165.0,-5.737539748626765,-1.1605511235204542,121.92282081736911,-30.0,0.5,[-30.0 0.5],0.7190530272863058,False,False,26.407699674674063,28,59.99785047027138,2764.164,in_progress,0.0,0
397,166.0,-5.761743324876655,-1.098682460506026,119.12179780352626,16.102567042872117,3.4905470613402385,[16.102567042872117 3.4905470613402385],0.7239030029934082,False,False,26.628150110109942,28,59.99785047027138,2764.199,in_progress,0.0,0
397,167.0,-5.768945256159005,-1.0685241738298739,117.32424145182613,-4.87495168037081,0.5,[-4.87495168037081 0.5],0.9052020326904004,False,False,26.67963885824338,28,59.99785047027138,2764.286,in_progress,0.0,0
397,168.0,-5.790538229253884,-1.0016189017870833,115.21421301111036,6.563528483222136,1.2374644753250235,[6.563528483222136 1.2374644753250235],0.9077089366894637,False,False,26.7952507075143,28,59.99785047027138,2764.356,in_progress,0.0,0
397,169.0,-5.813595724237733,-0.9489101144542059,114.89136696290717,8.21829675672791,1.360711610179957,[8.21829675672791 1.360711610179957],0.909441070191092,False,False,26.887822944780112,29,59.99785047027138,2764.429,in_progress,0.0,0
397,170.0,-5.8478016254532115,-0.889722569259134,116.28706223742722,-30.0,0.5,[-30.0 0.5],0.7293068562704783,False,False,26.993825199621597,29,59.99785047027138,2764.491,in_progress,0.0,0
397,171.0,-5.88239233177585,-0.8346968150129122,117.93123141194663,13.818166544493529,0.8340704714557409,[13.818166544493529 0.8340704714557409],0.9151847285698717,False,False,27.139960916209986,29,59.99785047027138,2764.555,in_progress,0.0,0
397,172.0,-5.918775151740585,-0.78652630258277,120.11137028430784,16.245067104843336,2.227379515243064,[16.245067104843336 2.227379515243064],1.9120908534665995,False,True,27.223646611836017,29,59.99785047027138,2764.631,in_progress,0.0,0
397,173.0,-5.97773762408569,-0.7288307665443976,124.98403372106682,-30.0,0.5,[-30.0 0.5],1.726908390286139,False,True,27.325374894113068,30,59.99785047027138,2764.675,in_progress,0.0,0
397,174.0,-6.0082060481244595,-0.7027407139193113,127.91022126961005,-0.9537459991610149,0.5,[-0.9537459991610149 0.5],2.159098985356939,False,True,27.37174641682509,30,59.99785047027138,2764.76,in_progress,0.0,0
397,175.0,-6.06109574656462,-0.6411631107184815,128.7564890321877,-30.0,1.7947104581238429,[-30.0 1.7947104581238429],2.016117595018087,False,True,27.479343970014256,30,59.99785047027138,2764.825,in_progress,0.0,0
397,176.0,-6.09690616766272,-0.5844451102437722,126.97442938301707,9.084599691925419,3.1136133939737096,[9.084599691925419 3.1136133939737096],2.8867607440533516,False,True,27.57203833876278,30,59.99785047027138,2764.894,in_progress,0.0,0
397,177.0,-6.135094871595889,-0.5144889855653538,124.58348924203126,1.8015026760465815,3.167914028655108,[1.8015026760465815 3.167914028655108],3.17209247296163,False,True,27.69368704880864,30,59.99785047027138,2764.956,in_progress,0.0,0
397,178.0,-6.187569586885572,-0.4423391545135552,125.0795836474702,-30.0,0.5,[-30.0 0.5],1.9030327306642818,False,True,27.82103022915851,31,59.99785047027138,2765.024,in_progress,0.0,0
397,179.0,-6.2410198856879315,-0.37007194839114615,126.41943231383553,-30.0,0.5,[-30.0 0.5],1.908844981827504,False,True,27.95070284105475,31,59.99785047027138,2765.089,in_progress,0.0,0
397,180.0,-6.285042191332143,-0.30297244015630587,125.44211930586198,-30.0,3.4942037921410645,[-30.0 3.4942037921410645],2.6328403220062957,False,True,28.07364155882881,31,59.99785047027138,2765.153,in_progress,0.0,0
397,181.0,-6.319506691943981,-0.23729236381895935,123.19771659760826,16.45458728995964,0.5,[16.45458728995964 0.5],1.9192971305412172,False,True,28.191466749182297,32,59.99785047027138,2765.218,in_progress,0.0,0
397,182.0,-6.34620887805986,-0.17079901077341403,118.95850238618067,-9.784352075748089,1.6320955061909828,[-9.784352075748089 1.6320955061909828],2.7465099641196065,False,True,28.327111120987865,32,59.99785047027138,2765.291,in_progress,0.0,0
397,183.0,-6.376050432661958,-0.10337939427746097,117.32755990751039,27.826739979065387,0.5,[27.826739979065387 0.5],1.9308648948153484,False,True,28.449380178109976,33,59.99785047027138,2765.347,in_progress,0.0,0
397,184.0,-6.408807412449115,-0.04181029375859836,117.48655229889395,17.214301911433203,3.1013406265154244,[17.214301911433203 3.1013406265154244],2.3476979640416586,False,True,28.5806641788988,33,59.99785047027138,2765.424,in_progress,0.0,0
397,185.0,-6.454869247329732,0.02635307285772974,119.50859230026764,-13.012979065257419,0.5,[-13.012979065257419 0.5],2.2283244962178967,False,True,28.743041854880175,34,59.99785047027138,2765.493,in_progress,0.0,0
397,186.0,-6.5046490789229585,0.08899421417892125,122.74183509148226,20.231879386495436,0.5,[20.231879386495436 0.5],1.78819261227624,False,True,28.875783814469713,35,59.99785047027138,2765.546,in_progress,0.0,0
397,187.0,-6.5377294230235865,0.14204197227044565,122.55844329808107,27.89226286314738,2.0369807436449814,[27.89226286314738 2.0369807436449814],2.1314487438896252,False,True,29.001359997625826,36,59.99785047027138,2765.618,in_progress,0.0,0
397,188.0,-6.575412385707175,0.19146537753247025,123.74863482708113,30.0,0.888947068906674,[30.0 0.888947068906674],1.8840050707907061,False,True,29.126920340845558,36,59.99785047027138,2765.684,in_progress,0.0,0
397,189.0,-6.628345597093835,0.24015134801936108,127.51272433286972,30.0,1.8430443043110498,[30.0 1.8430443043110498],2.098704807349924,False,True,29.24678740693487,37,59.99785047027138,2765.749,in_progress,0.0,0
397,190.0,-6.689683442006443,0.27982653851043643,133.11022477604908,-2.7201634209698575,3.096683995751861,[-2.7201634209698575 3.096683995751861],2.9758341937965547,False,True,29.390148796687825,37,59.99785047027138,2765.821,in_progress,0.0,0
397,191.0,-6.766103853127488,0.32907289227522984,137.89950991553224,30.0,4.0,[30.0 4.0],2.5876067926557593,False,True,29.568948790575917,38,59.99785047027138,2765.888,in_progress,0.0,0
397,192.0,-6.853173009830283,0.38548362585159685,141.68764696286956,-26.111363739062178,3.536897392772488,[-26.111363739062178 3.536897392772488],2.494359367518431,False,True,29.755182773440282,39,59.99785047027138,2765.959,in_progress,0.0,0
397,193.0,-6.954960262595773,0.44884993636513487,144.2354485304993,30.0,0.5,[30.0 0.5],2.002346249134113,False,True,29.952031851379417,40,59.99785047027138,2766.025,in_progress,0.0,0
397,194.0,-7.047311349256453,0.5157429309900924,143.95707906532465,5.1409521724757,0.5,[5.1409521724757 0.5],2.5147056745640284,False,True,30.138405656208207,40,59.99785047027138,2766.094,in_progress,0.0,0
397,195.0,-7.135798194712201,0.5647534967688379,146.62303006404107,7.191686862876878,0.8337055387422087,[7.191686862876878 0.8337055387422087],2.6250496684587223,False,True,30.30519852473097,41,59.99785047027138,2766.145,in_progress,0.0,0
397,196.0,-7.205876132558913,0.5960784036815197,149.3604768936578,-30.0,1.5055428895600071,[-30.0 1.5055428895600071],2.266902609968402,False,True,30.431075417102633,41,59.99785047027138,2766.223,in_progress,0.0,0
397,197.0,-7.2853574269188135,0.6363319518891999,150.46852363665772,-30.0,1.4076133289811756,[-30.0 1.4076133289811756],2.250417426343088,False,True,30.579204216953002,41,59.99785047027138,2766.281,in_progress,0.0,0
397,198.0,-7.349493046222673,0.6835703098817265,148.32592120723348,10.672053526408945,1.9449454224011749,[10.672053526408945 1.9449454224011749],2.9815071105958704,False,True,30.708280134570657,42,59.99785047027138,2766.354,in_progress,0.0,0
397,199.0,-7.43040508513297,0.7455211507093499,146.17505431825526,-30.0,0.5,[-30.0 0.5],2.0467589633542698,False,True,30.87754748965176,42,59.99785047027138,2766.421,in_progress,0.0,0
397,200.0,-7.510346387596333,0.7955458382642879,146.94307333675047,-20.834563263769383,1.8651363877654699,[-20.834563263769383 1.8651363877654699],2.381972908260178,False,True,31.03467235109271,42,59.99785047027138,2766.495,in_progress,0.0,0
397,201.0,-7.592111565533617,0.8555233134289516,145.68313151071948,-30.0,2.659759625395394,[-30.0 2.659759625395394],2.580951289203272,False,True,31.202847787841307,43,59.99785047027138,2766.555,in_progress,0.0,0
397,202.0,-7.660888816250356,0.9219164562565301,142.1406612341614,-30.0,2.1117856902564833,[-30.0 2.1117856902564833],2.4568831825727186,False,True,31.35781742973431,43,59.99785047027138,2766.617,in_progress,0.0,0
397,203.0,-7.723384306346532,1.0054533838350428,136.12197326844094,-23.355379067673,3.531146352344686,[-23.355379067673 3.531146352344686],2.8070653054111747,False,True,31.54643283562845,43,59.99785047027138,2766.689,in_progress,0.0,0
397,204.0,-7.796974379457161,1.12897671108606,128.39472060638496,17.67550095899461,1.4699657791485479,[17.67550095899461 1.4699657791485479],2.1306733004603333,False,True,31.774662946378115,44,59.99785047027138,2766.758,in_progress,0.0,0
397,205.0,-7.8540051978489975,1.2442676166307938,121.11996856945173,-1.2667207767048367,2.4502160464072755,[-1.2667207767048367 2.4502160464072755],2.9485427910386375,False,True,32.02973861414813,44,59.99785047027138,2766.819,in_progress,0.0,0
397,206.0,-7.91408256280645,1.3474199330911514,119.09683989675095,-29.891747358234017,1.3720585685871247,[-29.891747358234017 1.3720585685871247],2.1308711365076483,False,True,32.227338955024294,45,59.99785047027138,2766.896,in_progress,0.0,0
397,207.0,-7.978154523313591,1.467363226085159,118.36344288587607,21.853725535570902,0.5,[21.853725535570902 0.5],1.9532600966337321,False,True,32.513407403308705,45,59.99785047027138,2766.925,in_progress,0.0,0
397,208.0,-8.007947428152049,1.5265009352738195,117.74548639656227,-26.50589475095794,1.8346075482225273,[-26.50589475095794 1.8346075482225273],2.251148879898647,False,True,32.62376316589602,45,59.99785047027138,2767.025,in_progress,0.0,0
397,209.0,-8.069043459703495,1.661305282845713,115.71644266368818,-30.0,0.5,[-30.0 0.5],1.9695231786533303,False,True,32.87035921861947,46,59.99785047027138,2767.098,in_progress,0.0,0
397,210.0,-8.09782246171113,1.77771816657819,110.39352433644777,-30.0,0.5,[-30.0 0.5],1.981989716804543,False,True,33.125614747212225,46,59.99785047027138,2767.133,in_progress,0.0,0
397,211.0,-8.107839219810542,1.8275200394463464,108.39665693352846,-14.58135152969946,0.5,[-14.58135152969946 0.5],2.48099749738689,False,True,33.20999127312972,46,59.99785047027138,2767.223,in_progress,0.0,0
397,212.0,-8.121185255381492,1.9382553671189346,103.7277113547237,-30.0,0.5,[-30.0 0.5],1.9932035920233817,False,True,33.39347028812689,47,59.99785047027138,2767.295,in_progress,0.0,0
397,213.0,-8.114482367728266,2.004670924819565,98.59823390954341,30.0,0.5,[30.0 0.5],1.8186514968318779,False,True,33.55761134325017,47,59.99785047027138,2767.353,in_progress,0.0,0
397,214.0,-8.10337195742924,2.0559780760349593,94.10202114948457,-21.430772561062902,0.8080513927644032,[-21.430772561062902 0.8080513927644032],1.8827203481926444,False,True,33.63987863386811,47,59.99785047027138,2767.423,in_progress,0.0,0
397,215.0,-8.092809415496385,2.1075427939392375,90.85964349914367,6.0200179702700325,1.1750686751842985,[6.0200179702700325 1.1750686751842985],2.448272591121498,False,True,33.72269356683272,47,59.99785047027138,2767.483,in_progress,0.0,0
397,216.0,-8.083012732978208,2.154072435146876,88.40995164240586,30.0,0.622634342080965,[30.0 0.622634342080965],1.8502170950177046,False,True,33.79736274120289,48,59.99785047027138,2767.563,in_progress,0.0,0
397,217.0,-8.08446151396013,2.219214375339848,89.2163059346106,-13.33073693656748,2.5535133348988923,[-13.33073693656748 2.5535133348988923],2.8002289426795226,False,True,33.90528293180908,48,59.99785047027138,2767.597,in_progress,0.0,0
397,218.0,-8.090999025508967,2.2472857221476636,90.80137203659824,-10.558732721971914,0.8066449707881285,[-10.558732721971914 0.8066449707881285],2.3644276838327336,False,True,33.95310757051746,48,59.99785047027138,2767.691,in_progress,0.0,0
397,219.0,-8.085074967772076,2.3235497329788304,89.79432942344603,30.0,1.8826039182359942,[30.0 1.8826039182359942],2.1148105974766516,False,True,34.14497848593568,48,59.99785047027138,2767.758,in_progress,0.0,0
397,220.0,-8.081712039561944,2.3854699662972982,89.2221942618982,6.766944876511829,0.5,[6.766944876511829 0.5],2.3023144858055757,False,True,34.248149563205146,48,59.99785047027138,2767.822,in_progress,0.0,0
397,221.0,-8.092765918240723,2.445536119098204,91.98375617564231,-18.935374132241794,1.172524374292787,[-18.935374132241794 1.172524374292787],1.9797731512640042,False,True,34.348365014362514,49,59.99785047027138,2767.896,in_progress,0.0,0
397,222.0,-8.099967767508998,2.5046938628991846,93.10902111546852,-13.829094038447977,2.5427854367122773,[-13.829094038447977 2.5427854367122773],2.8214608482709127,False,True,34.447030464148696,49,59.99785047027138,2767.959,in_progress,0.0,0
397,223.0,-8.096247250622042,2.5721962105709593,91.4501587908999,-30.0,0.7574786312130701,[-30.0 0.7574786312130701],1.9073424499610523,False,True,34.62232976346216,49,59.99785047027138,2768.016,in_progress,0.0,0
397,224.0,-8.083278146996294,2.6369497784628577,88.21996058183883,-20.271144850761754,0.7935026664107143,[-20.271144850761754 0.7935026664107143],1.918459137942663,False,True,34.732077723562895,49,59.99785047027138,2768.088,in_progress,0.0,0
397,225.0,-8.06414500452597,2.700849991639304,84.33012971017925,-30.0,1.479012888048615,[-30.0 1.479012888048615],2.0594686862598848,False,True,34.841655642914034,50,59.99785047027138,2768.156,in_progress,0.0,0
397,226.0,-8.032931855791624,2.7630250615073484,78.73398627792356,-30.0,0.5,[-30.0 0.5],1.8675565343018719,False,True,34.95081300405269,50,59.99785047027138,2768.228,in_progress,0.0,0
397,227.0,-7.987692084428708,2.821075619445207,71.20010646739148,30.0,0.5,[30.0 0.5],1.775584192426537,False,True,35.141770475108544,50,59.99785047027138,2768.288,in_progress,0.0,0
397,228.0,-7.95210829592989,2.8681216292579923,66.93750558494949,30.0,0.5,[30.0 0.5],0.8892817067936694,False,False,35.232787345285516,50,59.99785047027138,2768.365,in_progress,0.0,0
397,229.0,-7.9301250999349895,2.9162574952005214,66.6772076125904,-0.7405129788631513,4.0,[-0.7405129788631513 4.0],1.1133395224805758,False,False,35.319736575245855,50,59.99785047027138,2768.416,in_progress,0.0,0
397,230.0,-7.920706011282043,2.956087481079711,68.26301005282497,-30.0,0.5,[-30.0 0.5],0.8915919356040796,False,False,35.387927340986664,51,59.99785047027138,2768.477,in_progress,0.0,0
397,231.0,-7.902808757928158,2.99796504017146,69.45576283254071,11.448214041272486,2.5504654085528276,[11.448214041272486 2.5504654085528276],1.1158630948883348,False,False,35.4630463033005,51,59.99785047027138,2768.556,in_progress,0.0,0
397,232.0,-7.88267323452584,3.04437069110232,69.06064206735175,7.24586533667987,2.225677224918403,[7.24586533667987 2.225677224918403],1.120877694628947,False,False,35.65385704416991,51,59.99785047027138,2768.62,in_progress,0.0,0
397,233.0,-7.8711930528292084,3.1035794908642496,71.37243921593003,-4.352921659346329,1.4214088953609962,[-4.352921659346329 1.4214088953609962],1.1229752260719312,False,False,35.75186434024924,51,59.99785047027138,2768.693,in_progress,0.0,0
397,234.0,-7.854141963307101,3.177940905852855,73.00639761838922,30.0,3.0033274499093148,[30.0 3.0033274499093148],0.9007348140778849,False,False,35.87672564547508,52,59.99785047027138,2768.76,in_progress,0.0,0
397,235.0,-7.836078319792503,3.263190342268022,74.82530109558981,-30.0,0.5,[-30.0 0.5],0.9035242039335979,False,False,36.01887029194748,52,59.99785047027138,2768.834,in_progress,0.0,0
397,236.0,-7.825006449618605,3.3495809181631264,77.8029384715178,-27.163853195521167,2.575547567238763,[-27.163853195521167 2.575547567238763],0.9086833402119612,False,False,36.255547412497435,52,59.99785047027138,2768.866,in_progress,0.0,0
397,237.0,-7.814824234616165,3.3891653782407585,77.42840631990434,-15.423541822602305,0.6190045659357333,[-15.423541822602305 0.6190045659357333],0.90952190622298,False,False,36.319834510246515,52,59.99785047027138,2768.957,in_progress,0.0,0
397,238.0,-7.77018784561479,3.475168732430171,71.89482206363591,-13.747533328191608,0.565302986073209,[-13.747533328191608 0.565302986073209],2.4232558508716746,False,True,36.48035417661912,53,59.99785047027138,2769.022,in_progress,0.0,0
397,239.0,-7.7387324140442795,3.520976394772081,68.30892930748487,-30.0,1.3247875883075537,[-30.0 1.3247875883075537],2.0936056712089726,False,True,36.57296307094923,53,59.99785047027138,2769.095,in_progress,0.0,0
397,240.0,-7.6853230576859595,3.573797188020805,61.51241320883766,20.648810658393863,0.5,[20.648810658393863 0.5],1.9377084699777283,False,True,36.78469611832496,53,59.99785047027138,2769.134,in_progress,0.0,0
397,241.0,-7.660028772719922,3.5939764039342266,58.01973888452537,-23.61330701143638,0.5,[-23.61330701143638 0.5],1.9388601429022132,False,True,36.83809226674963,53,59.99785047027138,2769.232,in_progress,0.0,0
397,242.0,-7.598470357433163,3.6449095917371195,52.080238411165205,-30.0,2.938346182893371,[-30.0 2.938346182893371],2.4316176046951163,False,True,36.970251935007866,54,59.99785047027138,2769.285,in_progress,0.0,0
397,243.0,-7.554625671165169,3.675654455638968,48.400822410759865,-30.0,1.5179008777075231,[-30.0 1.5179008777075231],2.150388963392334,False,True,37.05767633516466,54,59.99785047027138,2769.367,in_progress,0.0,0
397,244.0,-7.472517665940048,3.7073141756886354,39.588817366139565,18.488311109163398,0.5,[18.488311109163398 0.5],1.856553218210084,False,True,37.28324085749759,54,59.99785047027138,2769.408,in_progress,0.0,0
397,245.0,-7.426617837835321,3.7207390387519004,34.45757756963415,9.727420767895168,2.215724639770504,[9.727420767895168 2.215724639770504],1.1617196017573406,False,False,37.35725778200075,54,59.99785047027138,2769.499,in_progress,0.0,0
397,246.0,-7.315291998975429,3.770983506177064,30.104298003956465,-11.82017190009758,0.5,[-11.82017190009758 0.5],1.1669405364946877,False,False,37.55495928523621,55,59.99785047027138,2769.541,in_progress,0.0,0
397,247.0,-7.262197194448271,3.79869395556965,29.365900257655742,23.202830739593118,0.5,[23.202830739593118 0.5],0.9379748569705146,False,False,37.76262411179994,55,59.99785047027138,2769.636,in_progress,0.0,0
397,248.0,-7.177902562537237,3.8431420198489383,28.989489544774177,28.592999740866013,0.5,[28.592999740866013 0.5],0.9411817857650508,False,False,37.92140204781516,55,59.99785047027138,2769.692,in_progress,0.0,0
397,249.0,-7.142398867054525,3.875144340895818,31.542664627617807,-1.766665212438813,0.5,[-1.766665212438813 0.5],1.1779723006790361,False,False,37.999106473517294,56,59.99785047027138,2769.755,in_progress,0.0,0
397,250.0,-7.105108886337136,3.91040109498563,33.96182389370211,15.38096188664128,0.5,[15.38096188664128 0.5],0.9437068541295699,False,False,38.08206115538939,56,59.99785047027138,2769.837,in_progress,0.0,0
397,251.0,-7.065476233685087,3.952858424855673,37.05647028516718,30.0,0.5,[30.0 0.5],0.9452681952581771,False,False,38.174292500811,56,59.99785047027138,2769.887,in_progress,0.0,0
397,252.0,-7.0523411342985804,3.9765963581080195,39.75075326604431,-30.0,0.5,[-30.0 0.5],0.947654325892777,False,False,38.299767484164946,56,59.99785047027138,2769.971,in_progress,0.0,0
397,253.0,-7.020889160852979,4.017025332242728,42.322842357156496,-5.755383076515418,1.6322817223745432,[-5.755383076515418 1.6322817223745432],1.1859391744783523,False,False,38.37306373471356,56,59.99785047027138,2770.015,in_progress,0.0,0
397,254.0,-6.998461687234833,4.032907172745538,41.51062837461754,25.65462853483919,0.5,[25.65462853483919 0.5],0.9491382526104094,False,False,38.41750070089752,56,59.99785047027138,2770.093,in_progress,0.0,0
397,255.0,-6.961947222956897,4.0631072201090275,40.779882198160465,-30.0,0.8424370313596156,[-30.0 0.8424370313596156],0.9502829742218792,False,False,38.49247490519004,57,59.99785047027138,2770.154,in_progress,0.0,0
397,256.0,-6.931104344442515,4.086391427110018,40.206495331656136,-30.0,3.415878857397828,[-30.0 3.415878857397828],0.9511099855001182,False,False,38.55445840276504,57,59.99785047027138,2770.224,in_progress,0.0,0
397,257.0,-6.880123841160699,4.109162001463517,36.635398243110636,-30.0,2.155034756944869,[-30.0 2.155034756944869],2.3364140764199925,False,True,38.64740866808199,57,59.99785047027138,2770.298,in_progress,0.0,0
397,258.0,-6.81259616144648,4.121663546616829,29.85176903864814,-6.114982035447184,0.5,[-6.114982035447184 0.5],2.516850503028215,False,True,38.839453309360984,57,59.99785047027138,2770.36,in_progress,0.0,0
397,259.0,-6.74513547749023,4.132315472286769,23.663561461021214,-15.798204434520741,1.5309497348107572,[-15.798204434520741 1.5309497348107572],2.2238779682177747,False,True,38.95303793175485,57,59.99785047027138,2770.406,in_progress,0.0,0
397,260.0,-6.702743750225555,4.139988820337994,21.266935843774867,-2.7883580523240497,1.356786316453052,[-2.7883580523240497 1.356786316453052],2.7389958922266207,False,True,39.02477387679666,58,59.99785047027138,2770.498,in_progress,0.0,0
397,261.0,-6.59896876160734,4.151525381557738,15.548041084937871,10.089288010760825,1.399609743829089,[10.089288010760825 1.399609743829089],2.758617172007473,False,True,39.19771806491631,58,59.99785047027138,2770.56,in_progress,0.0,0
397,262.0,-6.515762431388789,4.167126343986539,13.926899386005731,3.6964608992059595,3.7122800852581688,[3.6964608992059595 3.7122800852581688],3.348141449326856,False,True,39.41045111871446,58,59.99785047027138,2770.602,in_progress,0.0,0
397,263.0,-6.459615270480691,4.18168233951441,14.027382228041263,2.457717497390661,2.4644129688707905,[2.457717497390661 2.4644129688707905],3.0403290389294035,False,True,39.5059018723389,58,59.99785047027138,2770.692,in_progress,0.0,0
397,264.0,-6.331009584686309,4.211290525517652,13.432789251940681,-30.0,2.6272711624753153,[-30.0 2.6272711624753153],2.4741761620195417,False,True,39.723947024922055,59,59.99785047027138,2770.755,in_progress,0.0,0
397,265.0,-6.216740315450859,4.227420229530867,11.025432033433463,-30.0,4.0,[-30.0 4.0],2.7588204739286795,False,True,39.95753420744085,59,59.99785047027138,2770.814,in_progress,0.0,0
397,266.0,-6.09417674516357,4.226252269306259,5.818914267495514,12.853582619541307,3.9839589885812567,[12.853582619541307 3.9839589885812567],3.4553348803919484,False,True,40.161782909899166,60,59.99785047027138,2770.903,in_progress,0.0,0
397,267.0,-5.9350333678163425,4.218351417202666,1.0489144645513249,30.0,4.0,[30.0 4.0],2.779524385036122,False,True,40.43540664555492,60,59.99785047027138,2770.943,in_progress,0.0,0
397,268.0,-5.841182458757596,4.220844601807802,0.9758961668095553,-30.0,0.961160172214614,[-30.0 0.961160172214614],2.1780613802903113,False,True,40.59180045843066,61,59.99785047027138,2771.024,in_progress,0.0,0
397,269.0,-5.659638187034509,4.230325499134221,2.0629892765380453,-30.0,2.8631639564242213,[-30.0 2.8631639564242213],2.571713530742439,False,True,40.890287852541704,61,59.99785047027138,2771.087,in_progress,0.0,0
397,270.0,-5.524182423153199,4.2277951091679995,0.47143854710533517,-23.825368797881268,4.0,[-23.825368797881268 4.0],2.8087692577012278,False,True,41.11604749524416,61,59.99785047027138,2771.156,in_progress,0.0,0
397,271.0,-5.381325447865466,4.208580363689435,-3.8309633208825815,30.0,3.565911205768497,[30.0 3.565911205768497],2.7322349822226095,False,True,41.35409228695357,62,59.99785047027138,2771.222,in_progress,0.0,0
397,272.0,-5.2256423565681,4.181476907486385,-7.484986746209615,30.0,1.2114635018491335,[30.0 1.2114635018491335],2.2726481888307144,False,True,41.61314176800469,62,59.99785047027138,2771.301,in_progress,0.0,0
397,273.0,-5.036365162215578,4.171413607525599,-4.822529450900627,30.0,1.4009684205654849,[30.0 1.4009684205654849],2.3247029801170394,False,True,41.93080442403294,63,59.99785047027138,2771.337,in_progress,0.0,0
397,274.0,-4.959192441482035,4.170111515557998,-3.6326971010028455,30.0,2.4631349401479308,[30.0 2.4631349401479308],2.5420684561999747,False,True,42.05943311543707,63,59.99785047027138,2771.43,in_progress,0.0,0
397,275.0,-4.769528004134458,4.1847472253254265,1.447830704425873,-3.0256044307887784,0.5756003136765512,[-3.0256044307887784 0.5756003136765512],2.723279419810437,False,True,42.37551775142849,64,59.99785047027138,2771.478,in_progress,0.0,0
397,276.0,-4.679735426001126,4.198505274162013,4.757239350455965,30.0,3.457239327920284,[30.0 3.457239327920284],2.7608616433121647,False,True,42.524303889516744,64,59.99785047027138,2771.565,in_progress,0.0,0
397,277.0,-4.49926728934197,4.221874184464595,6.621853620895793,0.2830861996533258,1.1459885106062244,[0.2830861996533258 1.1459885106062244],2.8898936096672774,False,True,42.82510189351305,65,59.99785047027138,2771.606,in_progress,0.0,0
397,278.0,-4.416915061812583,4.236256771148722,7.855315144895022,-19.84485576088803,4.0,[-19.84485576088803 4.0],2.8880482497149718,False,True,42.9620546954629,65,59.99785047027138,2771.693,in_progress,0.0,0
397,279.0,-4.233764005421862,4.252184718398233,5.7862672405131566,1.7446559654981542,0.5,[1.7446559654981542 0.5],2.7517629627152966,False,True,43.26433115060488,66,59.99785047027138,2771.735,in_progress,0.0,0
397,280.0,-4.14556094664308,4.254008895539004,3.319325927710754,6.052703735242346,0.5,[6.052703735242346 0.5],2.759034490358492,False,True,43.41136022233057,66,59.99785047027138,2771.819,in_progress,0.0,0
397,281.0,-3.991146360110669,4.261376220651997,1.4646863217031476,-3.170102201552112,0.5,[-3.170102201552112 0.5],2.772681466561079,False,True,43.66351892223535,66,59.99785047027138,2771.886,in_progress,0.0,0
397,282.0,-3.873637079146787,4.2644511156984395,1.4113243256848886,6.742779436013308,0.5,[6.742779436013308 0.5],2.782912909420141,False,True,43.85943751404664,67,59.99785047027138,2771.953,in_progress,0.0,0
397,283.0,-3.772268510004404,4.261947178267824,0.3305160979323162,30.0,1.7179379228703386,[30.0 1.7179379228703386],2.477224339958485,False,True,44.03727024194581,67,59.99785047027138,2772.035,in_progress,0.0,0
397,284.0,-3.67345411264041,4.268395851776326,1.7417791977984718,30.0,0.5049000888798665,[30.0 0.5049000888798665],2.2412854808688834,False,True,44.20196065083183,67,59.99785047027138,2772.067,in_progress,0.0,0
397,285.0,-3.630275941569904,4.279120503782386,4.17995528459216,21.519507598645653,2.3016454546714957,[21.519507598645653 2.3016454546714957],2.602815127239481,False,True,44.27391664619089,68,59.99785047027138,2772.159,in_progress,0.0,0
397,286.0,-3.496130456630548,4.3303405338622785,12.659994740471298,30.0,2.2166169367140167,[30.0 2.2166169367140167],2.8548873355435602,False,True,44.49800051852755,68,59.99785047027138,2772.227,in_progress,0.0,0
397,287.0,-3.3981089274891922,4.3891060361466145,20.291314117141372,-11.248561908351558,2.3857944434592926,[-11.248561908351558 2.3857944434592926],3.624199569626192,False,True,44.66115758256881,69,59.99785047027138,2772.289,in_progress,0.0,0
397,288.0,-3.2985160948633023,4.449930414538381,24.85997897063277,-30.0,0.5,[-30.0 0.5],2.719280632557848,False,True,44.84193545900299,69,59.99785047027138,2772.359,in_progress,0.0,0
397,289.0,-3.1889726822959603,4.506421355009367,26.59234998091963,-12.690521859133991,1.589034425783158,[-12.690521859133991 1.589034425783158],3.736191682201492,False,True,45.01188537120466,70,59.99785047027138,2772.422,in_progress,0.0,0
397,290.0,-3.0940172302695825,4.553473633839305,26.525730519651482,-30.0,1.891089300144386,[-30.0 1.891089300144386],3.068276667828686,False,True,45.1563885099753,70,59.99785047027138,2772.503,in_progress,0.0,0
397,291.0,-2.9696175788390216,4.594789841023068,22.630392637558664,-30.0,1.8238731689367398,[-30.0 1.8238731689367398],2.8049754381615224,False,True,45.31813117062683,71,59.99785047027138,2772.546,in_progress,0.0,0
397,292.0,-2.8974476850160813,4.6081687723236335,19.102131862726157,-5.159641485013971,2.9771266977273214,[-5.159641485013971 2.9771266977273214],3.82781871428079,False,True,45.41173832680362,71,59.99785047027138,2772.625,in_progress,0.0,0
397,293.0,-2.738191417452947,4.630041257165114,13.024038505990976,30.0,1.131627061832952,[30.0 1.131627061832952],2.423210623072219,False,True,45.613294629057535,72,59.99785047027138,2772.697,in_progress,0.0,0
397,294.0,-2.6051159732902525,4.641420052208873,7.396242476828145,-17.433972181899,0.5,[-17.433972181899 0.5],2.3048142943253183,False,True,45.80424062154711,73,59.99785047027138,2772.741,in_progress,0.0,0
397,295.0,-2.531219705328419,4.651905575093406,7.122093245550191,-8.475651248118137,2.17949792971645,[-8.475651248118137 2.17949792971645],3.301730699442384,False,True,45.84435057505216,73,59.99785047027138,2772.827,in_progress,0.0,0
397,296.0,-2.380927453492403,4.662657156480495,5.3836255577868295,-22.09912971762615,1.7312932430095511,[-22.09912971762615 1.7312932430095511],1.104080665034702,False,False,45.92604446993087,73,59.99785047027138,2772.889,in_progress,0.0,0
397,297.0,-2.2626356608293468,4.658255332717974,2.1706811699787534,-5.4149813955007176,4.0,[-5.4149813955007176 4.0],1.3839036557104816,False,False,46.07857982142163,74,59.99785047027138,2772.965,in_progress,0.0,0
397,298.0,-2.1282994890833806,4.651008759265571,-0.2572344985344796,-16.48010023479662,1.9387343559192498,[-16.48010023479662 1.9387343559192498],1.10801060306597,False,False,46.1413886234993,74,59.99785047027138,2772.996,in_progress,0.0,0
397,299.0,-2.0635096120115364,4.646032965017402,-1.3367034224487122,19.903628049088816,2.7362709148904654,[19.903628049088816 2.7362709148904654],1.109281778151267,False,False,46.22007408963611,74,59.99785047027138,2773.086,in_progress,0.0,0
397,300.0,-1.8551864423512592,4.643613318203185,-0.4960701755832607,-7.871742076360128,2.5636213907238847,[-7.871742076360128 2.5636213907238847],1.3901625522032273,True,False,46.364424178744756,75,59.99785047027138,2773.153,off_track,0.0,0
398,1.0,6.207520976133892,-2.171957464676675,-179.3261523028913,-27.13138400794266,1.8201535601061063,[-27.13138400794266 1.8201535601061063],0.0,False,True,0.23334171797789738,239,59.99785047027138,2773.258,prepare,0.0,0
398,2.0,6.207520987609128,-2.1719571615842574,-179.32650084096224,-5.196725813436647,0.5,[-5.196725813436647 0.5],0.44401053307301336,False,True,0.23334169291509,239,59.99785047027138,2773.36,in_progress,0.0,0
398,3.0,6.195224941739252,-2.170239395235602,-179.80575989955486,-30.0,0.5,[-30.0 0.5],0.3149189893170569,False,True,0.25380076733991785,240,59.99785047027138,2773.404,in_progress,0.0,0
398,4.0,6.175362004342707,-2.164738966738028,178.96516134941405,-4.955892435514087,0.5,[-4.955892435514087 0.5],0.3737015039624166,False,True,0.2867967999518162,240,59.99785047027138,2773.486,in_progress,0.0,0
398,5.0,6.1451803044870115,-2.156232845784828,177.09295075711657,-30.0,2.09682004971952,[-30.0 2.09682004971952],0.6811365445563984,False,True,0.33693131178733626,240,59.99785047027138,2773.552,in_progress,0.0,0
398,6.0,6.106073206593888,-2.1480367433676633,175.63287209155868,7.587681048479155,2.4160820989399925,[7.587681048479155 2.4160820989399925],0.9556570875633281,False,True,0.4019470659625157,240,59.99785047027138,2773.622,in_progress,0.0,0
398,7.0,6.0603336543251425,-2.136067069877707,173.6353804916837,30.0,4.0,[30.0 4.0],1.1550005860974062,False,True,0.47794261298383933,240,59.99785047027138,2773.695,in_progress,0.0,0
398,8.0,5.9893142360412,-2.13761418320825,175.83895444493788,-26.96774470928498,0.5,[-26.96774470928498 0.5],0.33970858888686206,False,True,0.5970342089316905,240,59.99785047027138,2773.757,in_progress,0.0,0
398,9.0,5.927386112767959,-2.149197127049178,-179.94885810510166,30.0,4.0,[30.0 4.0],1.1952864023440577,False,True,0.7002571498335053,240,59.99785047027138,2773.792,in_progress,0.0,0
398,10.0,5.904373514866114,-2.148559286911893,-179.98363967199217,-30.0,0.5,[-30.0 0.5],0.3488355935096475,False,True,0.7386125377365382,240,59.99785047027138,2773.879,in_progress,0.0,0
398,11.0,5.8365359553558696,-2.139508552957136,178.77171849190665,-30.0,0.5,[-30.0 0.5],0.3652823198967405,False,True,0.8516747218636822,241,59.99785047027138,2773.959,in_progress,0.0,0
398,12.0,5.793785512930452,-2.1288477016470395,176.57471238764057,30.0,4.0,[30.0 4.0],1.208763179355326,False,True,0.9229227544575447,241,59.99785047027138,2774.025,in_progress,0.0,0
398,13.0,5.749706741720673,-2.1225581285813813,176.29701972882728,-20.550715262739686,0.5,[-20.550715262739686 0.5],0.3727975911421551,False,True,0.99638690202426,241,59.99785047027138,2774.095,in_progress,0.0,0
398,14.0,5.703248747178637,-2.1229936101920366,177.19378383427625,-10.716794628385198,0.5,[-10.716794628385198 0.5],0.47229560312449276,False,True,1.0743186770816426,241,59.99785047027138,2774.148,in_progress,0.0,0
398,15.0,5.668021262647432,-2.112658806136991,175.13695510029913,30.0,2.7125279215265916,[30.0 2.7125279215265916],0.9093599618788517,False,True,1.1331283364582,241,59.99785047027138,2774.219,in_progress,0.0,0
398,16.0,5.625537545732472,-2.102797529264838,173.73655880570635,3.478699472421752,2.304433371957268,[3.478699472421752 2.304433371957268],1.0185422082993696,False,True,1.204027563659571,241,59.99785047027138,2774.29,in_progress,0.0,0
398,17.0,5.574689260423444,-2.1048115231754956,175.4566794393458,-30.0,1.3433570275311744,[-30.0 1.3433570275311744],0.5904672922275704,False,True,1.2887577193273492,241,59.99785047027138,2774.369,in_progress,0.0,0
398,18.0,5.5000333378725985,-2.0971995076765575,175.09098660546277,1.3346025519915017,0.7681785056248587,[1.3346025519915017 0.7681785056248587],0.5830241033784895,False,True,1.4132574856813518,242,59.99785047027138,2774.404,in_progress,0.0,0
398,19.0,5.464791725554952,-2.0885334071365005,173.67543527017946,-30.0,0.5,[-30.0 0.5],0.4026384369258364,False,True,1.4720751923220643,242,59.99785047027138,2774.498,in_progress,0.0,0
398,20.0,5.392383692539371,-2.070288267395076,171.3791041578217,30.0,2.9874583300018682,[30.0 2.9874583300018682],0.9273950610980548,False,True,1.5918178446830855,242,59.99785047027138,2774.564,in_progress,0.0,0
398,21.0,5.333979344946568,-2.055198401488763,170.5247413690307,30.0,3.2075362722690075,[30.0 3.2075362722690075],0.9826765867148124,False,True,1.6891378464367723,242,59.99785047027138,2774.61,in_progress,0.0,0
398,22.0,5.286862069382277,-2.0570355388541715,172.7652944596198,22.953201452468043,0.5,[22.953201452468043 0.5],0.39067562563584296,False,True,1.767672341080062,242,59.99785047027138,2774.697,in_progress,0.0,0
398,23.0,5.207611202470256,-2.0817593968101367,-178.35307273530705,-0.25919810026892875,4.0,[-0.25919810026892875 4.0],1.5989582409726435,False,True,1.8998011474887777,243,59.99785047027138,2774.756,in_progress,0.0,0
398,24.0,5.148812188478636,-2.110161951756698,-171.6852300652667,30.0,0.5,[30.0 0.5],0.44604882339714075,False,True,1.9978481825805194,243,59.99785047027138,2774.834,in_progress,0.0,0
398,25.0,5.090277893518907,-2.1390738269591396,-166.4579895853745,-15.208015914435997,1.5615256043631252,[-15.208015914435997 1.5615256043631252],0.7074598940464989,False,True,2.0954548144338836,243,59.99785047027138,2774.874,in_progress,0.0,0
398,26.0,5.060581041573732,-2.155452163736185,-164.3548442224282,-11.861307170001584,0.5,[-11.861307170001584 0.5],0.5646879519601833,False,True,2.1449376825526723,243,59.99785047027138,2774.953,in_progress,0.0,0
398,27.0,4.997917420531115,-2.1712088278887847,-164.43003920104357,-10.11609489291381,3.284021163452237,[-10.11609489291381 3.284021163452237],1.4093868433294183,False,True,2.249442015194114,243,59.99785047027138,2775.016,in_progress,0.0,0
398,28.0,4.93954082069627,-2.1810064505420677,-165.98445647614133,-30.0,1.395359536626767,[-30.0 1.395359536626767],0.6805909377915844,False,True,2.3467778139123707,243,59.99785047027138,2775.086,in_progress,0.0,0
398,29.0,4.857385500567915,-2.1768999885259284,-171.47511622005774,-30.0,2.8166095938170326,[-30.0 2.8166095938170326],1.0336379285096007,False,True,2.483691847177172,244,59.99785047027138,2775.149,in_progress,0.0,0
398,30.0,4.7880515550112035,-2.161566677588673,-177.25455985970706,-30.0,3.1976908937960693,[-30.0 3.1976908937960693],1.1336804067294297,False,True,2.5991923898281977,244,59.99785047027138,2775.211,in_progress,0.0,0
398,31.0,4.6983041611204515,-2.12812745998957,174.27185009480488,-6.5313513634552045,2.064162008580982,[-6.5313513634552045 2.064162008580982],1.0934226095602835,False,True,2.7488348231071824,244,59.99785047027138,2775.29,in_progress,0.0,0
398,32.0,4.586758347662578,-2.0836523143167986,165.6428349790765,-30.0,3.167450564490606,[-30.0 3.167450564490606],1.1571815636697536,False,True,2.9347632460430706,245,59.99785047027138,2775.356,in_progress,0.0,0
398,33.0,4.469413924235973,-2.034896528828182,160.7466010393311,14.368108150949965,0.5,[14.368108150949965 0.5],0.6134984828288765,False,True,3.130357527307892,245,59.99785047027138,2775.404,in_progress,0.0,0
398,34.0,4.404504862534955,-1.9999148350115359,156.9905005098406,30.0,2.8003658573988286,[30.0 2.8003658573988286],1.0028815321458293,False,True,3.23876471845288,245,59.99785047027138,2775.484,in_progress,0.0,0
398,35.0,4.275609696035521,-1.9407296152806923,156.05494018134817,30.0,2.7903531049317642,[30.0 2.7903531049317642],0.9264638032742797,False,True,3.4536860839493144,246,59.99785047027138,2775.553,in_progress,0.0,0
398,36.0,4.124275188394538,-1.899882005033669,160.85135270636488,30.0,4.0,[30.0 4.0],1.188598940250692,False,True,3.705711543627732,246,59.99785047027138,2775.618,in_progress,0.0,0
398,37.0,3.9820665639223876,-1.8815908381491304,167.0253064948404,30.0,4.0,[30.0 4.0],1.2067251441072986,False,True,3.942743743897281,247,59.99785047027138,2775.69,in_progress,0.0,0
398,38.0,3.8215248957299393,-1.8834272206944436,176.21557698004605,26.799739832719325,2.41952492977288,[26.799739832719325 2.41952492977288],0.9113843120267124,False,True,4.21002366586195,247,59.99785047027138,2775.755,in_progress,0.0,0
398,39.0,3.662156936310553,-1.9041365230504321,-173.1326187338703,19.614827781785316,2.3128708439316137,[19.614827781785316 2.3128708439316137],0.9101398872944799,False,True,4.475657185081571,248,59.99785047027138,2775.818,in_progress,0.0,0
398,40.0,3.523703962704527,-1.934060393542809,-163.99913927507666,19.577967136172695,0.5,[19.577967136172695 0.5],0.5637561258627557,False,True,4.706435930785391,248,59.99785047027138,2775.889,in_progress,0.0,0
398,41.0,3.3685447722258126,-1.9790702720805589,-152.86811682970495,-30.0,0.5,[-30.0 0.5],0.6405473189422048,False,True,4.965015016838814,248,59.99785047027138,2775.968,in_progress,0.0,0
398,42.0,3.239703843348964,-2.014528823515344,-147.19434530475607,30.0,4.0,[30.0 4.0],1.4259253010789006,False,True,5.179785513325841,249,59.99785047027138,2776.013,in_progress,0.0,0
398,43.0,3.162389566943759,-2.03276486204877,-146.20206840280872,-30.0,4.0,[-30.0 4.0],1.4321150803109328,False,True,5.308798849143582,249,59.99785047027138,2776.083,in_progress,0.0,0
398,44.0,3.048204992213342,-2.0710257690013916,-145.2250257964655,-15.305196124072163,0.5,[-15.305196124072163 0.5],0.6745748868331608,False,True,5.499106040582735,249,59.99785047027138,2776.163,in_progress,0.0,0
398,45.0,2.904857126366512,-2.1132252679612593,-149.10899383160478,-2.55025849714065,3.9169688715278013,[-2.55025849714065 3.9169688715278013],1.9684342564167039,False,True,5.738019711963005,250,59.99785047027138,2776.226,in_progress,0.0,0
398,46.0,2.784565482037866,-2.1444049773863645,-156.186127950862,-30.0,0.8809214500104685,[-30.0 0.8809214500104685],0.8603628261401974,False,True,5.938523923767757,250,59.99785047027138,2776.293,in_progress,0.0,0
398,47.0,2.669185587394878,-2.1736969519023517,-160.69206301508697,2.382986133042124,4.0,[2.382986133042124 4.0],2.0276590576850158,False,True,6.1308078347038215,251,59.99785047027138,2776.351,in_progress,0.0,0
398,48.0,2.5706163359601106,-2.1954309972866985,-163.33439988006762,-30.0,2.297692272327585,[-30.0 2.297692272327585],1.223606405020816,False,True,6.295078884450989,251,59.99785047027138,2776.415,in_progress,0.0,0
398,49.0,2.467605559045508,-2.214733613381992,-165.7268656905881,14.241211189618433,2.0274141803957075,[14.241211189618433 2.0274141803957075],1.461841231536791,False,True,6.466795283470295,251,59.99785047027138,2776.484,in_progress,0.0,0
398,50.0,2.3341994284290357,-2.232465625980621,-168.95425582473686,-30.0,1.6427382621264026,[-30.0 1.6427382621264026],1.093076644685105,False,True,6.689150253474696,252,59.99785047027138,2776.552,in_progress,0.0,0
398,51.0,2.1886334541766552,-2.2550832850355405,-170.05613931920098,-30.0,1.379428660413047,[-30.0 1.379428660413047],1.047705891863309,False,True,6.931814861409458,252,59.99785047027138,2776.623,in_progress,0.0,0
398,52.0,2.0704132386800764,-2.2665448176554084,-172.00028486888002,-28.905586446071993,0.5,[-28.905586446071993 0.5],0.7787681127221399,False,True,7.128863631189342,253,59.99785047027138,2776.685,in_progress,0.0,0
398,53.0,1.9654352272407085,-2.2721244227288473,-173.7961008582306,-10.389392433587588,1.3280099315457847,[-10.389392433587588 1.3280099315457847],1.2132593778412697,False,True,7.303837148321158,253,59.99785047027138,2776.758,in_progress,0.0,0
398,54.0,1.866808098898115,-2.2733030961668867,-175.80915721292672,-30.0,0.5,[-30.0 0.5],0.797067082917403,False,True,7.468120466493511,253,59.99785047027138,2776.814,in_progress,0.0,0
398,55.0,1.7857121172303456,-2.269474027492759,-177.82654575633475,-30.0,1.2598277232357402,[-30.0 1.2598277232357402],0.970147353259738,False,True,7.60328648751587,253,59.99785047027138,2776.892,in_progress,0.0,0
398,56.0,1.6966967012418657,-2.2506222233682314,177.30359744316004,-8.018625142379527,3.7265156205964014,[-8.018625142379527 3.7265156205964014],2.0726324174235318,False,True,7.751656792157102,254,59.99785047027138,2776.952,in_progress,0.0,0
398,57.0,1.611087901282725,-2.2221746113060807,172.05276218618062,2.986523314333141,2.105951343846275,[2.986523314333141 2.105951343846275],1.595439333445838,False,True,7.894340106911502,254,59.99785047027138,2777.026,in_progress,0.0,0
398,58.0,1.5120691382400444,-2.198810123594617,169.61971960865765,-2.0637697661745307,1.4516563139832162,[-2.0637697661745307 1.4516563139832162],1.4108197379615557,False,True,8.059390445690317,254,59.99785047027138,2777.093,in_progress,0.0,0
398,59.0,1.400085919563668,-2.1720178116263273,168.3459757730739,30.0,3.0613408778775915,[30.0 3.0613408778775915],1.526342698502492,False,True,8.24605091470698,255,59.99785047027138,2777.166,in_progress,0.0,0
398,60.0,1.285746185273978,-2.152160147639289,169.3688046011155,30.0,2.590682411078344,[30.0 2.590682411078344],1.4250401176235346,False,True,8.43661444160617,255,59.99785047027138,2777.2,in_progress,0.0,0
398,61.0,1.21617494067627,-2.1502950371932315,171.91584586412466,30.0,1.5592794530384448,[30.0 1.5592794530384448],1.1820310865054673,False,True,8.552569860335879,255,59.99785047027138,2777.295,in_progress,0.0,0
398,62.0,1.0462371245623594,-2.163933814200618,178.98124919392401,-13.443940462395119,2.0125908616194663,[-13.443940462395119 2.0125908616194663],1.638829941265701,False,True,8.83581558470613,256,59.99785047027138,2777.352,in_progress,0.0,0
398,63.0,0.9394306131063007,-2.174673541592378,-178.44740866237478,19.21652066288206,0.5,[19.21652066288206 0.5],0.9582868903742785,False,True,9.01383753090622,256,59.99785047027138,2777.423,in_progress,0.0,0
398,64.0,0.824884750104916,-2.1767166056256997,-178.74182537165834,8.01146701047206,2.7424611877803358,[8.01146701047206 2.7424611877803358],1.8848254855370266,False,True,9.20475511975869,256,59.99785047027138,2777.48,in_progress,0.0,0
398,65.0,0.7197444928161942,-2.1850079685808588,-177.47679518056052,-17.56076440516273,4.0,[-17.56076440516273 4.0],1.8195490132076744,False,True,9.379999152067874,257,59.99785047027138,2777.549,in_progress,0.0,0
398,66.0,0.5917485502963881,-2.194710569890539,-176.86996241370255,-0.7317378788427682,4.0,[-0.7317378788427682 4.0],2.2910603671401204,False,True,9.593312939421006,257,59.99785047027138,2777.626,in_progress,0.0,0
398,67.0,0.42945652266690115,-2.202419929796778,-176.96013280290634,-9.139448141319729,0.5,[-9.139448141319729 0.5],1.2640296367518358,False,True,9.863804075406879,258,59.99785047027138,2777.682,in_progress,0.0,0
398,68.0,0.28402814923394915,-2.2122646997638173,-175.10533025672183,-30.0,3.467980202658052,[-30.0 3.467980202658052],1.7392366665793397,False,True,10.106197971246303,0,59.99785047027138,2777.741,in_progress,0.0,0
398,69.0,0.1560363807155658,-2.219400006680895,-175.818534331788,-30.0,2.4710623633745237,[-30.0 2.4710623633745237],1.5129666802152053,False,True,10.319522421534032,1,59.99785047027138,2777.821,in_progress,0.0,0
398,70.0,-0.00017653669165576535,-2.209668748807902,179.8319428166261,-30.0,4.0,[-30.0 4.0],1.8969953504360824,False,True,10.57994113882981,1,59.99785047027138,2777.894,in_progress,0.0,0
398,71.0,-0.17653315005010062,-2.1757635762107226,173.24164470031656,-17.807532926043418,2.507806336129933,[-17.807532926043418 2.507806336129933],1.558771951866961,False,True,10.873845809042919,2,59.99785047027138,2777.959,in_progress,0.0,0
398,72.0,-0.3396058816240144,-2.128497904096425,166.93142893728393,-16.8474602374493,4.0,[-16.8474602374493 4.0],1.9347078922548295,False,True,11.145625960933984,2,59.99785047027138,2778.022,in_progress,0.0,0
398,73.0,-0.5007035161239141,-2.0703593885540785,161.99936127059465,4.591376208191143,1.578218898339362,[4.591376208191143 1.578218898339362],1.570794086352841,False,True,11.414112321425264,3,59.99785047027138,2778.087,in_progress,0.0,0
398,74.0,-0.6808759277376191,-1.9968241993681177,157.11076019962678,9.78249030311747,0.5,[9.78249030311747 0.5],1.2972530561691833,False,True,11.714677335042254,3,59.99785047027138,2778.142,in_progress,0.0,0
398,75.0,-0.7852930641357981,-1.9595204175939889,156.40224084183268,30.0,4.0,[30.0 4.0],1.8160835228512668,False,True,11.888761319635066,4,59.99785047027138,2778.221,in_progress,0.0,0
398,76.0,-0.9874791630175105,-1.897467430506784,160.871274419346,30.0,3.772834815990773,[30.0 3.772834815990773],1.6246460331626988,False,True,12.225563574319324,4,59.99785047027138,2778.296,in_progress,0.0,0
398,77.0,-1.1944851036916115,-1.864479290039921,168.22142948524896,8.201369891846724,4.0,[8.201369891846724 4.0],2.112014369579649,False,True,12.570597221335163,5,59.99785047027138,2778.327,in_progress,0.0,0
398,78.0,-1.2977099193160064,-1.8552520609890033,171.74284839849938,30.0,0.6184760378257694,[30.0 0.6184760378257694],1.0204773491907468,False,True,12.742048415183788,5,59.99785047027138,2778.424,in_progress,0.0,0
398,79.0,-1.5383041059450968,-1.8516909540673394,-177.5067481166592,-12.051893681802735,0.5,[-12.051893681802735 0.5],1.2750166500585098,False,True,13.143047429240113,6,59.99785047027138,2778.483,in_progress,0.0,0
398,80.0,-1.688306461038388,-1.848030651873313,-174.5107649893975,0.9847713361850694,1.573866418597289,[0.9847713361850694 1.573866418597289],1.5591830154061128,False,True,13.393337485290786,6,59.99785047027138,2778.564,in_progress,0.0,0
398,81.0,-1.8465930462551101,-1.8444809499299368,-174.82347844883682,14.553732446906878,2.432513156854286,[14.553732446906878 2.432513156854286],1.7906380951222798,False,True,13.657155504861137,7,59.99785047027138,2778.601,in_progress,0.0,0
398,82.0,-1.9262428368228308,-1.8470713477615202,-175.60395464738707,30.0,1.761804890758141,[30.0 1.761804890758141],1.3027468499839574,False,True,13.79056422414044,7,59.99785047027138,2778.681,in_progress,0.0,0
398,83.0,-2.1084617765722977,-1.8712149596522771,-173.56439880951055,30.0,1.7078933152185447,[30.0 1.7078933152185447],1.3080409145227252,False,True,14.094241167402316,8,59.99785047027138,2778.758,in_progress,0.0,0
398,84.0,-2.2302457338819783,-1.900255198473865,-170.44688615882347,-0.6990185526266721,3.170393584516534,[-0.6990185526266721 3.170393584516534],2.0120798878943957,False,True,14.297369213799627,8,59.99785047027138,2778.818,in_progress,0.0,0
398,85.0,-2.3565912193437115,-1.9298597770049213,-169.0279233183898,4.097077221922376,0.6944036416689962,[4.097077221922376 0.6944036416689962],1.405084840763618,False,True,14.507892878053113,9,59.99785047027138,2778.889,in_progress,0.0,0
398,86.0,-2.486861435385325,-1.9442470505242466,-170.88782979791446,-30.0,2.281746337737657,[-30.0 2.281746337737657],1.5967109323869215,False,True,14.724988592047524,9,59.99785047027138,2778.925,in_progress,0.0,0
398,87.0,-2.602193381276457,-1.946144020586894,-174.86273518697936,-7.49454228706189,2.80820100168466,[-7.49454228706189 2.80820100168466],2.1520419688802517,False,True,14.916612901805081,9,59.99785047027138,2779.028,in_progress,0.0,0
398,88.0,-2.761931333437723,-1.9221703050084182,177.1769926047123,7.956422950547974,2.3360158741256742,[7.956422950547974 2.3360158741256742],1.85492685695111,False,True,15.18283719051712,10,59.99785047027138,2779.068,in_progress,0.0,0
398,89.0,-2.835232398265954,-1.9062675536934472,173.56757483026382,27.508897560127828,3.7297858580112813,[27.508897560127828 3.7297858580112813],1.766262040077194,False,True,15.304573027124064,10,59.99785047027138,2779.158,in_progress,0.0,0
398,90.0,-3.050942343365335,-1.8790977018408324,172.84845288553618,30.0,1.0726457989656129,[30.0 1.0726457989656129],1.2542083956350365,False,True,15.66404146715466,11,59.99785047027138,2779.223,in_progress,0.0,0
398,91.0,-3.1883926125721866,-1.8745390505942592,175.494999671505,-27.89637072700369,0.9957115251331099,[-27.89637072700369 0.9957115251331099],1.2494587742740795,False,True,15.89294657413916,11,59.99785047027138,2779.28,in_progress,0.0,0
398,92.0,-3.3212113693380565,-1.8756389386683165,178.44622233537788,30.0,0.5,[30.0 0.5],1.1604263436230422,False,True,16.11432188838937,12,59.99785047027138,2779.346,in_progress,0.0,0
398,93.0,-3.4509637497127246,-1.875671928417581,179.272780998235,30.0,0.5,[30.0 0.5],1.170217277588924,False,True,16.33123767749332,12,59.99785047027138,2779.395,in_progress,0.0,0
398,94.0,-3.550749220679198,-1.888558049999882,-177.57395966735655,23.798428385874352,0.5,[23.798428385874352 0.5],1.17668291883449,False,True,16.49756085310912,12,59.99785047027138,2779.488,in_progress,0.0,0
398,95.0,-3.650231458277641,-1.912373802711626,-173.46979430112282,-30.0,4.0,[-30.0 4.0],1.8831200575725964,False,True,16.663385501116863,13,59.99785047027138,2779.557,in_progress,0.0,0
398,96.0,-3.7333854408560248,-1.9296876645908545,-172.08908495766204,-28.826603010269114,3.3397955585435737,[-28.826603010269114 3.3397955585435737],1.7557581377145284,False,True,16.801991325249034,13,59.99785047027138,2779.629,in_progress,0.0,0
398,97.0,-3.841179874179562,-1.9234641137632145,-176.60479022293805,28.03923872238829,0.5,[28.03923872238829 0.5],1.195010213766306,False,True,16.979588757768667,13,59.99785047027138,2779.679,in_progress,0.0,0
398,98.0,-3.9292262955940425,-1.9105447397539002,178.77889635839813,-0.41816744258088434,2.811997891748373,[-0.41816744258088434 2.811997891748373],2.0782869594239544,False,True,17.126221529836386,14,59.99785047027138,2779.754,in_progress,0.0,0
398,99.0,-4.03922427463246,-1.8998739269677865,176.6772329332887,-24.19434245921046,2.728649719646945,[-24.19434245921046 2.728649719646945],1.653535444375068,False,True,17.309460944463737,14,59.99785047027138,2779.818,in_progress,0.0,0
398,100.0,-4.140744968468932,-1.8833511175993867,174.42303939968497,6.604831363793238,0.5,[6.604831363793238 0.5],1.5175083536694587,False,True,17.471222822436687,14,59.99785047027138,2779.888,in_progress,0.0,0
398,101.0,-4.276676927593002,-1.8486312278382437,168.76641565407914,12.716205626815267,0.5,[12.716205626815267 0.5],1.5303155401014346,False,True,17.696566060536583,15,59.99785047027138,2779.923,in_progress,0.0,0
398,102.0,-4.321417577066679,-1.8409896839972926,168.47941129169976,30.0,1.7795392575948394,[30.0 1.7795392575948394],1.4808207525313575,False,True,17.77086331353928,15,59.99785047027138,2780.028,in_progress,0.0,0
398,103.0,-4.482637819797144,-1.8372634532018364,174.137183374759,-1.3060990254888374,4.0,[-1.3060990254888374 4.0],2.4229339277446815,False,True,18.04696688846913,15,59.99785047027138,2780.085,in_progress,0.0,0
398,104.0,-4.591361811678056,-1.8504698616309077,179.2546757634167,18.638255334744862,0.5,[18.638255334744862 0.5],1.245780867748822,False,True,18.228331986913076,16,59.99785047027138,2780.151,in_progress,0.0,0
398,105.0,-4.709260772007786,-1.85954697437772,-178.70838960205913,30.0,4.0,[30.0 4.0],1.9571795335680102,False,True,18.47304677081462,16,59.99785047027138,2780.228,in_progress,0.0,0
398,106.0,-4.840063154387276,-1.8770669399811097,-175.51504049954363,-30.0,1.4553121326002543,[-30.0 1.4553121326002543],1.4597788577601138,False,True,18.720457805791426,18,59.99785047027138,2780.289,in_progress,0.0,0
398,107.0,-4.951715353651924,-1.8990485626570857,-171.29791541330292,30.0,1.4328041932983773,[30.0 1.4328041932983773],1.4624942558849048,False,True,18.898929919691184,19,59.99785047027138,2780.349,in_progress,0.0,0
398,108.0,-5.055539071656536,-1.9188657666656652,-169.84641698503734,-30.0,0.5,[-30.0 0.5],1.4124760609423246,False,True,19.09223919347947,19,59.99785047027138,2780.429,in_progress,0.0,0
398,109.0,-5.162775790076354,-1.9491781581330756,-167.1975045371342,-30.0,0.5,[-30.0 0.5],1.4199085565743177,False,True,19.263361126092903,20,59.99785047027138,2780.489,in_progress,0.0,0
398,110.0,-5.236509158710363,-1.9636684142952623,-167.74259089140565,-30.0,3.0072693281428418,[-30.0 3.0072693281428418],1.9749692751773187,False,True,19.375873544847707,21,59.99785047027138,2780.563,in_progress,0.0,0
398,111.0,-5.318334352021167,-1.970727216436695,-170.0373378475294,-30.0,1.5876564682065153,[-30.0 1.5876564682065153],1.6689819045968297,False,True,19.530406704312412,21,59.99785047027138,2780.627,in_progress,0.0,0
398,112.0,-5.405434583218763,-1.9561665234097159,-176.39387016719223,-30.0,2.93923779849641,[-30.0 2.93923779849641],2.1510874524147723,False,True,19.672537696007538,22,59.99785047027138,2780.691,in_progress,0.0,0
398,113.0,-5.495089687699141,-1.9290510366274045,176.35815811230847,-30.0,3.8757128584012177,[-30.0 3.8757128584012177],2.3830690008027378,False,True,19.831221538033375,22,59.99785047027138,2780.76,in_progress,0.0,0
398,114.0,-5.605769012008535,-1.878272643154598,166.9732016545164,3.2260953262575427,1.3191879128318897,[3.2260953262575427 1.3191879128318897],2.2256871697524803,False,True,20.042099193222384,23,59.99785047027138,2780.793,in_progress,0.0,0
398,115.0,-5.654564162083397,-1.8477696861634567,161.45425494050758,-27.364600532935683,1.6762901220893636,[-27.364600532935683 1.6762901220893636],1.8689109233511232,False,True,20.137991253523012,24,59.99785047027138,2780.881,in_progress,0.0,0
398,116.0,-5.785629254710294,-1.7560040973936273,149.08458582057173,29.61371225590063,2.976221239858101,[29.61371225590063 2.976221239858101],2.1966779564873824,False,True,20.41419826904523,25,59.99785047027138,2780.959,in_progress,0.0,0
398,117.0,-5.880209130446807,-1.6837651971754035,144.0299227073407,-30.0,0.614913257334673,[-30.0 0.614913257334673],1.6406065238962737,False,True,20.619993723319567,25,59.99785047027138,2781.018,in_progress,0.0,0
398,118.0,-5.966483806968564,-1.6269006296530342,143.0221447979779,-30.0,1.7797690515412277,[-30.0 1.7797690515412277],1.927781267536135,False,True,20.783957952139502,26,59.99785047027138,2781.087,in_progress,0.0,0
398,119.0,-6.053957564327492,-1.5532468252339082,141.16344437330747,-30.0,3.5171449770028094,[-30.0 3.5171449770028094],2.353161886783471,False,True,20.958987393094404,26,59.99785047027138,2781.157,in_progress,0.0,0
398,120.0,-6.137985317033145,-1.4555375253785858,136.2080678197096,-30.0,2.5360765646376975,[-30.0 2.5360765646376975],2.128189759247036,False,True,21.16290255891029,27,59.99785047027138,2781.202,in_progress,0.0,0
398,121.0,-6.181676698469151,-1.3857965024869734,131.50008205311923,-30.0,1.7430392594555035,[-30.0 1.7430392594555035],1.7803016838377816,False,True,21.280423539513436,27,59.99785047027138,2781.292,in_progress,0.0,0
398,122.0,-6.255986262154282,-1.2406543524939702,123.59281059410519,-30.0,4.0,[-30.0 4.0],2.2906594699027765,False,True,21.54882200671156,28,59.99785047027138,2781.367,in_progress,0.0,0
398,123.0,-6.312414231276953,-1.0837620218917101,115.59848765306485,-30.0,0.5,[-30.0 0.5],1.532585559440346,False,True,21.788612817515173,28,59.99785047027138,2781.419,in_progress,0.0,0
398,124.0,-6.331837209900604,-1.004339178904512,111.30940579959339,-30.0,2.974323222308878,[-30.0 2.974323222308878],2.0820630068303982,False,True,21.924322756794297,29,59.99785047027138,2781.494,in_progress,0.0,0
398,125.0,-6.360103113608946,-0.8510452458421692,105.30784798389678,-30.0,0.5,[-30.0 0.5],1.5492912567280177,False,True,22.159176239947485,29,59.99785047027138,2781.562,in_progress,0.0,0
398,126.0,-6.363648417973481,-0.7095229883171591,96.47790313618864,-18.335454945311863,0.5,[-18.335454945311863 0.5],1.5609137566566744,False,True,22.394998431623435,30,59.99785047027138,2781.599,in_progress,0.0,0
398,127.0,-6.358473597223551,-0.643986280171356,91.31578126817914,-10.655149942055111,0.5,[-10.655149942055111 0.5],1.955364219703108,False,True,22.50354159787213,30,59.99785047027138,2781.693,in_progress,0.0,0
398,128.0,-6.3382554227613745,-0.4993838515327807,80.5731832540382,30.0,2.466770978399756,[30.0 2.466770978399756],2.00913869699369,False,True,22.747947516257923,31,59.99785047027138,2781.761,in_progress,0.0,0
398,129.0,-6.324660112113503,-0.4049328778003618,78.06517568547198,30.0,0.9078751008291039,[30.0 0.9078751008291039],1.6725608821231202,False,True,22.90283334836043,31,59.99785047027138,2781.818,in_progress,0.0,0
398,130.0,-6.322852197608232,-0.31193480851855354,80.19888936082315,30.0,4.0,[30.0 4.0],2.5745441112200376,False,True,23.069947487982645,31,59.99785047027138,2781.894,in_progress,0.0,0
398,131.0,-6.329294529992843,-0.2043646807931368,85.53658787601898,24.014699861906365,0.9489480716653095,[24.014699861906365 0.9489480716653095],1.850905389895119,False,True,23.248354661002466,32,59.99785047027138,2781.961,in_progress,0.0,0
398,132.0,-6.351694822497104,-0.11042894280093002,92.26942002866018,30.0,0.5,[30.0 0.5],1.7516885083169491,False,True,23.425579836588327,33,59.99785047027138,2782.019,in_progress,0.0,0
398,133.0,-6.386240461192695,-0.026757575793687233,100.68758719570054,28.519560413093984,2.8440562778071605,[28.519560413093984 2.8440562778071605],2.3217742298515627,False,True,23.58815473645093,33,59.99785047027138,2782.09,in_progress,0.0,0
398,134.0,-6.430909590462572,0.04388064699019549,108.4180956029527,21.21222153202973,2.688801938213843,[21.21222153202973 2.688801938213843],2.2916896669664517,False,True,23.745825025891293,34,59.99785047027138,2782.152,in_progress,0.0,0
398,135.0,-6.5017640904868115,0.12261756276229209,117.65789717794456,30.0,4.0,[30.0 4.0],2.6159568364586985,False,True,23.938151547447177,35,59.99785047027138,2782.223,in_progress,0.0,0
398,136.0,-6.58493623851648,0.19124573158229383,127.12968856905317,-16.388186744054696,1.2937928686779414,[-16.388186744054696 1.2937928686779414],1.8118669196551735,False,True,24.138307675450577,36,59.99785047027138,2782.282,in_progress,0.0,0
398,137.0,-6.672731550002626,0.2573393222502572,136.17094933628888,-20.305838958259827,4.0,[-20.305838958259827 4.0],2.416932886622642,False,True,24.34535564209419,37,59.99785047027138,2782.359,in_progress,0.0,0
398,138.0,-6.768464517414645,0.3454959161921142,139.23182950564598,30.0,3.6315915486525783,[30.0 3.6315915486525783],2.3476217031448474,False,True,24.58489574912494,38,59.99785047027138,2782.414,in_progress,0.0,0
398,139.0,-6.849268720142948,0.42222164653579175,139.0171999888165,30.0,1.0530437427793515,[30.0 1.0530437427793515],1.951386389957617,False,True,24.77206508715419,39,59.99785047027138,2782.486,in_progress,0.0,0
398,140.0,-6.956784686550833,0.5038771757931739,140.83897618327853,30.0,2.311061703579585,[30.0 2.311061703579585],2.264552540381838,False,True,24.989177046507677,40,59.99785047027138,2782.557,in_progress,0.0,0
398,141.0,-7.061907820411559,0.5693358945133045,144.08301030283474,30.0,0.5,[30.0 0.5],1.8401934875191786,False,True,25.19260264312328,40,59.99785047027138,2782.611,in_progress,0.0,0
398,142.0,-7.164054955860491,0.6201444615896324,148.0391090121161,3.9778170065229617,0.5500430055820305,[3.9778170065229617 0.5500430055820305],2.326954857979194,False,True,25.382405562525094,41,59.99785047027138,2782.679,in_progress,0.0,0
398,143.0,-7.260828458403885,0.6575397856517091,152.61393848613108,0.5931809404876738,0.5,[0.5931809404876738 0.5],2.322195985167059,False,True,25.555246884318336,41,59.99785047027138,2782.747,in_progress,0.0,0
398,144.0,-7.3431490898582625,0.687131520563812,155.26921100155513,-30.0,3.002705517274409,[-30.0 3.002705517274409],2.4647614620361087,False,True,25.70083943029333,42,59.99785047027138,2782.817,in_progress,0.0,0
398,145.0,-7.425621669008047,0.7176038524144552,156.65662022678933,-30.0,4.0,[-30.0 4.0],2.710530550687696,False,True,25.84723507285635,42,59.99785047027138,2782.885,in_progress,0.0,0
398,146.0,-7.513491459490188,0.7706679417266388,153.6013505860079,-30.0,2.829296221811431,[-30.0 2.829296221811431],2.4376428043020884,False,True,26.018108044172678,42,59.99785047027138,2782.965,in_progress,0.0,0
398,147.0,-7.600507055788917,0.8502542517506602,146.6123603797517,-30.0,2.112401455000719,[-30.0 2.112401455000719],2.275118027129338,False,True,26.210433526994834,43,59.99785047027138,2782.997,in_progress,0.0,0
398,148.0,-7.6412321127066,0.8994591017369494,141.96271473597233,-12.342170725116269,1.2685238747261274,[-12.342170725116269 1.2685238747261274],2.5948835327221818,False,True,26.310576489262132,43,59.99785047027138,2783.085,in_progress,0.0,0
398,149.0,-7.738750153894129,1.0202918075836012,134.18972183413507,10.968236179529072,2.4406345345613825,[10.968236179529072 2.4406345345613825],2.9650784114966613,False,True,26.582000608669603,43,59.99785047027138,2783.165,in_progress,0.0,0
398,150.0,-7.826031488237521,1.1237455274998045,132.46044275033594,-30.0,0.5,[-30.0 0.5],1.758075116444589,False,True,26.805185543206903,44,59.99785047027138,2783.207,in_progress,0.0,0
398,151.0,-7.882750702093967,1.1793741108925753,133.72917016337783,1.5165009689604538,0.6426408813223949,[1.5165009689604538 0.6426408813223949],2.245766314624706,False,True,26.97204896944075,44,59.99785047027138,2783.296,in_progress,0.0,0
398,152.0,-7.975789204519418,1.2731630566016963,134.41526587327635,7.581713741865258,4.0,[7.581713741865258 4.0],3.471179237870292,False,True,27.190173974503494,45,59.99785047027138,2783.343,in_progress,0.0,0
398,153.0,-8.036717271624315,1.3353733648795358,134.4200320386531,-30.0,0.5,[-30.0 0.5],1.9432180409794755,False,True,27.33407109723902,45,59.99785047027138,2783.428,in_progress,0.0,0
398,154.0,-8.109172655778385,1.4140593218384516,133.54263233839805,-30.0,0.7881826930826191,[-30.0 0.7881826930826191],2.022049249619921,False,True,27.52880208414868,45,59.99785047027138,2783.479,in_progress,0.0,0
398,155.0,-8.161101329528798,1.4768848002455244,132.38626447693832,-30.0,0.5,[-30.0 0.5],1.9583788757941514,False,True,27.66079327005089,45,59.99785047027138,2783.56,in_progress,0.0,0
398,156.0,-8.20357823700385,1.537167501762922,130.28543810624504,-8.13577178074528,3.4682656515634074,[-8.13577178074528 3.4682656515634074],3.3444470295011857,False,True,27.782094580879388,46,59.99785047027138,2783.626,in_progress,0.0,0
398,157.0,-8.244176306799151,1.597920870226039,128.516069891562,-0.9570384479319181,3.4507117244701324,[-0.9570384479319181 3.4507117244701324],3.345136109365428,False,True,27.902734674300717,46,59.99785047027138,2783.691,in_progress,0.0,0
398,158.0,-8.283523341238986,1.6706470911971822,125.27943847424478,18.569522129090707,1.5512537250323715,[18.569522129090707 1.5512537250323715],2.2261269739888383,False,True,28.040177579622338,46,59.99785047027138,2783.751,in_progress,0.0,0
398,159.0,-8.333158909792086,1.7512200984049944,123.69884970157692,-30.0,1.8516096602566656,[-30.0 1.8516096602566656],2.305069447554876,False,True,28.19216862262539,46,59.99785047027138,2783.826,in_progress,0.0,0
398,160.0,-8.392665115920396,1.8451428163675943,122.95833264031457,-30.0,0.7077732233857723,[-30.0 0.7077732233857723],2.0391206804380118,False,True,28.3701048452954,47,59.99785047027138,2783.882,in_progress,0.0,0
398,161.0,-8.427615089917568,1.9135453368436857,121.26963213337517,-30.0,0.5,[-30.0 0.5],1.9931834360299865,False,True,28.47745088559101,47,59.99785047027138,2783.958,in_progress,0.0,0
398,162.0,-8.46133930375408,1.9957977614476738,117.97473790112888,-30.0,0.5,[-30.0 0.5],1.8328383662866259,False,True,28.62032752799837,47,59.99785047027138,2784.018,in_progress,0.0,0
398,163.0,-8.472707338688823,2.0598753988385146,113.00023978723411,-30.0,0.5,[-30.0 0.5],1.8365249461666933,False,True,28.728702432156823,47,59.99785047027138,2784.087,in_progress,0.0,0
398,164.0,-8.477517480997903,2.1166125945256926,108.94749221859148,-30.0,1.5136021411651095,[-30.0 1.5136021411651095],2.062401873873456,False,True,28.823490046952188,48,59.99785047027138,2784.151,in_progress,0.0,0
398,165.0,-8.473126184521597,2.1787477276388607,103.38802297006653,-30.0,0.6527564903597942,[-30.0 0.6527564903597942],2.0469021019025844,False,True,28.925141071155494,48,59.99785047027138,2784.225,in_progress,0.0,0
398,166.0,-8.459204531401513,2.240659595199183,96.9838277851035,-14.578398445998012,3.696951059704067,[-14.578398445998012 3.696951059704067],3.475076497898345,False,True,29.010317698814234,48,59.99785047027138,2784.289,in_progress,0.0,0
398,167.0,-8.439611359173751,2.295903651520346,90.78277934065855,-27.755054045762126,0.5,[-27.755054045762126 0.5],2.0158011146193,False,True,29.10221009284014,48,59.99785047027138,2784.364,in_progress,0.0,0
398,168.0,-8.402852666604977,2.3590867005179943,81.54585007447145,-30.0,3.2122912041708034,[-30.0 3.2122912041708034],2.6706259753320305,False,True,29.207174180307987,48,59.99785047027138,2784.394,in_progress,0.0,0
398,169.0,-8.378070009823697,2.3970005120340447,76.91683083279484,-13.32468642651736,3.068603774811061,[-13.32468642651736 3.068603774811061],3.29662728887531,False,True,29.27013381111874,49,59.99785047027138,2784.495,in_progress,0.0,0
398,170.0,-8.319117652600026,2.47754203013045,68.3415797504256,-30.0,0.5,[-30.0 0.5],2.0266057278510807,False,True,29.40382210159946,49,59.99785047027138,2784.553,in_progress,0.0,0
398,171.0,-8.273111352367653,2.5311277660198974,62.09573178658501,13.611419493981032,1.429370759361555,[13.611419493981032 1.429370759361555],2.581024071403589,False,True,29.492704025361732,49,59.99785047027138,2784.629,in_progress,0.0,0
398,172.0,-8.209486862303184,2.609912839098716,57.87942337291891,22.108896511338145,1.4353453026036647,[22.108896511338145 1.4353453026036647],2.0735446737208427,False,True,29.661918292685357,49,59.99785047027138,2784.669,in_progress,0.0,0
398,173.0,-8.182471807462617,2.655460258801488,58.1940880248369,30.0,1.1873501479239823,[30.0 1.1873501479239823],2.021165528935111,False,True,29.742719344617257,49,59.99785047027138,2784.756,in_progress,0.0,0
398,174.0,-8.136714532573073,2.7621248139004364,61.76392272437689,-4.4175475795606225,1.2417073994552001,[-4.4175475795606225 1.2417073994552001],2.3199061387609787,False,True,29.928414941021813,50,59.99785047027138,2784.819,in_progress,0.0,0
398,175.0,-8.102025838789276,2.8452724916577763,63.649873108365355,9.430727006952814,2.148864618388675,[9.430727006952814 2.148864618388675],2.5574159788878017,False,True,30.131793989419606,50,59.99785047027138,2784.887,in_progress,0.0,0
398,176.0,-8.059405228812137,2.928419496987127,63.35410699955478,16.029405010167004,1.435621345961959,[16.029405010167004 1.435621345961959],1.9091134389980529,False,True,30.283975005865187,50,59.99785047027138,2784.945,in_progress,0.0,0
398,177.0,-8.024866372214785,3.0101719177517245,64.5670646602919,20.56367690586424,0.5,[20.56367690586424 0.5],1.7275161692054668,False,True,30.43044938220305,51,59.99785047027138,2785.02,in_progress,0.0,0
398,178.0,-7.9957599981195475,3.113397523016938,68.49043329047713,23.334488840731616,3.318463568594431,[23.334488840731616 3.318463568594431],2.3024044611110392,False,True,30.68299192292838,51,59.99785047027138,2785.085,in_progress,0.0,0
398,179.0,-7.977626761129451,3.193449843290361,71.33535948506943,-19.024584246841528,2.930867046526661,[-19.024584246841528 2.930867046526661],2.22976055392007,False,True,30.817258961526335,51,59.99785047027138,2785.157,in_progress,0.0,0
398,180.0,-7.945420371797424,3.290576735313411,71.60266408193365,15.574319514820985,0.5,[15.574319514820985 0.5],1.7503591165073822,False,True,30.987033204132388,52,59.99785047027138,2785.214,in_progress,0.0,0
398,181.0,-7.9170943549725346,3.3713781927378994,70.70200632734652,16.014530023074506,1.6997029269105968,[16.014530023074506 1.6997029269105968],1.9993952272357547,False,True,31.20049016708282,52,59.99785047027138,2785.292,in_progress,0.0,0
398,182.0,-7.894802326659512,3.471050430218985,73.19530502074913,-10.281444131190852,2.068473587710108,[-10.281444131190852 2.068473587710108],2.8590846994570507,False,True,31.359264249841303,52,59.99785047027138,2785.353,in_progress,0.0,0
398,183.0,-7.874333921026004,3.5702484821614946,75.0169135502923,-7.630981520676652,0.6778148837360305,[-7.630981520676652 0.6778148837360305],2.4849892851506294,False,True,31.515692649081416,53,59.99785047027138,2785.422,in_progress,0.0,0
398,184.0,-7.840599376931009,3.6694519963990695,73.54019868065404,-30.0,2.287388348936616,[-30.0 2.287388348936616],2.3517339766041174,False,True,31.723012974957456,53,59.99785047027138,2785.494,in_progress,0.0,0
398,185.0,-7.793884651241542,3.7661401186183006,69.69048031673861,-30.0,0.5304070461297912,[-30.0 0.5304070461297912],1.9726944385506382,False,True,31.89365384726419,53,59.99785047027138,2785.557,in_progress,0.0,0
398,186.0,-7.736342372479078,3.849520218089303,64.08660378306016,-30.0,0.5371026643078828,[-30.0 0.5371026643078828],2.161577783634651,False,True,32.06054976092628,54,59.99785047027138,2785.629,in_progress,0.0,0
398,187.0,-7.686755774746374,3.9169671746497325,60.792648534907485,10.563118718453708,1.5333266633337443,[10.563118718453708 1.5333266633337443],3.0099967090651782,False,True,32.217725637918704,54,59.99785047027138,2785.69,in_progress,0.0,0
398,188.0,-7.644397211736746,3.9759910002496373,59.029520220442485,10.498866849730888,2.678533356550279,[10.498866849730888 2.678533356550279],3.359483835709552,False,True,32.33397614676737,54,59.99785047027138,2785.754,in_progress,0.0,0
398,189.0,-7.6084635802288965,4.043386759394889,59.923006586303416,-17.001223726407225,2.79599835947951,[-17.001223726407225 2.79599835947951],2.720538863925402,False,True,32.45040491279673,55,59.99785047027138,2785.823,in_progress,0.0,0
398,190.0,-7.5621300344308064,4.126968812146197,60.16260464665698,-13.61964387591567,1.0807132362532257,[-13.61964387591567 1.0807132362532257],2.894436984833474,False,True,32.597117906101175,55,59.99785047027138,2785.893,in_progress,0.0,0
398,191.0,-7.49363868039069,4.210912085872627,56.45723105571194,-30.0,0.7725414081694293,[-30.0 0.7725414081694293],2.2494349282172927,False,True,32.76230143264492,55,59.99785047027138,2785.943,in_progress,0.0,0
398,192.0,-7.453187565325495,4.250668688889282,53.6967910785667,-30.0,0.5,[-30.0 0.5],2.187218404283981,False,True,32.85352042381491,55,59.99785047027138,2786.03,in_progress,0.0,0
398,193.0,-7.373178522291291,4.3049573300130035,45.652781931885464,-30.0,4.0,[-30.0 4.0],3.0347825482253485,False,True,33.01409238481935,56,59.99785047027138,2786.099,in_progress,0.0,0
398,194.0,-7.308996195021455,4.34329495053207,41.29665358716876,-30.0,2.5437427558104253,[-30.0 2.5437427558104253],2.690585925133831,False,True,33.13865150565107,56,59.99785047027138,2786.157,in_progress,0.0,0
398,195.0,-7.228761720599802,4.373354730038036,34.447182223947586,15.515177575351544,0.5,[15.515177575351544 0.5],2.2055530765143305,False,True,33.26565779596426,56,59.99785047027138,2786.225,in_progress,0.0,0
398,196.0,-7.141586663694331,4.394697225448698,25.622576703133,-30.0,2.5992965554653082,[-30.0 2.5992965554653082],2.7161896770440563,False,True,33.4139611896303,56,59.99785047027138,2786.297,in_progress,0.0,0
398,197.0,-7.047761783836198,4.410676595014664,18.310546348143976,-12.656291370351632,4.0,[-12.656291370351632 4.0],3.8245128254822083,False,True,33.56935009337708,57,59.99785047027138,2786.358,in_progress,0.0,0
398,198.0,-6.946506119055741,4.418551754374878,12.619108598083931,0.8017999811992027,4.0,[0.8017999811992027 4.0],3.8340987244936375,False,True,33.73138006269201,57,59.99785047027138,2786.425,in_progress,0.0,0
398,199.0,-6.834064710389321,4.428658916276716,9.309542207695413,-10.476833534462052,3.069548727630714,[-10.476833534462052 3.069548727630714],3.5664260750590597,False,True,33.91745457397238,57,59.99785047027138,2786.491,in_progress,0.0,0
398,200.0,-6.701003193626007,4.4349611221759275,6.004153335249132,-30.0,1.1651775337475738,[-30.0 1.1651775337475738],2.407288636348706,False,True,34.13608330763944,58,59.99785047027138,2786.555,in_progress,0.0,0
398,201.0,-6.561962279343823,4.4288568153755605,1.7574547089727128,-30.0,0.7399038573096548,[-30.0 0.7399038573096548],2.3176679323624163,False,True,34.37487144838073,58,59.99785047027138,2786.619,in_progress,0.0,0
398,202.0,-6.469304775640305,4.417287109519674,-1.3767810096864022,17.989581717055295,0.5,[17.989581717055295 0.5],2.2671249868568037,False,True,34.526803891946386,58,59.99785047027138,2786.681,in_progress,0.0,0
398,203.0,-6.365740725549084,4.399898964289002,-4.915639223563791,-9.63902626948498,0.5,[-9.63902626948498 0.5],2.607033167191514,False,True,34.69592053078986,59,59.99785047027138,2786.746,in_progress,0.0,0
398,204.0,-6.283823505375676,4.384040560789407,-6.923385358431848,-2.1336146722309053,2.2980002123568872,[-2.1336146722309053 2.2980002123568872],3.1095892823898326,False,True,34.84844191549202,59,59.99785047027138,2786.82,in_progress,0.0,0
398,205.0,-6.194872008938666,4.361832685271393,-9.346533230748463,9.01598166639684,2.3263024017378924,[9.01598166639684 2.3263024017378924],3.125150520228922,False,True,34.996307321169255,59,59.99785047027138,2786.871,in_progress,0.0,0
398,206.0,-6.140083580938319,4.351511620643076,-9.657491250174301,15.907559380827507,0.9849757242836013,[15.907559380827507 0.9849757242836013],2.2080340681076143,False,True,35.0874410635343,60,59.99785047027138,2786.962,in_progress,0.0,0
398,207.0,-6.011889059748763,4.345017339046497,-6.5666935822753425,12.345318729242045,0.5,[12.345318729242045 0.5],2.639117689333544,False,True,35.30098231895367,60,59.99785047027138,2787.002,in_progress,0.0,0
398,208.0,-5.960717930456471,4.349563095027124,-3.9838654179138646,-3.129604524040804,0.5,[-3.129604524040804 0.5],2.6428238095944185,False,True,35.39119136230033,60,59.99785047027138,2787.091,in_progress,0.0,0
398,209.0,-5.873797759033987,4.3516438816025085,-2.2921077438345634,-4.271416152464077,2.0427293061764975,[-4.271416152464077 2.0427293061764975],3.0746561171547397,False,True,35.53603819332004,60,59.99785047027138,2787.164,in_progress,0.0,0
398,210.0,-5.794077164888087,4.3425210514887524,-3.6382422249494857,24.99284249023362,4.0,[24.99284249023362 4.0],2.8957214399146536,False,True,35.66900568785573,61,59.99785047027138,2787.202,in_progress,0.0,0
398,211.0,-5.7485444106615615,4.334676098124746,-4.683966494307277,-21.9658958101647,0.5,[-21.9658958101647 0.5],2.127905223036539,False,True,35.74497888400286,61,59.99785047027138,2787.304,in_progress,0.0,0
398,212.0,-5.623638941192928,4.319224863954997,-5.651300112101785,-30.0,0.5,[-30.0 0.5],2.1374089548601596,False,True,35.95055839037745,61,59.99785047027138,2787.343,in_progress,0.0,0
398,213.0,-5.587494628609504,4.313483948723885,-6.137283024046845,13.27532617658052,0.5,[13.27532617658052 0.5],2.673399570572127,False,True,36.010783550261124,61,59.99785047027138,2787.429,in_progress,0.0,0
398,214.0,-5.523048688143184,4.308029118132682,-5.758899968388949,30.0,1.2183173635304523,[30.0 1.2183173635304523],2.300727424135684,False,True,36.11818056976707,62,59.99785047027138,2787.494,in_progress,0.0,0
398,215.0,-5.471581361738966,4.317089154685624,-2.4289400303133917,21.50728018452191,1.5952135642173935,[21.50728018452191 1.5952135642173935],2.3864157478587216,False,True,36.20398986873133,62,59.99785047027138,2787.551,in_progress,0.0,0
398,216.0,-5.409298342807645,4.341615266024354,3.764880271175495,-7.601787779455677,3.6817532357020615,[-7.601787779455677 3.6817532357020615],3.5615625228361893,False,True,36.30787286609337,62,59.99785047027138,2787.625,in_progress,0.0,0
398,217.0,-5.340470851613215,4.369635806783466,9.021492995586941,30.0,1.4330807623878554,[30.0 1.4330807623878554],2.3589486416229066,False,True,36.422518844806405,62,59.99785047027138,2787.695,in_progress,0.0,0
398,218.0,-5.2601617486784225,4.406582238651167,14.959214388293395,-30.0,1.4791075108250462,[-30.0 1.4791075108250462],2.3745719703913366,False,True,36.55652180222808,62,59.99785047027138,2787.757,in_progress,0.0,0
398,219.0,-5.184652612585415,4.441194632634587,18.33432113390908,-7.540206677701271,0.5,[-7.540206677701271 0.5],2.951210241905414,False,True,36.6825150725709,63,59.99785047027138,2787.835,in_progress,0.0,0
398,220.0,-5.106814447642173,4.456787943476967,16.21659064551389,-23.881258551962382,4.0,[-23.881258551962382 4.0],3.206717090259443,False,True,36.81231294093541,63,59.99785047027138,2787.877,in_progress,0.0,0
398,221.0,-5.05740935678643,4.460391358389212,13.418481897502256,-30.0,1.7171212034938115,[-30.0 1.7171212034938115],2.661686933610372,False,True,36.89467209953844,63,59.99785047027138,2787.957,in_progress,0.0,0
398,222.0,-4.965574146035281,4.448248155388032,5.450024369929053,-30.0,3.5621448181467574,[-30.0 3.5621448181467574],3.111695616891029,False,True,37.04815458624007,63,59.99785047027138,2788.026,in_progress,0.0,0
398,223.0,-4.868318535936066,4.4205967319396455,-2.655279141396822,27.22368826784993,1.6736885084516246,[27.22368826784993 1.6736885084516246],2.4440155703043045,False,True,37.210316745492,64,59.99785047027138,2788.097,in_progress,0.0,0
398,224.0,-4.773905820272169,4.3896905292375,-9.778535584277625,-7.924756825210579,1.1455772640168345,[-7.924756825210579 1.1455772640168345],2.918320198201798,False,True,37.367748094696196,64,59.99785047027138,2788.134,in_progress,0.0,0
398,225.0,-4.717420037690661,4.3781503873020515,-11.02173854161961,-2.968090110477995,0.5,[-2.968090110477995 0.5],2.7448900308487647,False,True,37.46154780494728,64,59.99785047027138,2788.226,in_progress,0.0,0
398,226.0,-4.610715712303382,4.348084669023156,-13.173854813038368,24.69441692626267,0.5,[24.69441692626267 0.5],2.203877368550745,False,True,37.639385703279935,64,59.99785047027138,2788.287,in_progress,0.0,0
398,227.0,-4.547801088876294,4.333862007068273,-13.068177230728905,30.0,0.5,[30.0 0.5],2.2077852896332057,False,True,37.74424290059745,65,59.99785047027138,2788.354,in_progress,0.0,0
398,228.0,-4.4925761978694325,4.331147312299321,-10.784070401103213,30.0,0.5,[30.0 0.5],2.2109878769096922,False,True,37.8362868679081,65,59.99785047027138,2788.432,in_progress,0.0,0
398,229.0,-4.4388305302773485,4.34095819073872,-6.11962030753483,30.0,0.5,[30.0 0.5],2.214061261258297,False,True,37.925869129263965,65,59.99785047027138,2788.494,in_progress,0.0,0
398,230.0,-4.397832976102926,4.36019156989663,-0.5911576943771041,26.342251842032177,1.041876519035679,[26.342251842032177 1.041876519035679],2.335068119939693,False,True,37.99223453676006,65,59.99785047027138,2788.531,in_progress,0.0,0
398,231.0,-4.377066642832501,4.372585842634673,2.508741190252721,2.3501054349207706,3.624485448839343,[2.3501054349207706 3.624485448839343],3.6291198400421556,False,True,38.027000700736615,65,59.99785047027138,2788.623,in_progress,0.0,0
398,232.0,-4.30945611445092,4.4061805204503655,9.16474180579224,-9.663339489131115,3.0761564777899584,[-9.663339489131115 3.0761564777899584],3.4838306778810546,False,True,38.140106834123124,65,59.99785047027138,2788.685,in_progress,0.0,0
398,233.0,-4.248776514388862,4.416234459315299,9.341195743519894,27.914400018055495,0.5,[27.914400018055495 0.5],2.2240611716991263,False,True,38.24136627841648,66,59.99785047027138,2788.746,in_progress,0.0,0
398,234.0,-4.169804299170954,4.427164319363573,7.839135579748745,25.076269130154934,0.5,[25.076269130154934 0.5],2.2295027983497024,False,True,38.37312462343452,66,59.99785047027138,2788.828,in_progress,0.0,0
398,235.0,-4.111333389283719,4.440304611642285,8.943464724827864,-6.762062470296712,0.7584798008315873,[-6.762062470296712 0.7584798008315873],3.1226302552608147,False,True,38.47074157334887,66,59.99785047027138,2788.885,in_progress,0.0,0
398,236.0,-4.056971212949799,4.453694664445797,10.040538004803224,-30.0,0.5,[-30.0 0.5],2.439463070651337,False,True,38.56009734458241,66,59.99785047027138,2788.955,in_progress,0.0,0
398,237.0,-4.001818931848045,4.459826167871294,9.289293808539249,-28.5950288593813,2.916743740688749,[-28.5950288593813 2.916743740688749],3.023048403237946,False,True,38.65220340481612,66,59.99785047027138,2789.01,in_progress,0.0,0
398,238.0,-3.948622600213291,4.463355353065043,8.130916205339167,-12.317561695542697,0.5,[-12.317561695542697 0.5],3.058003833001028,False,True,38.740965222254495,66,59.99785047027138,2789.091,in_progress,0.0,0
398,239.0,-3.879115015926521,4.457078984905036,3.9513342628206236,-30.0,0.5,[-30.0 0.5],2.4513953147776397,False,True,38.856588579627335,67,59.99785047027138,2789.156,in_progress,0.0,0
398,240.0,-3.823768951708738,4.450457586126675,1.5460389115733455,-14.215198697072516,1.9300271229438248,[-14.215198697072516 1.9300271229438248],3.4977290869491946,False,True,38.94860182535533,67,59.99785047027138,2789.218,in_progress,0.0,0
398,241.0,-3.7739910392119786,4.439380344731725,-1.2804931373514266,30.0,0.5,[30.0 0.5],2.4581826771940314,False,True,39.03423067611449,67,59.99785047027138,2789.285,in_progress,0.0,0
398,242.0,-3.720340468880484,4.427587953418464,-3.9428369056435844,-5.103220579702651,0.7192064629008084,[-5.103220579702651 0.7192064629008084],2.8808922244978064,False,True,39.12366268644587,67,59.99785047027138,2789.358,in_progress,0.0,0
398,243.0,-3.666393396875885,4.420166525028779,-4.799324700154514,5.5581671754296735,3.146081802239945,[5.5581671754296735 3.146081802239945],3.5522673181631244,False,True,39.21358473095108,67,59.99785047027138,2789.424,in_progress,0.0,0
398,244.0,-3.603988691448291,4.4106609219629265,-5.831224732692244,30.0,2.000176036161048,[30.0 2.000176036161048],2.5936806190372654,False,True,39.317605314087146,68,59.99785047027138,2789.481,in_progress,0.0,0
398,245.0,-3.5346972101575354,4.415610589739889,-3.124662614130399,-30.0,0.5,[-30.0 0.5],2.2682575649848364,False,True,39.43340470783346,68,59.99785047027138,2789.561,in_progress,0.0,0
398,246.0,-3.463322015470386,4.425770284136644,0.5527557880427708,-23.49927978637416,2.221747032447223,[-23.49927978637416 2.221747032447223],2.651832402911434,False,True,39.552329713943,68,59.99785047027138,2789.598,in_progress,0.0,0
398,247.0,-3.4282492113624565,4.427111467033255,0.7936580638755761,-5.539199930472083,0.5,[-5.539199930472083 0.5],2.8431719210818955,False,True,39.61078137121075,69,59.99785047027138,2789.69,in_progress,0.0,0
398,248.0,-3.352856277584115,4.406908048643461,-3.845482316872747,11.44416093856124,0.5,[11.44416093856124 0.5],2.851282919282747,False,True,39.76063235665808,69,59.99785047027138,2789.746,in_progress,0.0,0
398,249.0,-3.3056513605598816,4.3951418088264695,-5.820473517265116,-13.849383422291503,4.0,[-13.849383422291503 4.0],3.817162733304108,False,True,39.84109579624791,69,59.99785047027138,2789.826,in_progress,0.0,0
398,250.0,-3.2508941755799525,4.38642551077233,-6.5612311651160855,-30.0,1.187153043094089,[-30.0 1.187153043094089],2.4382623712758242,False,True,39.9334452024683,70,59.99785047027138,2789.893,in_progress,0.0,0
398,251.0,-3.1917765049056834,4.351937809424155,-12.562855806175754,-30.0,1.1565535601146273,[-30.0 1.1565535601146273],2.436061591473817,False,True,40.0472167598082,70,59.99785047027138,2789.964,in_progress,0.0,0
398,252.0,-3.131607867356864,4.3011475997861215,-20.851888322138166,7.1652369125866215,2.822569680932557,[7.1652369125866215 2.822569680932557],3.508789168039857,False,True,40.159359509915845,70,59.99785047027138,2790.0,in_progress,0.0,0
398,253.0,-3.0964440234594077,4.265498525118509,-25.74238576176426,-6.885470960216612,0.5,[-6.885470960216612 0.5],2.611436943517912,False,True,40.226432079843924,71,59.99785047027138,2790.09,in_progress,0.0,0
398,254.0,-3.0119370974721265,4.206008713949451,-31.37788507642213,-30.0,0.5611490336799276,[-30.0 0.5611490336799276],2.1123147269969147,False,True,40.47790910051881,72,59.99785047027138,2790.161,in_progress,0.0,0
398,255.0,-2.963980604304937,4.164069932850751,-34.534979146987894,18.778650861749362,3.438008208129334,[18.778650861749362 3.438008208129334],2.6930271987614303,False,True,40.61621381540381,72,59.99785047027138,2790.226,in_progress,0.0,0
398,256.0,-2.9196025603261826,4.117891738437236,-37.29279681523424,-10.225520670515305,4.0,[-10.225520670515305 4.0],3.511112649107425,False,True,40.71646377417086,73,59.99785047027138,2790.297,in_progress,0.0,0
398,257.0,-2.8540972851885416,4.062056351603398,-38.782337406473495,-18.02989569638421,3.0746842819078615,[-18.02989569638421 3.0746842819078615],2.6362627986888576,False,True,40.99859222604398,74,59.99785047027138,2790.346,in_progress,0.0,0
398,258.0,-2.811975450958738,4.014172195735689,-41.290357240948,30.0,0.5,[30.0 0.5],2.127912741789359,False,True,41.16217869305987,74,59.99785047027138,2790.429,in_progress,0.0,0
398,259.0,-2.739549574952953,3.936692902694986,-43.89406546479139,-30.0,0.5,[-30.0 0.5],2.141706014268279,False,True,41.47215341482441,75,59.99785047027138,2790.482,in_progress,0.0,0
398,260.0,-2.7056148877207975,3.903318525948763,-44.02410780615826,5.050569500298707,2.389475138266726,[5.050569500298707 2.389475138266726],3.1523094851350457,False,True,41.54763382232667,76,59.99785047027138,2790.558,in_progress,0.0,0
398,261.0,-2.643853885304286,3.845514410994643,-43.4596910879891,-24.804128242184127,0.5,[-24.804128242184127 0.5],2.1512810949898724,False,True,41.726370099949264,76,59.99785047027138,2790.635,in_progress,0.0,0
398,262.0,-2.581169167476241,3.787900393263241,-43.033077946177436,-30.0,0.6298251811385395,[-30.0 0.6298251811385395],2.4046906407342004,False,True,41.93582560740352,77,59.99785047027138,2790.674,in_progress,0.0,0
398,263.0,-2.5566340022130363,3.762421430578186,-43.424813563399354,-30.0,0.5,[-30.0 0.5],2.377144915888907,False,True,41.98416510905382,77,59.99785047027138,2790.76,in_progress,0.0,0
398,264.0,-2.5201509428307642,3.705856984223614,-47.03616617449106,-30.0,1.3349408672416068,[-30.0 1.3349408672416068],2.5647856054695684,False,True,42.08679250973775,78,59.99785047027138,2790.805,in_progress,0.0,0
398,265.0,-2.5092600741607627,3.6768392289583254,-49.909604684937754,-29.21673774161913,2.2678899388671923,[-29.21673774161913 2.2678899388671923],2.7725776716215442,False,True,42.16318610072661,78,59.99785047027138,2790.899,in_progress,0.0,0
398,266.0,-2.4915949961840327,3.5874268461876833,-59.77246443500036,-26.457499128363498,0.5,[-26.457499128363498 0.5],2.390191628597845,False,True,42.31381462577317,79,59.99785047027138,2790.949,in_progress,0.0,0
398,267.0,-2.489406233985557,3.5311471712466953,-65.98383226688927,-30.0,1.968650625178413,[-30.0 1.968650625178413],2.7191926689225845,False,True,42.45232777236235,79,59.99785047027138,2791.019,in_progress,0.0,0
398,268.0,-2.496419677836396,3.4528851642496754,-74.68691300177677,-30.0,0.5,[-30.0 0.5],2.401581833048801,False,True,42.58327667105052,80,59.99785047027138,2791.098,in_progress,0.0,0
398,269.0,-2.518122614546692,3.368946168319344,-84.54683517817176,-30.0,1.716667947923798,[-30.0 1.716667947923798],2.6763197387094633,False,True,42.74354361879349,80,59.99785047027138,2791.146,in_progress,0.0,0
398,270.0,-2.5324357593786253,3.3217674698378574,-88.95455176494895,-30.0,0.5,[-30.0 0.5],2.4114907105399426,False,True,42.82504686599316,81,59.99785047027138,2791.234,in_progress,0.0,0
398,271.0,-2.577446431499738,3.238408185279999,-99.26901406609176,17.663852474760994,0.5080025969630425,[17.663852474760994 0.5080025969630425],2.422497385986836,False,True,43.02576763322501,81,59.99785047027138,2791.274,in_progress,0.0,0
398,272.0,-2.5936745197237068,3.208487551888496,-101.98640068803914,-30.0,2.62004392143124,[-30.0 2.62004392143124],2.888613895087532,False,True,43.081610390235866,82,59.99785047027138,2791.374,in_progress,0.0,0
398,273.0,-2.6392391047877624,3.1202106932330183,-107.85595868833335,-14.563884322922405,3.1287048382501856,[-14.563884322922405 3.1287048382501856],3.7611472742535264,False,True,43.26654564960886,82,59.99785047027138,2791.414,in_progress,0.0,0
398,274.0,-2.667061784762714,3.086154062562862,-111.78916712895038,-30.0,0.5,[-30.0 0.5],2.211665583396243,False,True,43.336420554773646,82,59.99785047027138,2791.49,in_progress,0.0,0
398,275.0,-2.735167025669509,3.0180426475775866,-121.15007616659021,-15.584299542531902,2.044093312601836,[-15.584299542531902 2.044093312601836],2.528880143360796,False,True,43.53697683868738,83,59.99785047027138,2791.567,in_progress,0.0,0
398,276.0,-2.8112942542270565,2.958240121276667,-128.62003183316494,17.67175970116667,0.5,[17.67175970116667 0.5],2.225901909575382,False,True,43.68507633177898,84,59.99785047027138,2791.601,in_progress,0.0,0
398,277.0,-2.84671347710631,2.9333595429816084,-132.13099695211622,-29.808117412243615,0.5,[-29.808117412243615 0.5],2.2318476009803985,False,True,43.83532788998157,84,59.99785047027138,2791.687,in_progress,0.0,0
398,278.0,-2.919027574309598,2.8812960146263364,-136.29872836628172,-30.0,3.5352647728037727,[-30.0 3.5352647728037727],2.848496189283701,False,True,44.06066832505178,85,59.99785047027138,2791.746,in_progress,0.0,0
398,279.0,-2.9774603810106033,2.847246481184834,-139.87371657130407,-9.150521985397265,0.5,[-9.150521985397265 0.5],2.681754914294404,False,True,44.1700809413196,86,59.99785047027138,2791.811,in_progress,0.0,0
398,280.0,-3.0401031936166545,2.8261085737216285,-145.34091632714703,5.9896094851969295,0.5,[5.9896094851969295 0.5],1.3452741624315472,False,False,44.342761248476805,86,59.99785047027138,2791.885,in_progress,0.0,0
398,281.0,-3.0944621518504563,2.8013791969010793,-147.86528868518855,30.0,0.5,[30.0 0.5],1.081647886488658,False,False,44.59425496926923,87,59.99785047027138,2791.955,in_progress,0.0,0
398,282.0,-3.1406467357354226,2.774133076974428,-148.23883343068619,-30.0,2.276421203943071,[-30.0 2.276421203943071],1.0831312073967077,False,False,44.68310957627818,88,59.99785047027138,2792.021,in_progress,0.0,0
398,283.0,-3.192777357431969,2.748856836851954,-150.02689179334766,-16.14887477653972,1.1596319787364164,[-16.14887477653972 1.1596319787364164],1.0856777975785252,False,False,44.815769551206564,88,59.99785047027138,2792.094,in_progress,0.0,0
398,284.0,-3.2680195205742124,2.7422765332744334,-157.22444163717566,-13.5690906975757,1.2557072239869562,[-13.5690906975757 1.2557072239869562],1.3599255478920553,False,False,44.936670278172265,89,59.99785047027138,2792.171,in_progress,0.0,0
398,285.0,-3.3571535765835487,2.746590511893672,-165.68570694353366,-7.017311915819885,1.2496782100284656,[-7.017311915819885 1.2496782100284656],1.3672781945161503,False,False,45.207117182846126,90,59.99785047027138,2792.211,in_progress,0.0,0
398,286.0,-3.4048952857182715,2.7525893654066045,-169.8547393460691,5.0367196382955015,2.9516384165850322,[5.0367196382955015 2.9516384165850322],1.3698079410044675,False,False,45.31814167934088,90,59.99785047027138,2792.298,in_progress,0.0,0
398,287.0,-3.5147044033414034,2.7647093793983477,-176.44806859269002,30.0,0.5,[30.0 0.5],1.101966127555973,False,False,45.598598381626466,91,59.99785047027138,2792.345,in_progress,0.0,0
398,288.0,-3.581190824322887,2.766907120606804,-178.80398723756753,30.0,0.6495028169698307,[30.0 0.6495028169698307],1.103983798328075,False,False,45.70935783908505,92,59.99785047027138,2792.433,in_progress,0.0,0
398,289.0,-3.6870365649697554,2.758848324044529,-177.52587144981146,-14.651519181306291,2.576568789107244,[-14.651519181306291 2.576568789107244],1.3846486346522844,False,False,45.89121189133285,92,59.99785047027138,2792.471,in_progress,0.0,0
398,290.0,-3.7282511578808966,2.7502266529383688,-175.88442192592657,30.0,4.0,[30.0 4.0],1.108725522329198,False,False,45.95998960082572,92,59.99785047027138,2792.568,in_progress,0.0,0
398,291.0,-3.8265250194304183,2.729279476184886,-172.4358124510643,30.0,4.0,[30.0 4.0],1.1120304441143238,False,False,46.123990011560025,93,59.99785047027138,2792.601,in_progress,0.0,0
398,292.0,-3.881968664671396,2.7028578986882157,-168.03393923899355,30.0,0.6217856698989743,[30.0 0.6217856698989743],1.1138505174991609,False,False,46.22637416816631,93,59.99785047027138,2792.699,in_progress,0.0,0
398,293.0,-3.9823127913684675,2.6288293161402776,-156.26339957374904,26.3704618186961,0.5,[26.3704618186961 0.5],1.1172101821442972,False,False,46.392626207686924,94,59.99785047027138,2792.744,in_progress,0.0,0
398,294.0,-4.015954199148395,2.598422688324401,-152.7678372107671,0.5272751039749224,0.8672019292957227,[0.5272751039749224 0.8672019292957227],1.3973849744158255,False,False,46.44828929044152,94,59.99785047027138,2792.825,in_progress,0.0,0
398,295.0,-4.082911713652557,2.5479432171161718,-149.45177737529437,8.709293300154627,2.077211479448194,[8.709293300154627 2.077211479448194],3.318948426982878,False,True,46.55590364650368,94,59.99785047027138,2792.888,in_progress,0.0,0
398,296.0,-4.138383005944203,2.506198808396774,-147.65648171568975,11.720887049246627,0.9628194722919103,[11.720887049246627 0.9628194722919103],3.04185572697549,False,True,46.60738403888214,94,59.99785047027138,2792.958,in_progress,0.0,0
398,297.0,-4.189956824606016,2.4562969173783715,-144.37569395598217,29.011019044030483,0.5,[29.011019044030483 0.5],2.5786235220898575,False,True,46.70199400601685,94,59.99785047027138,2793.018,in_progress,0.0,0
398,298.0,-4.234981377951333,2.409501091800342,-141.75174311313324,25.85512945355771,0.5,[25.85512945355771 0.5],2.5816346529485443,False,True,46.785183668752516,95,59.99785047027138,2793.085,in_progress,0.0,0
398,299.0,-4.271005954629707,2.358743753710978,-137.64717363516627,-2.983754129345165,0.5,[-2.983754129345165 0.5],3.229876722420675,False,True,46.85419276394962,95,59.99785047027138,2793.147,in_progress,0.0,0
398,300.0,-4.293351574199592,2.322419768127663,-134.34369623550967,-30.0,0.5,[-30.0 0.5],2.819822611234395,False,True,46.89788815683015,95,59.99785047027138,2793.218,in_progress,0.0,0
398,301.0,-4.318041734422355,2.29658141052979,-133.91366504667585,28.337708111405405,2.1724269384389223,[28.337708111405405 2.1724269384389223],3.222345849311571,False,True,46.94353947939924,95,59.99785047027138,2793.288,in_progress,0.0,0
398,302.0,-4.34706552377253,2.25294047383081,-131.45849908152667,27.390173056890923,0.7699604433633845,[27.390173056890923 0.7699604433633845],2.887552224741075,False,True,47.000505088106095,95,59.99785047027138,2793.367,in_progress,0.0,0
398,303.0,-4.360258385541444,2.1908987637730553,-124.86433997472245,-9.955626234496293,1.4946596479476024,[-9.955626234496293 1.4946596479476024],3.8289221849389445,False,True,47.05491686486345,95,59.99785047027138,2793.403,in_progress,0.0,0
398,304.0,-4.366316303464844,2.162052247069792,-122.03647297455558,-30.0,0.6357626347958405,[-30.0 0.6357626347958405],2.856987223223664,False,True,47.080095788593724,95,59.99785047027138,2793.487,in_progress,0.0,0
398,305.0,-4.398067290422561,2.104655392563317,-121.04434760126944,-30.0,0.5,[-30.0 0.5],2.591975945277898,False,True,47.161241881211915,96,59.99785047027138,2793.557,in_progress,0.0,0
398,306.0,-4.427423810149726,2.0680916830163127,-122.52226538642435,-30.0,1.1008536841086547,[-30.0 1.1008536841086547],2.72862558285499,False,True,47.27126555064301,96,59.99785047027138,2793.624,in_progress,0.0,0
398,307.0,-4.469383309090872,2.036412617120249,-126.83840959427822,-30.0,0.5,[-30.0 0.5],2.5996809500372677,False,True,47.35806154962193,96,59.99785047027138,2793.699,in_progress,0.0,0
398,308.0,-4.526265352598057,2.0078889542392724,-133.35478258655513,0.4426952389279073,0.5,[0.4426952389279073 0.5],3.2574026677682895,False,True,47.50184401775813,97,59.99785047027138,2793.744,in_progress,0.0,0
398,309.0,-4.551682794749652,1.9938592463183025,-135.51267396780094,30.0,1.4451332146816238,[30.0 1.4451332146816238],2.815053687290755,False,True,47.54966571368839,97,59.99785047027138,2793.828,in_progress,0.0,0
398,310.0,-4.5878695816516855,1.9406398455148894,-132.53397353735244,29.316515021549073,0.5,[29.316515021549073 0.5],2.611173734709498,False,True,47.65161918002045,98,59.99785047027138,2793.872,in_progress,0.0,0
398,311.0,-4.597458202167755,1.9100409682206327,-129.2126591883291,30.0,0.7787107189512826,[30.0 0.7787107189512826],2.676847723118126,False,True,47.759395519552726,98,59.99785047027138,2793.953,in_progress,0.0,0
398,312.0,-4.612868760665534,1.8431015717704096,-122.28542918131637,15.726836416657832,0.5,[15.726836416657832 0.5],2.622411964216169,False,True,47.91524157931153,99,59.99785047027138,2794.026,in_progress,0.0,0
398,313.0,-4.616195801961823,1.7930832336237588,-116.66249612431783,13.53632453856357,1.757325348251783,[13.53632453856357 1.757325348251783],3.29728224965483,False,True,47.989122275607045,100,59.99785047027138,2794.092,in_progress,0.0,0
398,314.0,-4.61747541606614,1.7400357533546609,-111.3632435550635,24.380927879614006,0.5,[24.380927879614006 0.5],2.391807750513961,False,True,48.12796276079319,100,59.99785047027138,2794.141,in_progress,0.0,0
398,315.0,-4.61351223655125,1.6971193327501592,-106.66232958501325,19.018448500645988,0.5509252665520378,[19.018448500645988 0.5509252665520378],2.403829881701303,False,True,48.190941873106574,101,59.99785047027138,2794.227,in_progress,0.0,0
398,316.0,-4.600015697009375,1.6274172661632749,-99.13847740054463,30.0,0.5,[30.0 0.5],2.4010589925315196,False,True,48.37106768119971,101,59.99785047027138,2794.276,in_progress,0.0,0
398,317.0,-4.586024431533958,1.595065825112212,-94.54894115820687,-16.453843843932322,0.5,[-16.453843843932322 0.5],2.402107966346531,False,True,48.41735008585957,102,59.99785047027138,2794.362,in_progress,0.0,0
398,318.0,-4.558165600338483,1.538932321119277,-87.0884394350735,23.602185794600736,0.5,[23.602185794600736 0.5],2.3091667147150576,False,True,48.589985619663814,103,59.99785047027138,2794.404,in_progress,0.0,0
398,319.0,-4.545480383421234,1.510475214555702,-84.37237665452624,2.997806277124063,0.5,[2.997806277124063 0.5],1.448540188054637,False,False,48.792932650261456,104,59.99785047027138,2794.495,in_progress,0.0,0
398,320.0,-4.525479391583351,1.4633776091650799,-80.82140856877997,-12.98391407122617,0.5,[-12.98391407122617 0.5],1.4520045885995048,False,False,48.933697946502996,104,59.99785047027138,2794.535,in_progress,0.0,0
398,321.0,-4.51718978074717,1.4412668549315057,-79.68199109750356,-30.0,0.5,[-30.0 0.5],1.1619611354879629,False,False,48.97270754281728,104,59.99785047027138,2794.633,in_progress,0.0,0
398,322.0,-4.500941300933929,1.3871686629735287,-78.19469573773164,-30.0,1.1440209374981358,[-30.0 1.1440209374981358],1.166952873500614,False,False,49.20702064499978,105,59.99785047027138,2794.678,in_progress,0.0,0
398,323.0,-4.503612195042309,1.354406903546397,-80.42964032321348,-5.477380118175667,1.3037461423938124,[-5.477380118175667 1.3037461423938124],1.459397865497269,False,False,49.25467796053283,106,59.99785047027138,2794.762,in_progress,0.0,0
398,324.0,-4.511880029679066,1.2790158707376746,-84.97336603398125,5.547409617293468,2.198101129742041,[5.547409617293468 2.198101129742041],1.4631936639421856,False,False,49.40653930194393,106,59.99785047027138,2794.793,in_progress,0.0,0
398,325.0,-4.510840811119923,1.2470727113835764,-85.41776897650654,-30.0,0.5,[-30.0 0.5],1.1711154597316888,False,False,49.45383936172676,106,59.99785047027138,2794.899,in_progress,0.0,0
398,326.0,-4.511812672510847,1.1514400181861126,-87.21664633404254,28.923099390730584,0.5,[28.923099390730584 0.5],1.1738319082676358,False,False,49.59212325626834,107,59.99785047027138,2794.941,in_progress,0.0,0
398,327.0,-4.515210559190527,1.114409844228207,-88.5222118772649,-11.962795514015724,0.5,[-11.962795514015724 0.5],3.061214133718033,False,True,49.64320803399561,107,59.99785047027138,2795.027,in_progress,0.0,0
398,328.0,-4.524812931377271,1.054224316867903,-91.06397618713547,30.0,1.1399026445035099,[30.0 1.1399026445035099],2.840358876652847,False,True,49.77634476569423,107,59.99785047027138,2795.099,in_progress,0.0,0
398,329.0,-4.529056560054763,1.0038358850274915,-91.72991889561635,-7.2336781170078694,0.5,[-7.2336781170078694 0.5],3.3770135677093363,False,True,49.838670272451324,107,59.99785047027138,2795.147,in_progress,0.0,0
398,330.0,-4.529258101284958,0.9688630986878111,-91.46023577209924,30.0,3.274471415119215,[30.0 3.274471415119215],3.313183060713474,False,True,49.88471196507663,107,59.99785047027138,2795.226,in_progress,0.0,0
398,331.0,-4.536379930335683,0.908250286781566,-92.587931141388,30.0,1.2591660675696277,[30.0 1.2591660675696277],2.8724060872120076,False,True,49.95763748719276,107,59.99785047027138,2795.292,in_progress,0.0,0
398,332.0,-4.522920275714492,0.8461989415098876,-89.20201055624575,30.0,0.5,[30.0 0.5],2.709166586661573,False,True,50.05334682849316,108,59.99785047027138,2795.358,in_progress,0.0,0
398,333.0,-4.50057159553608,0.7902332089812616,-84.26966550083121,29.412006360126746,3.430874295807212,[29.412006360126746 3.430874295807212],3.663042526435736,False,True,50.15002751044995,108,59.99785047027138,2795.429,in_progress,0.0,0
398,334.0,-4.470760015818476,0.725800871034341,-78.89945571144244,4.639878821967095,1.5809375336238376,[4.639878821967095 1.5809375336238376],4.03067891308237,False,True,50.269755854573766,108,59.99785047027138,2795.487,in_progress,0.0,0
398,335.0,-4.434014036064401,0.6611730836021129,-73.21625858357572,-6.7113390125182235,1.3831493952769456,[-6.7113390125182235 1.3831493952769456],3.9783581905193106,False,True,50.391704249603215,108,59.99785047027138,2795.552,in_progress,0.0,0
398,336.0,-4.404428981141517,0.5841288382312214,-71.99343819537084,-2.623850984152032,0.8152186375582143,[-2.623850984152032 0.8152186375582143],3.8155793747251945,False,True,50.52189945530039,109,59.99785047027138,2795.624,in_progress,0.0,0
398,337.0,-4.378517771320972,0.4992065940883195,-72.39902553494649,5.82999979662835,0.5,[5.82999979662835 0.5],3.7290507156936035,False,True,50.658255523636434,109,59.99785047027138,2795.693,in_progress,0.0,0
398,338.0,-4.351774766389163,0.43501895144941954,-70.99423689690735,20.72270565922119,0.5,[20.72270565922119 0.5],2.9881398017293943,False,True,50.76751215467129,109,59.99785047027138,2795.757,in_progress,0.0,0
398,339.0,-4.323186945588291,0.38563675213306325,-68.46025130173813,30.0,0.5,[30.0 0.5],2.992138073894703,False,True,50.86077839188536,109,59.99785047027138,2795.828,in_progress,0.0,0
398,340.0,-4.290144574715508,0.34213334133582457,-65.01918141143082,-25.464074650338283,0.5,[-25.464074650338283 0.5],2.9960008133830054,False,True,50.95159379486724,109,59.99785047027138,2795.895,in_progress,0.0,0
398,341.0,-4.261592242803469,0.30475336124228036,-62.584300408715656,-9.972925882866093,0.5,[-9.972925882866093 0.5],3.748944032097855,False,True,51.02980344019346,110,59.99785047027138,2795.942,in_progress,0.0,0
398,342.0,-4.254299637136242,0.2808413296627864,-63.599895403362886,-28.81080886720828,1.877457905176404,[-28.81080886720828 1.877457905176404],3.330632485841276,False,True,51.06775268245637,110,59.99785047027138,2796.024,in_progress,0.0,0
398,343.0,-4.250503651896487,0.22509237171764301,-68.72756876483592,13.92018421723212,1.4913892536972957,[13.92018421723212 1.4913892536972957],3.713528227836109,False,True,51.14168708262183,110,59.99785047027138,2796.09,in_progress,0.0,0
398,344.0,-4.247623338895028,0.1616143975638305,-73.38482001622742,29.79258349642084,3.155838304204433,[29.79258349642084 3.155838304204433],3.340130052977992,False,True,51.22428400607692,110,59.99785047027138,2796.143,in_progress,0.0,0
398,345.0,-4.237276739314276,0.11754218766673849,-73.98520284479021,27.793325339414643,2.107088748894964,[27.793325339414643 2.107088748894964],3.110459381146564,False,True,51.26664522563963,110,59.99785047027138,2796.215,in_progress,0.0,0
398,346.0,-4.189121475851961,0.022775889151191497,-69.75442547147887,16.963743793749302,1.036956131009355,[16.963743793749302 1.036956131009355],2.8825125838791488,False,True,51.4334730603535,110,59.99785047027138,2796.289,in_progress,0.0,0
398,347.0,-4.137617845920993,-0.04461311377811272,-64.14982100733276,-19.759106209963353,4.0,[-19.759106209963353 4.0],3.5404560643655567,False,True,51.57301194291518,111,59.99785047027138,2796.361,in_progress,0.0,0
398,348.0,-4.084461509870785,-0.11488950208551266,-60.54124630526083,27.78356276715617,2.7013663501503924,[27.78356276715617 2.7013663501503924],3.2611045551952524,False,True,51.71785849069769,111,59.99785047027138,2796.397,in_progress,0.0,0
398,349.0,-4.05294906044284,-0.16567418740689713,-59.8394795673867,-0.8267787725398534,0.5,[-0.8267787725398534 0.5],3.157375453041845,False,True,51.772263832421736,111,59.99785047027138,2796.484,in_progress,0.0,0
398,350.0,-3.9850793656380246,-0.25983913979959095,-57.50538596988573,-1.6485624414310927,3.3946472799820406,[-1.6485624414310927 3.3946472799820406],3.8894107872377486,False,True,51.936880170414874,111,59.99785047027138,2796.558,in_progress,0.0,0
398,351.0,-3.941082139499118,-0.33340985895660313,-58.04428312310283,30.0,1.0026514563242404,[30.0 1.0026514563242404],2.6382155053608045,False,True,52.067062825350526,112,59.99785047027138,2796.619,in_progress,0.0,0
398,352.0,-3.895376139895169,-0.40569627541674846,-58.64500720871334,30.0,1.405569850161821,[30.0 1.405569850161821],2.723938228536048,False,True,52.19836339296612,112,59.99785047027138,2796.694,in_progress,0.0,0
398,353.0,-3.8392461783937772,-0.47926087428435693,-56.50004307900756,-9.228878563341553,2.484658062362814,[-9.228878563341553 2.484658062362814],3.0576358648720428,False,True,52.290004645637836,112,59.99785047027138,2796.757,in_progress,0.0,0
398,354.0,-3.7771412962082747,-0.5527756403187318,-54.15898386537668,-0.6425768402137777,0.5,[-0.6425768402137777 0.5],1.530484741885607,False,False,52.36839357777257,112,59.99785047027138,2796.817,in_progress,0.0,0
398,355.0,-3.7298038498677815,-0.6263165437817666,-54.898527256396676,10.006024967499727,1.746357148455775,[10.006024967499727 1.746357148455775],1.5334137649528874,False,False,52.489932723387305,112,59.99785047027138,2796.89,in_progress,0.0,0
398,356.0,-3.6723747102550734,-0.7097856734185014,-54.993956595122064,-20.575996462122895,0.5,[-20.575996462122895 0.5],1.229589969854853,False,False,52.63352748659263,113,59.99785047027138,2796.931,in_progress,0.0,0
398,357.0,-3.637668045359912,-0.7544646409010664,-54.14724165669105,-21.41141456660216,2.3648411567673273,[-21.41141456660216 2.3648411567673273],1.2310320087924864,False,False,52.7164424817835,113,59.99785047027138,2797.022,in_progress,0.0,0
398,358.0,-3.5714529013312046,-0.8716326520222291,-57.35338989837424,23.938945338461735,4.0,[23.938945338461735 4.0],1.2326884845112138,False,False,52.808492355552,113,59.99785047027138,2797.095,in_progress,0.0,0
398,359.0,-3.5208618161653775,-0.9792968298881298,-60.38070937937192,-6.616769591189055,0.5,[-6.616769591189055 0.5],1.5402476937035998,True,False,52.808492355552,113,59.99785047027138,2797.161,off_track,0.0,0
399,1.0,3.2076463726965447,-2.1731264216420274,-179.9735731894262,30.0,0.5,[30.0 0.5],0.0,False,True,0.2333415340463163,249,59.99785047027138,2797.275,prepare,0.0,0
399,2.0,3.2076462786371414,-2.1731290830287837,-179.9729072247169,-30.0,2.9910446013574385,[-30.0 2.9910446013574385],0.953059130784196,False,True,0.23334169291509,249,59.99785047027138,2797.356,in_progress,0.0,0
399,3.0,3.2000017660734708,-2.169256825576347,178.55904571534714,30.0,0.5,[30.0 0.5],0.3089894019102286,False,True,0.24607995040394348,249,59.99785047027138,2797.423,in_progress,0.0,0
399,4.0,3.1858701354870473,-2.16425686492653,176.8939675548469,21.411886978687228,3.1113714497299894,[21.411886978687228 3.1113714497299894],0.9149834160920243,False,True,0.26963825025132504,249,59.99785047027138,2797.489,in_progress,0.0,0
399,5.0,3.157841013748178,-2.1649966741881603,177.30412950367727,-4.1330286335685,3.1901118421926586,[-4.1330286335685 3.1901118421926586],1.165827843627444,False,True,0.31635498631764625,249,59.99785047027138,2797.561,in_progress,0.0,0
399,6.0,3.1149717574706304,-2.1674069477332973,178.05468200596468,30.0,2.751744775516869,[30.0 2.751744775516869],0.8385878334958848,False,True,0.3878058493789971,249,59.99785047027138,2797.62,in_progress,0.0,0
399,7.0,3.066598735191947,-2.172403360120634,179.50533963042227,5.199255059504964,0.5,[5.199255059504964 0.5],0.3888990420983473,False,True,0.468429494310485,249,59.99785047027138,2797.692,in_progress,0.0,0
399,8.0,3.010819911165514,-2.187302919974032,-176.64540741990555,19.81839617952693,2.042097240804147,[19.81839617952693 2.042097240804147],0.6966965902469957,False,True,0.561394707755436,250,59.99785047027138,2797.761,in_progress,0.0,0
399,9.0,2.9466037347710587,-2.2062116706479165,-173.20704075374877,-19.847260734022182,0.641895457897785,[-19.847260734022182 0.641895457897785],0.3786446747356085,False,True,0.6684219191670837,250,59.99785047027138,2797.815,in_progress,0.0,0
399,10.0,2.89847904391025,-2.223226350404377,-170.35014853672465,-19.554383031992934,0.5,[-19.554383031992934 0.5],0.3519389953056793,False,True,0.748629386256594,250,59.99785047027138,2797.888,in_progress,0.0,0
399,11.0,2.8361712971428994,-2.2311020537915205,-171.02694065203514,-30.0,0.5,[-30.0 0.5],0.36550379442768244,False,True,0.8524437306516752,250,59.99785047027138,2797.96,in_progress,0.0,0
399,12.0,2.784759204932151,-2.2324359269581024,-172.57807034066866,-24.826820988959184,0.5,[-24.826820988959184 0.5],0.3728628107495967,False,True,0.9381325741280699,250,59.99785047027138,2798.017,in_progress,0.0,0
399,13.0,2.7432878085196752,-2.224325572398609,-175.71931355868975,-2.8238333027263707,1.3918228878639503,[-2.8238333027263707 1.3918228878639503],0.736992289999798,False,True,1.0072603448127437,250,59.99785047027138,2798.087,in_progress,0.0,0
399,14.0,2.7018334021598447,-2.213868965543642,-178.96356954162633,-30.0,1.9110421437552216,[-30.0 1.9110421437552216],0.716976903911778,False,True,1.0763616225438533,251,59.99785047027138,2798.154,in_progress,0.0,0
399,15.0,2.648460590493742,-2.1957367444205897,176.57069741469004,-6.270229242613652,1.8931916925659644,[-6.270229242613652 1.8931916925659644],0.9000775804569571,False,True,1.1653335883760274,251,59.99785047027138,2798.219,in_progress,0.0,0
399,16.0,2.5851923052910672,-2.1688943559544756,171.32547607876222,17.07393195426041,3.662677318001574,[17.07393195426041 3.662677318001574],1.1553305951848694,False,True,1.2708053735650315,251,59.99785047027138,2798.276,in_progress,0.0,0
399,17.0,2.5028091309966953,-2.1475052849686493,169.57282890908195,30.0,4.0,[30.0 4.0],1.2528863525389529,False,True,1.408107464129582,251,59.99785047027138,2798.356,in_progress,0.0,0
399,18.0,2.4071869069197067,-2.148377233924549,173.6131209289116,-30.0,3.4045924712956928,[-30.0 3.4045924712956928],1.1299389431887774,False,True,1.5674837161071764,251,59.99785047027138,2798.422,in_progress,0.0,0
399,19.0,2.3064407483008487,-2.152840385626648,177.11662618048086,24.636530164147523,2.259509384479795,[24.636530164147523 2.259509384479795],0.8754792182674264,False,True,1.7354008645431018,252,59.99785047027138,2798.481,in_progress,0.0,0
399,20.0,2.1902203030338563,-2.155309142560927,178.86651721922368,30.0,4.0,[30.0 4.0],1.3171590982184813,False,True,1.929100067538092,252,59.99785047027138,2798.558,in_progress,0.0,0
399,21.0,2.071144539573748,-2.17348883449177,-176.7203910852165,18.507866039484313,3.1044228540472707,[18.507866039484313 3.1044228540472707],1.1257048012330209,False,True,2.1275795116252216,253,59.99785047027138,2798.619,in_progress,0.0,0
399,22.0,1.947473853949234,-2.2095544937540175,-170.40164198136372,-0.2991361628435598,1.7177485637813112,[-0.2991361628435598 1.7177485637813112],1.0206278415041294,False,True,2.3337299727919536,253,59.99785047027138,2798.695,in_progress,0.0,0
399,23.0,1.804556501201623,-2.2507594453941118,-164.97905826138776,2.784717690248314,0.5,[2.784717690248314 0.5],0.6900956354345541,False,True,2.5718839782597813,253,59.99785047027138,2798.747,in_progress,0.0,0
399,24.0,1.6992842248575013,-2.2837773924390703,-162.4346978034462,-30.0,4.0,[-30.0 4.0],1.2910011075758197,False,True,2.7473336067902365,254,59.99785047027138,2798.814,in_progress,0.0,0
399,25.0,1.5849545616158833,-2.317810569738254,-162.85505450749292,-30.0,0.688912072440638,[-30.0 0.688912072440638],0.5791298570661325,False,True,2.9378433481392685,254,59.99785047027138,2798.889,in_progress,0.0,0
399,26.0,1.463569629531733,-2.3356962950172657,-166.9027682609061,-30.0,0.5,[-30.0 0.5],0.5552033084999678,False,True,3.140148727664349,254,59.99785047027138,2798.953,in_progress,0.0,0
399,27.0,1.359838054280095,-2.34054515060533,-171.104124433151,-30.0,2.277111228082136,[-30.0 2.277111228082136],0.9591103156249382,False,True,3.3130381385620633,255,59.99785047027138,2799.012,in_progress,0.0,0
399,28.0,1.2792010192389076,-2.334725879950837,-175.17095354922142,-30.0,1.7145859524548344,[-30.0 1.7145859524548344],0.8427541064771316,False,True,3.447602326653465,255,59.99785047027138,2799.087,in_progress,0.0,0
399,29.0,1.1605810093356412,-2.304270574006225,176.42132359933294,-9.953673158138049,0.5,[-9.953673158138049 0.5],0.7389738829141288,False,True,3.6452962600856287,255,59.99785047027138,2799.156,in_progress,0.0,0
399,30.0,1.0598264389139924,-2.2658084454792715,169.43403184210868,8.933653020839849,2.7031112824028054,[8.933653020839849 2.7031112824028054],1.359004497106081,False,True,3.8132099356252946,256,59.99785047027138,2799.218,in_progress,0.0,0
399,31.0,0.9778746959675556,-2.2337579059242003,165.77033424963074,30.0,3.6880386348096206,[30.0 3.6880386348096206],1.4302003291537724,False,True,3.949790266662778,256,59.99785047027138,2799.292,in_progress,0.0,0
399,32.0,0.8553400386834916,-2.206810174808721,166.71145839817436,7.49740806108246,0.5,[7.49740806108246 0.5],0.8524051590370013,False,True,4.154009005057535,256,59.99785047027138,2799.357,in_progress,0.0,0
399,33.0,0.748470528668014,-2.2039201142030067,172.39044736532787,29.27461882103089,4.0,[29.27461882103089 4.0],1.5348991122059878,False,True,4.332129834885546,257,59.99785047027138,2799.421,in_progress,0.0,0
399,34.0,0.6547126011289292,-2.210549873592517,177.28291076889843,-0.22877275500576033,0.5,[-0.22877275500576033 0.5],0.8809612134035077,False,True,4.488358327916275,257,59.99785047027138,2799.482,in_progress,0.0,0
399,35.0,0.5588294404589886,-2.2221503612303675,-177.880802512022,-5.2042113020599,1.579874899235011,[-5.2042113020599 1.579874899235011],1.217668296266884,False,True,4.648161415602381,257,59.99785047027138,2799.554,in_progress,0.0,0
399,36.0,0.45096424297358095,-2.2256945391133898,-177.8179945440434,6.9241826649276845,0.5,[6.9241826649276845 0.5],0.9094220329570716,False,True,4.827940759349081,258,59.99785047027138,2799.622,in_progress,0.0,0
399,37.0,0.35291382899338086,-2.22726738326175,-178.3429593783529,-26.029317299588314,1.7175768839504435,[-26.029317299588314 1.7175768839504435],1.0300966369019804,False,True,4.991362887042349,258,59.99785047027138,2799.685,in_progress,0.0,0
399,38.0,0.2584593394233766,-2.2228230332737304,179.87290613602806,8.231316482619093,1.6014192989981293,[8.231316482619093 1.6014192989981293],1.2646291643782537,False,True,5.148810035769998,0,59.99785047027138,2799.742,in_progress,0.0,0
399,39.0,0.15043594682513914,-2.2140575481315063,178.02573780686993,5.656380908437079,3.7924395370550785,[5.656380908437079 3.7924395370550785],1.93706069747245,False,True,5.328858909039511,1,59.99785047027138,2799.824,in_progress,0.0,0
399,40.0,0.015765191091900888,-2.2147315741075273,179.2017714066541,-10.40272079402142,2.3863560932207557,[-10.40272079402142 2.3863560932207557],1.5367228382670626,False,True,5.553375647249879,1,59.99785047027138,2799.884,in_progress,0.0,0
399,41.0,-0.09050198204889351,-2.213467738206203,179.15242867615754,-28.1928467293208,2.473698302724022,[-28.1928467293208 2.473698302724022],1.2616993093895328,False,True,5.730492668076437,1,59.99785047027138,2799.957,in_progress,0.0,0
399,42.0,-0.23176264662408513,-2.1976903420675264,176.3526216139278,-30.0,2.4452312341752536,[-30.0 2.4452312341752536],1.2727975440817334,False,True,5.965919914811067,2,59.99785047027138,2800.029,in_progress,0.0,0
399,43.0,-0.3832796299262241,-2.1587804752187028,170.5210567635416,30.0,2.334840174395093,[30.0 2.334840174395093],1.2658705874457026,False,True,6.218428206329875,2,59.99785047027138,2800.085,in_progress,0.0,0
399,44.0,-0.5031313406860023,-2.1205994313732703,165.5665026399111,18.37227117528535,1.5266829934362909,[18.37227117528535 1.5266829934362909],1.0852395775706056,False,True,6.418175528088355,3,59.99785047027138,2800.158,in_progress,0.0,0
399,45.0,-0.6502587621643849,-2.0926254270774827,165.38551223489762,29.726024595625795,4.0,[29.726024595625795 4.0],1.6970433053342324,False,True,6.663520449169553,3,59.99785047027138,2800.216,in_progress,0.0,0
399,46.0,-0.7811890174653462,-2.0731194269667523,168.3849465832429,30.0,0.5,[30.0 0.5],0.7993484693043204,False,True,6.881771040208804,4,59.99785047027138,2800.287,in_progress,0.0,0
399,47.0,-0.8989528518702917,-2.0732492012867305,174.89136969968658,23.000393472555032,0.5,[23.000393472555032 0.5],0.8107270387543557,False,True,7.078050896508643,4,59.99785047027138,2800.354,in_progress,0.0,0
399,48.0,-0.9989200880547144,-2.0812482127838807,179.92475858876185,4.666098895095743,2.291318284839261,[4.666098895095743 2.291318284839261],1.5164633676616466,False,True,7.2445689953647445,4,59.99785047027138,2800.419,in_progress,0.0,0
399,49.0,-1.1038070056990612,-2.096871863534829,-176.48504399029784,30.0,1.0448005380732606,[30.0 1.0448005380732606],1.0342388037321728,False,True,7.419381388206347,5,59.99785047027138,2800.49,in_progress,0.0,0
399,50.0,-1.2038984169177906,-2.1233915930063283,-172.1167611572991,12.554816930446776,0.5,[12.554816930446776 0.5],1.1406681076992597,False,True,7.586197221120457,5,59.99785047027138,2800.555,in_progress,0.0,0
399,51.0,-1.2948534337788875,-2.156389537580011,-167.42856298337213,-30.0,1.0873916877187757,[-30.0 1.0873916877187757],1.0609385007455558,False,True,7.737751818459557,5,59.99785047027138,2800.631,in_progress,0.0,0
399,52.0,-1.3812314522075186,-2.1855322403346706,-165.4221961082527,0.14646809804787964,2.3342156172469424,[0.14646809804787964 2.3342156172469424],1.7085357830385643,False,True,7.881765219294621,5,59.99785047027138,2800.671,in_progress,0.0,0
399,53.0,-1.4348685238141767,-2.197894240689545,-165.7502163749491,-30.0,1.6539358274647018,[-30.0 1.6539358274647018],1.2046910986563244,False,True,7.971182566428908,6,59.99785047027138,2800.757,in_progress,0.0,0
399,54.0,-1.5544501990215673,-2.21673916650958,-168.20185353476614,-20.968604828816105,1.0131186479122731,[-20.968604828816105 1.0131186479122731],1.0631679162543608,False,True,8.17048355825142,6,59.99785047027138,2800.819,in_progress,0.0,0
399,55.0,-1.6417002319331127,-2.215814737149499,-172.3672863821197,-30.0,1.2743681125352437,[-30.0 1.2743681125352437],1.1326868870190907,False,True,8.315904856428773,6,59.99785047027138,2800.892,in_progress,0.0,0
399,56.0,-1.734556054537976,-2.201343268530856,-178.09183937625872,-30.0,4.0,[-30.0 4.0],1.7945829581774237,False,True,8.470660366117016,7,59.99785047027138,2800.958,in_progress,0.0,0
399,57.0,-1.8275371623850771,-2.1768096717754997,175.74311170167638,-30.0,0.5,[-30.0 0.5],0.9623362060335267,False,True,8.625617929015633,7,59.99785047027138,2801.013,in_progress,0.0,0
399,58.0,-1.9120379027139085,-2.1306201074905573,165.33367619896234,-25.50640556491488,4.0,[-25.50640556491488 4.0],1.808717211298815,False,True,8.766511811384817,7,59.99785047027138,2801.074,in_progress,0.0,0
399,59.0,-1.9868251419242593,-2.080668147741682,157.30948239067513,27.717293047797753,2.3886139640043598,[27.717293047797753 2.3886139640043598],1.3079231356472942,False,True,8.891227995071986,7,59.99785047027138,2801.151,in_progress,0.0,0
399,60.0,-2.0618207070031067,-2.019655152860076,149.22834383355598,16.276921980381843,3.3185014777101127,[16.276921980381843 3.3185014777101127],1.517001696400748,False,True,9.016306094961664,8,59.99785047027138,2801.227,in_progress,0.0,0
399,61.0,-2.1740329434948267,-1.9484724859779656,146.00331995779118,21.129788687904203,1.8348262990025381,[21.129788687904203 1.8348262990025381],1.2005004931399696,False,True,9.20342769304834,8,59.99785047027138,2801.301,in_progress,0.0,0
399,62.0,-2.297728891241598,-1.8960149796179913,150.18140417067445,30.0,0.5,[30.0 0.5],0.8348647587070988,False,True,9.409853617590898,8,59.99785047027138,2801.333,in_progress,0.0,0
399,63.0,-2.3584663034410966,-1.8755307078928554,153.28757677726674,30.0,0.5,[30.0 0.5],0.8371123723772196,False,True,9.51112738551251,9,59.99785047027138,2801.421,in_progress,0.0,0
399,64.0,-2.496344090471253,-1.838285527938989,160.56448382187,-0.6122484554861565,0.5,[-0.6122484554861565 0.5],1.0616352561671536,False,True,9.741006664138396,9,59.99785047027138,2801.492,in_progress,0.0,0
399,65.0,-2.583170826763178,-1.8141948164675432,162.45068989947413,23.032340143047243,2.775921671615151,[23.032340143047243 2.775921671615151],1.3100254491899657,False,True,9.884824123257488,9,59.99785047027138,2801.552,in_progress,0.0,0
399,66.0,-2.652516176047217,-1.7938171484960044,162.8610788188438,5.118187364216155,2.3423868229315596,[5.118187364216155 2.3423868229315596],0.9477982476817589,False,True,10.000390959791787,9,59.99785047027138,2801.619,in_progress,0.0,0
399,67.0,-2.74354146946237,-1.7739490698747125,164.51310663246838,30.0,1.0616745063902457,[30.0 1.0616745063902457],0.3821964291963495,False,False,10.152092650528033,10,59.99785047027138,2801.689,in_progress,0.0,0
399,68.0,-2.8471189382450097,-1.7516922945442799,165.7702743064114,-1.0412816700969252,4.0,[-1.0412816700969252 4.0],0.48253662066163283,False,False,10.324039325783772,10,59.99785047027138,2801.75,in_progress,0.0,0
399,69.0,-2.9511071051865034,-1.7313689587276875,166.71764039370007,30.0,0.5,[30.0 0.5],0.3899002191421414,False,False,10.497313592288421,10,59.99785047027138,2801.823,in_progress,0.0,0
399,70.0,-3.0460958887176486,-1.7080101157134466,165.9885934572334,-26.672493231616976,0.5,[-26.672493231616976 0.5],0.39320596822880827,False,False,10.655581581773049,11,59.99785047027138,2801.888,in_progress,0.0,0
399,71.0,-3.13859590295877,-1.6907026191936618,167.30293348688076,30.0,1.9303717350939193,[30.0 1.9303717350939193],0.3963457643866166,False,False,10.809429937816816,11,59.99785047027138,2801.948,in_progress,0.0,0
399,72.0,-3.22353769526004,-1.6801136116076698,169.3725932550688,30.0,1.339179935945644,[30.0 1.339179935945644],0.39903551101918466,False,False,10.950974550526496,11,59.99785047027138,2802.027,in_progress,0.0,0
399,73.0,-3.3225493063834373,-1.683936239549404,174.08240751286195,18.4237154140923,2.026365987129067,[18.4237154140923 2.026365987129067],0.402579835201324,False,False,11.116010374961931,12,59.99785047027138,2802.086,in_progress,0.0,0
399,74.0,-3.416204853965786,-1.6946767419496582,178.49919912687304,9.07545758804173,2.249046043652162,[9.07545758804173 2.249046043652162],0.5072462397054955,False,False,11.272138660122124,12,59.99785047027138,2802.15,in_progress,0.0,0
399,75.0,-3.5308278970306377,-1.7134570641802218,-177.01028792501478,21.212550786633457,0.6917497176492111,[21.212550786633457 0.6917497176492111],0.41029937513835385,False,False,11.464247246512826,12,59.99785047027138,2802.22,in_progress,0.0,0
399,76.0,-3.634846269758047,-1.7405663086827503,-172.33365490349067,30.0,2.4099335563419944,[30.0 2.4099335563419944],0.41411842115335906,False,False,11.63763446306885,13,59.99785047027138,2802.288,in_progress,0.0,0
399,77.0,-3.7413037820367325,-1.7768112361507316,-167.6602854770409,-24.85507957671139,2.0036659190795367,[-24.85507957671139 2.0036659190795367],0.4180725147380202,False,False,11.815092807813613,13,59.99785047027138,2802.352,in_progress,0.0,0
399,78.0,-3.8484220177075064,-1.815321576089149,-164.19719431175363,19.97804667239359,1.2526379357978779,[19.97804667239359 1.2526379357978779],0.4219512596048171,False,False,11.990701262151276,13,59.99785047027138,2802.411,in_progress,0.0,0
399,79.0,-3.9519708606748947,-1.8431380537485007,-164.45639619292334,18.22946084362564,2.9604525917530498,[18.22946084362564 2.9604525917530498],0.4257236490077653,False,False,12.163532828793294,14,59.99785047027138,2802.486,in_progress,0.0,0
399,80.0,-4.063553090217689,-1.8861669211106178,-162.0306265150785,16.961010270011606,4.0,[16.961010270011606 4.0],1.6594437540450124,False,True,12.34307519107199,14,59.99785047027138,2802.55,in_progress,0.0,0
399,81.0,-4.188963497495984,-1.9535831356077906,-156.78800660635133,-21.718138102215036,4.0,[-21.718138102215036 4.0],1.8365492615076968,False,True,12.553943572924311,14,59.99785047027138,2802.624,in_progress,0.0,0
399,82.0,-4.319681847930708,-2.0212893936507386,-154.32737901985683,-13.07815017088464,0.5494184446726524,[-13.07815017088464 0.5494184446726524],1.3615472615667492,False,True,12.774055525796172,15,59.99785047027138,2802.686,in_progress,0.0,0
399,83.0,-4.447191629521002,-2.064746385805892,-158.13538411999593,30.0,3.773929912546157,[30.0 3.773929912546157],1.8101258975409291,False,True,12.990585639139056,15,59.99785047027138,2802.76,in_progress,0.0,0
399,84.0,-4.608050526212941,-2.112340703559539,-161.99939769027148,-30.0,0.5,[-30.0 0.5],1.2056986505865785,False,True,13.259250761474021,16,59.99785047027138,2802.827,in_progress,0.0,0
399,85.0,-4.742318157360985,-2.164898281154043,-159.8205003499281,-30.0,0.7745581643214414,[-30.0 0.7745581643214414],1.2848289796632875,False,True,13.485789346382447,16,59.99785047027138,2802.864,in_progress,0.0,0
399,86.0,-4.818047768917366,-2.1891127763815175,-160.60957729792352,-30.0,4.0,[-30.0 4.0],2.0636745554814664,False,True,13.608232189184747,17,59.99785047027138,2802.961,in_progress,0.0,0
399,87.0,-4.997962453413582,-2.2276069817658195,-165.4744336188696,-30.0,3.0552612947014928,[-30.0 3.0552612947014928],1.8547921794388296,False,True,13.892819995287368,19,59.99785047027138,2802.997,in_progress,0.0,0
399,88.0,-5.0756592862184045,-2.2303851042990464,-169.56834932067719,-30.0,1.265800735505929,[-30.0 1.265800735505929],1.3103096291401857,False,True,14.007501310596467,19,59.99785047027138,2803.095,in_progress,0.0,0
399,89.0,-5.2645540977101115,-2.2205971872899695,178.97180788796697,-30.0,1.1013394244480503,[-30.0 1.1013394244480503],1.2917411293232106,False,True,14.310633490154174,20,59.99785047027138,2803.168,in_progress,0.0,0
399,90.0,-5.387113151256629,-2.205897061011638,172.29806844180462,-30.0,2.403222198350841,[-30.0 2.403222198350841],1.5860698742431616,False,True,14.482217059774811,21,59.99785047027138,2803.216,in_progress,0.0,0
399,91.0,-5.4611540685793045,-2.1910798608324873,168.88594833610395,-30.0,0.6363886783322064,[-30.0 0.6363886783322064],1.200949410551291,False,True,14.594324001386795,21,59.99785047027138,2803.292,in_progress,0.0,0
399,92.0,-5.570395864726021,-2.1575333539846793,163.5533942126379,-30.0,0.5,[-30.0 0.5],1.1791155255750518,False,True,14.769421253487792,22,59.99785047027138,2803.353,in_progress,0.0,0
399,93.0,-5.638338470458452,-2.1313356040653075,161.17603602533376,-30.0,4.0,[-30.0 4.0],1.95335587256182,False,True,14.890119837782038,23,59.99785047027138,2803.427,in_progress,0.0,0
399,94.0,-5.7124637510162355,-2.093338529375819,158.46130580663004,-30.0,0.5,[-30.0 0.5],1.1869287567553728,False,True,15.00120702225226,23,59.99785047027138,2803.467,in_progress,0.0,0
399,95.0,-5.750474925548756,-2.0667194343391126,155.88242248708582,-30.0,2.8866318686423766,[-30.0 2.8866318686423766],1.7127221825834569,False,True,15.07221218856131,23,59.99785047027138,2803.558,in_progress,0.0,0
399,96.0,-5.843013381939514,-1.9863577631163665,148.2918377384138,-12.313299824694344,4.0,[-12.313299824694344 4.0],2.4586444814695074,False,True,15.262132565436275,24,59.99785047027138,2803.634,in_progress,0.0,0
399,97.0,-5.922041812073104,-1.8964139173362864,140.88548458730048,-30.0,0.8603901826853151,[-30.0 0.8603901826853151],1.2840668492140002,False,True,15.432758757807335,25,59.99785047027138,2803.671,in_progress,0.0,0
399,98.0,-5.964920439065914,-1.8381081755967439,136.3286226879385,-30.0,2.0248105623459853,[-30.0 2.0248105623459853],1.5443539827156236,False,True,15.550410268860944,25,59.99785047027138,2803.76,in_progress,0.0,0
399,99.0,-6.04355684455413,-1.7060300482514041,127.8340705656582,-30.0,0.5308120671352611,[-30.0 0.5308120671352611],1.2263992769314438,False,True,15.76165656479668,26,59.99785047027138,2803.828,in_progress,0.0,0
399,100.0,-6.085732196460202,-1.6042871220799313,121.24058206809684,-30.0,3.8422878666118057,[-30.0 3.8422878666118057],1.9611209067569786,False,True,15.908748614672575,26,59.99785047027138,2803.894,in_progress,0.0,0
399,101.0,-6.123376194727997,-1.4969962545784217,116.23167738297943,-14.121534239533778,4.0,[-14.121534239533778 4.0],2.733863023818379,False,True,16.096093459822498,27,59.99785047027138,2803.966,in_progress,0.0,0
399,102.0,-6.146081605405387,-1.3605032224823441,107.55793200821758,-21.219204422585612,1.8996741898315772,[-21.219204422585612 1.8996741898315772],1.6942481344729055,False,True,16.302097632678,27,59.99785047027138,2804.004,in_progress,0.0,0
399,103.0,-6.150930407570555,-1.282583972797514,102.51604597832544,30.0,0.5,[30.0 0.5],1.3634784003081744,False,True,16.428068296754333,28,59.99785047027138,2804.104,in_progress,0.0,0
399,104.0,-6.164025460227025,-1.112347127477177,94.18794295523125,-6.064769912945181,3.299206038811479,[-6.064769912945181 3.299206038811479],2.564793529877614,False,True,16.704881860059388,28,59.99785047027138,2804.136,in_progress,0.0,0
399,105.0,-6.171275756146171,-1.0613403211968961,93.90001710098826,-24.021124043115258,1.1138602530222883,[-24.021124043115258 1.1138602530222883],1.5294838547948582,False,True,16.79074846528212,28,59.99785047027138,2804.228,in_progress,0.0,0
399,106.0,-6.179729253219331,-0.9397931756030168,93.31154809498894,-6.453212173795123,0.5,[-6.453212173795123 0.5],1.7413247089665547,False,True,16.993188009922292,29,59.99785047027138,2804.305,in_progress,0.0,0
399,107.0,-6.1759972436262105,-0.8483697816269643,91.29835126486935,19.913766491643457,1.8273170020148437,[19.913766491643457 1.8273170020148437],1.7187712632290588,False,True,17.145739054627185,29,59.99785047027138,2804.334,in_progress,0.0,0
399,108.0,-6.1742762524773065,-0.8167748247919877,90.69860207824712,30.0,0.5,[30.0 0.5],1.3999204706322816,False,True,17.198142418505753,29,59.99785047027138,2804.409,in_progress,0.0,0
399,109.0,-6.182984431451937,-0.7398839367389387,92.21325385097428,-11.86079945126265,1.2939633260437464,[-11.86079945126265 1.2939633260437464],1.994867652543965,False,True,17.326926668665934,30,59.99785047027138,2804.49,in_progress,0.0,0
399,110.0,-6.190574315982707,-0.6741285968657037,93.12998164899778,12.734976433405578,0.7105366202548651,[12.734976433405578 0.7105366202548651],1.8249121422989891,False,True,17.437073912349007,30,59.99785047027138,2804.554,in_progress,0.0,0
399,111.0,-6.189213268231133,-0.6161070739153689,92.08100862884521,30.0,2.7760541656208853,[30.0 2.7760541656208853],1.9587211894968548,False,True,17.533483194253677,30,59.99785047027138,2804.613,in_progress,0.0,0
399,112.0,-6.193044995811336,-0.5504932743491069,92.46233429200043,-0.6456763103106837,2.8950194578881883,[-0.6456763103106837 2.8950194578881883],2.48909241018696,False,True,17.6422237696259,30,59.99785047027138,2804.678,in_progress,0.0,0
399,113.0,-6.204448339812759,-0.47298628881764226,94.17167100004231,12.454870369257563,4.0,[12.454870369257563 4.0],2.8275927000597734,False,True,17.77256396616994,31,59.99785047027138,2804.761,in_progress,0.0,0
399,114.0,-6.22389000328856,-0.37077093216224066,96.78950468910703,30.0,3.9147477140346725,[30.0 3.9147477140346725],2.250272961992194,False,True,17.944565919255396,31,59.99785047027138,2804.823,in_progress,0.0,0
399,115.0,-6.255284481350151,-0.27556420513825025,101.19033486869534,25.96604892089624,3.431198883597286,[25.96604892089624 3.431198883597286],2.1423918409887963,False,True,18.10995225323768,32,59.99785047027138,2804.892,in_progress,0.0,0
399,116.0,-6.321482464100875,-0.15856821548380562,110.55637267693791,-11.788017565494577,3.1165315760456345,[-11.788017565494577 3.1165315760456345],2.5990914571399144,False,True,18.33365745444145,32,59.99785047027138,2804.948,in_progress,0.0,0
399,117.0,-6.381409782118211,-0.06965165005276952,117.60857488237733,21.989980149904113,1.113029437775174,[21.989980149904113 1.113029437775174],1.6080739826382715,False,True,18.519632054485385,33,59.99785047027138,2805.021,in_progress,0.0,0
399,118.0,-6.45746707203369,0.04919120834983541,124.43941448419092,30.0,0.5,[30.0 0.5],1.3527755601556548,False,True,18.77733515217406,34,59.99785047027138,2805.074,in_progress,0.0,0
399,119.0,-6.517098580029032,0.12781586557494876,129.90025865053704,20.04619693021423,0.9109231376505545,[20.04619693021423 0.9109231376505545],1.4518388798789612,False,True,18.961148327209685,35,59.99785047027138,2805.163,in_progress,0.0,0
399,120.0,-6.580964959206884,0.2000703882388108,134.077305847393,23.31894548827701,4.0,[23.31894548827701 4.0],2.1399877034296972,False,True,19.143459582495396,36,59.99785047027138,2805.22,in_progress,0.0,0
399,121.0,-6.637751996525037,0.25708195998500605,134.88464621784874,24.43394843105962,3.264529953261141,[24.43394843105962 3.264529953261141],1.9835573153298645,False,True,19.277473591997307,37,59.99785047027138,2805.288,in_progress,0.0,0
399,122.0,-6.729016146262267,0.3137624236076445,140.19336033890747,30.0,0.5,[30.0 0.5],1.384990339961292,False,True,19.476380006860268,38,59.99785047027138,2805.362,in_progress,0.0,0
399,123.0,-6.82655862248845,0.34759422381819827,149.81290985718192,30.0,1.6284301959751275,[30.0 1.6284301959751275],1.6426936048054757,False,True,19.672731132618267,39,59.99785047027138,2805.424,in_progress,0.0,0
399,124.0,-6.909312721770737,0.3615347978580227,157.2179324093633,-30.0,0.6442666336049995,[-30.0 0.6442666336049995],1.4328737479143887,False,True,19.827013030118067,39,59.99785047027138,2805.488,in_progress,0.0,0
399,125.0,-6.986894484434199,0.37003277009105795,163.78779179351864,-17.816183967984784,3.7770003564441432,[-17.816183967984784 3.7770003564441432],2.1268845303230917,False,True,19.952223966285175,40,59.99785047027138,2805.564,in_progress,0.0,0
399,126.0,-7.070745296227681,0.38699847620457234,165.59218673088142,-30.0,3.9846650106909305,[-30.0 3.9846650106909305],2.1788193043809376,False,True,20.099478762478668,40,59.99785047027138,2805.602,in_progress,0.0,0
399,127.0,-7.117883667884729,0.40645288822619613,163.97661003964322,-30.0,1.4465193086092443,[-30.0 1.4465193086092443],1.6226530573697482,False,True,20.184430320707378,40,59.99785047027138,2805.695,in_progress,0.0,0
399,128.0,-7.222564104983811,0.48179134985092287,154.99431990873222,2.311118981587896,1.9010925204419826,[2.311118981587896 1.9010925204419826],2.165272609343801,False,True,20.382771471156417,41,59.99785047027138,2805.761,in_progress,0.0,0
399,129.0,-7.305178948653668,0.544665335346857,150.2684825611431,-19.619799144300124,0.5,[-19.619799144300124 0.5],1.4315454385855848,False,True,20.550347729201675,41,59.99785047027138,2805.809,in_progress,0.0,0
399,130.0,-7.374975772925821,0.5932077037591789,148.54203353552728,-19.463704368188942,3.504081791450364,[-19.463704368188942 3.504081791450364],2.0981502556673126,False,True,20.68896314407644,42,59.99785047027138,2805.893,in_progress,0.0,0
399,131.0,-7.468799338036278,0.668921441750086,145.23737140160026,-15.238073579407038,2.5082179159483653,[-15.238073579407038 2.5082179159483653],2.0593682335934598,False,True,20.87416050966715,42,59.99785047027138,2805.951,in_progress,0.0,0
399,132.0,-7.545340285643309,0.7577107966181312,138.81838851915074,-30.0,0.5,[-30.0 0.5],1.5864175437831258,False,True,21.052842543518537,42,59.99785047027138,2806.021,in_progress,0.0,0
399,133.0,-7.622820204067707,0.8686781999603701,131.11481530447162,-30.0,1.8871011431461544,[-30.0 1.8871011431461544],1.9301814878278014,False,True,21.258069867412487,43,59.99785047027138,2806.094,in_progress,0.0,0
399,134.0,-7.683672342925414,0.9682100656665298,126.38475087787684,30.0,1.6927471703114358,[30.0 1.6927471703114358],1.8938566278282474,False,True,21.455730388752443,43,59.99785047027138,2806.167,in_progress,0.0,0
399,135.0,-7.752784685854833,1.0796080206347995,123.5947089124367,-8.606071860583647,2.5088021187276874,[-8.606071860583647 2.5088021187276874],2.4071894007429653,False,True,21.6649869443996,44,59.99785047027138,2806.209,in_progress,0.0,0
399,136.0,-7.803207839487951,1.1528464030318302,123.78204966718458,6.432124954728373,1.7688140236679715,[6.432124954728373 1.7688140236679715],2.2112284868633965,False,True,21.8087895116377,44,59.99785047027138,2806.298,in_progress,0.0,0
399,137.0,-7.896886514794888,1.2799788860270147,125.29479485082184,-18.60605873886691,1.145386149081218,[-18.60605873886691 1.145386149081218],1.6484464076669818,False,True,22.120257205227006,44,59.99785047027138,2806.348,in_progress,0.0,0
399,138.0,-7.961137595786876,1.3586805203102725,126.90466654103554,-30.0,0.5,[-30.0 0.5],1.5140753705484227,False,True,22.28945597375865,45,59.99785047027138,2806.425,in_progress,0.0,0
399,139.0,-8.023357208299826,1.459045797554015,124.6448113474406,1.1730244223050974,4.0,[1.1730244223050974 4.0],2.8705147084647966,False,True,22.533823562279224,45,59.99785047027138,2806.468,in_progress,0.0,0
399,140.0,-8.046554859998498,1.5035420958625505,123.43207225647117,-30.0,0.5,[-30.0 0.5],1.5286419194789034,False,True,22.617425446237604,45,59.99785047027138,2806.561,in_progress,0.0,0
399,141.0,-8.105721092632287,1.6139207464177219,120.99009029355354,-30.0,0.5,[-30.0 0.5],1.5387140913916006,False,True,22.825990209001716,46,59.99785047027138,2806.618,in_progress,0.0,0
399,142.0,-8.127095451262257,1.6785347728122337,117.54470376875246,-30.0,0.5,[-30.0 0.5],1.5453891188932092,False,True,22.980367667009503,46,59.99785047027138,2806.669,in_progress,0.0,0
399,143.0,-8.133932478888529,1.71402807720647,115.05526087845678,-27.87343470755762,0.5,[-27.87343470755762 0.5],1.5461825783869312,False,True,23.04036222011119,46,59.99785047027138,2806.758,in_progress,0.0,0
399,144.0,-8.148181314054277,1.7803236757182068,111.66671015468111,-30.0,2.823461660729742,[-30.0 2.823461660729742],2.061444478943854,False,True,23.153106703944573,46,59.99785047027138,2806.825,in_progress,0.0,0
399,145.0,-8.151772863224442,1.8403076116530626,107.29674834672892,-30.0,3.074711708734484,[-30.0 3.074711708734484],2.1198978442712013,False,True,23.25081036838523,47,59.99785047027138,2806.876,in_progress,0.0,0
399,146.0,-8.141072112420025,1.9061976548469133,100.40728187202797,-2.6085993255295996,0.5,[-2.6085993255295996 0.5],1.9460383703500272,False,True,23.35135181743118,47,59.99785047027138,2806.957,in_progress,0.0,0
399,147.0,-8.128929185079661,1.9856241458300923,92.8122609132921,30.0,0.9132615485578379,[30.0 0.9132615485578379],1.5053846734340912,False,True,23.529373777756433,47,59.99785047027138,2806.999,in_progress,0.0,0
399,148.0,-8.125875043526355,2.030594363511339,91.48341486409383,-20.67475880602472,0.5,[-20.67475880602472 0.5],1.4243009366750303,False,True,23.602971239782235,47,59.99785047027138,2807.094,in_progress,0.0,0
399,149.0,-8.12032797976881,2.10499382507698,89.72598300252088,-3.190551699050282,2.863550391362244,[-3.190551699050282 2.863550391362244],2.376611126098699,False,True,23.724621832259118,47,59.99785047027138,2807.161,in_progress,0.0,0
399,150.0,-8.10861282865397,2.1607140877944304,87.03721150540211,28.78128918211017,0.6380857715324719,[28.78128918211017 0.6380857715324719],1.4586802480594843,False,True,23.814043501978844,48,59.99785047027138,2807.231,in_progress,0.0,0
399,151.0,-8.104778248806307,2.2180457939496767,86.44172815239445,30.0,0.5,[30.0 0.5],1.4338083064368166,False,True,23.90788473801841,48,59.99785047027138,2807.296,in_progress,0.0,0
399,152.0,-8.108469827451279,2.270038432799031,88.0547986898986,-2.5804325547329725,2.427482557382196,[-2.5804325547329725 2.427482557382196],2.2813575795119716,False,True,24.056009562954245,48,59.99785047027138,2807.348,in_progress,0.0,0
399,153.0,-8.115439473538196,2.3175846943366016,89.97227056880014,30.0,1.9482695166074229,[30.0 1.9482695166074229],1.7312015596315264,False,True,24.135319985017105,48,59.99785047027138,2807.426,in_progress,0.0,0
399,154.0,-8.13472427492203,2.3901320813422657,94.32286500844694,-11.025669413051517,3.4643901714132466,[-11.025669413051517 3.4643901714132466],2.5483972749496964,False,True,24.256414741854854,48,59.99785047027138,2807.492,in_progress,0.0,0
399,155.0,-8.163974912937093,2.464127462130547,99.4480381588196,12.391798566733257,2.5490816750406076,[12.391798566733257 2.5490816750406076],2.3251176729644865,False,True,24.38001589406261,49,59.99785047027138,2807.558,in_progress,0.0,0
399,156.0,-8.196724478482897,2.5628044049217493,102.940638145713,-21.34870663888531,4.0,[-21.34870663888531 4.0],2.3752379821793332,False,True,24.586548303535324,49,59.99785047027138,2807.602,in_progress,0.0,0
399,157.0,-8.220057567739097,2.6248718852269186,104.75367805697257,-16.46270924326348,1.8774437873501848,[-16.46270924326348 1.8774437873501848],1.9116078432012065,False,True,24.68453848806277,49,59.99785047027138,2807.692,in_progress,0.0,0
399,158.0,-8.240459727426963,2.7721822074597373,101.13972015112407,-30.0,0.5,[-30.0 0.5],1.6204977801955263,False,True,24.924153907335892,50,59.99785047027138,2807.753,in_progress,0.0,0
399,159.0,-8.239037892455157,2.8661283667109245,96.82194977562892,-30.0,0.5,[-30.0 0.5],1.6289569226795153,False,True,25.106725994702728,50,59.99785047027138,2807.812,in_progress,0.0,0
399,160.0,-8.224162794569766,2.9527662420679857,90.74200651810874,-30.0,3.2799929248375084,[-30.0 3.2799929248375084],2.246795805014044,False,True,25.252650679711692,50,59.99785047027138,2807.878,in_progress,0.0,0
399,161.0,-8.205679186108302,3.0324393382678023,86.39502291135358,-30.0,0.5,[-30.0 0.5],1.6408567299664414,False,True,25.388901541212476,51,59.99785047027138,2807.956,in_progress,0.0,0
399,162.0,-8.174528165919973,3.11972247351195,80.40890796089892,-29.504199751002897,0.7492905443066766,[-29.504199751002897 0.7492905443066766],1.7024285183139005,False,True,25.54283424035144,51,59.99785047027138,2808.027,in_progress,0.0,0
399,163.0,-8.142624226217459,3.187116475404042,75.83393269764107,-24.781439903710343,3.732432251779103,[-24.781439903710343 3.732432251779103],2.365434866777013,False,True,25.69654652062094,51,59.99785047027138,2808.095,in_progress,0.0,0
399,164.0,-8.105919490905434,3.2429178181996665,70.80624143863808,-2.381942474059585,0.5,[-2.381942474059585 0.5],2.072975213877103,False,True,25.806336185028044,51,59.99785047027138,2808.155,in_progress,0.0,0
399,165.0,-8.069855320524185,3.2956786263755573,66.08702006830303,-30.0,1.3838350663520693,[-30.0 1.3838350663520693],1.8566097768353413,False,True,25.91105856109101,52,59.99785047027138,2808.226,in_progress,0.0,0
399,166.0,-8.02461024599341,3.3504654393174143,61.654090868430984,-30.0,0.5,[-30.0 0.5],1.6665161383829983,False,True,26.025049570480647,52,59.99785047027138,2808.293,in_progress,0.0,0
399,167.0,-7.9726042354001825,3.3947051161576662,56.069124519699145,-30.0,0.5,[-30.0 0.5],1.6734048530155932,False,True,26.181420983514712,52,59.99785047027138,2808.359,in_progress,0.0,0
399,168.0,-7.925526327514839,3.423018921761978,50.57934464397125,13.44411220238461,1.2284717155625933,[13.44411220238461 1.2284717155625933],2.2952157368662927,False,True,26.264250619264146,52,59.99785047027138,2808.417,in_progress,0.0,0
399,169.0,-7.87969122790443,3.449906953605423,46.25653928616805,-0.7261652586474128,1.3393145438761525,[-0.7261652586474128 1.3393145438761525],2.1169196128571333,False,True,26.343953571389235,52,59.99785047027138,2808.497,in_progress,0.0,0
399,170.0,-7.8342042319237395,3.4952335010520215,45.880376015975806,28.670126625023784,0.5,[28.670126625023784 0.5],1.5291679691253561,False,True,26.448887740306915,53,59.99785047027138,2808.56,in_progress,0.0,0
399,171.0,-7.795946619889606,3.5417965562740776,46.984494077421765,11.915833339609165,0.5,[11.915833339609165 0.5],1.9155032815116786,False,True,26.54884176034558,53,59.99785047027138,2808.626,in_progress,0.0,0
399,172.0,-7.7762076163847045,3.586301179040317,50.84471759563443,30.0,1.2021176597944367,[30.0 1.2021176597944367],1.6786064016657734,False,True,26.695883740267305,53,59.99785047027138,2808.701,in_progress,0.0,0
399,173.0,-7.762049998490745,3.635699881085064,55.6478273005711,30.0,1.9490642935176234,[30.0 1.9490642935176234],2.0129555414465563,False,True,26.771958338757386,53,59.99785047027138,2808.735,in_progress,0.0,0
399,174.0,-7.757579129796095,3.6709508644576605,59.57981649848996,-1.9508286515666704,2.055306792231545,[-1.9508286515666704 2.055306792231545],2.546043346228453,False,True,26.819802414997,53,59.99785047027138,2808.828,in_progress,0.0,0
399,175.0,-7.73536400603093,3.7597035093065703,64.95188080925278,-0.6152374743430258,0.5,[-0.6152374743430258 0.5],2.1252688156796133,False,True,26.952797500740516,54,59.99785047027138,2808.892,in_progress,0.0,0
399,176.0,-7.705414189117414,3.8305473155704792,65.54197790441694,-30.0,3.128285795362081,[-30.0 3.128285795362081],2.2832315823612053,False,True,27.072932605152843,54,59.99785047027138,2808.963,in_progress,0.0,0
399,177.0,-7.670078183306912,3.8997731377890865,64.45502986201919,-30.0,0.5,[-30.0 0.5],1.711505777086094,False,True,27.221927838170814,54,59.99785047027138,2809.007,in_progress,0.0,0
399,178.0,-7.63560583457301,3.94445637038517,61.69995474568705,-15.26928508309166,3.7343546159836776,[-15.26928508309166 3.7343546159836776],2.646724217764617,False,True,27.313089319840273,54,59.99785047027138,2809.093,in_progress,0.0,0
399,179.0,-7.561543259837168,4.023988923340438,55.5587202913309,-30.0,4.0,[-30.0 4.0],2.7194890430585676,False,True,27.492016297790116,55,59.99785047027138,2809.163,in_progress,0.0,0
399,180.0,-7.469910648043016,4.084940331338311,46.337676943248134,-8.276378419222375,0.7047703558405077,[-8.276378419222375 0.7047703558405077],2.4223643240569683,False,True,27.67489020277813,55,59.99785047027138,2809.199,in_progress,0.0,0
399,181.0,-7.425221095012764,4.110126249047624,41.12859772491147,-29.103928014229787,3.7127161965856943,[-29.103928014229787 3.7127161965856943],2.6640605938556874,False,True,27.779578565329885,55,59.99785047027138,2809.3,in_progress,0.0,0
399,182.0,-7.2933252537745386,4.167987576521536,27.49654414103953,-9.805829181015355,2.877736758645124,[-9.805829181015355 2.877736758645124],3.095613793527136,False,True,28.018489448960807,56,59.99785047027138,2809.335,in_progress,0.0,0
399,183.0,-7.233890657564565,4.182285698326683,21.01909083268278,13.197768942668112,3.628996473208393,[13.197768942668112 3.628996473208393],3.048648173225226,False,True,28.116545628099615,56,59.99785047027138,2809.433,in_progress,0.0,0
399,184.0,-7.067401707477364,4.237913901598787,12.51595659607078,-14.783415228428188,3.3029065230871857,[-14.783415228428188 3.3029065230871857],2.979398303877334,False,True,28.43438344009249,56,59.99785047027138,2809.473,in_progress,0.0,0
399,185.0,-7.0008943695151284,4.261403140259635,11.396876102944345,-27.0979689322016,4.0,[-27.0979689322016 4.0],2.5415354552038303,False,True,28.55188420804808,57,59.99785047027138,2809.563,in_progress,0.0,0
399,186.0,-6.809851653749747,4.290531220881448,4.430732200030095,-22.407521366789943,0.5,[-22.407521366789943 0.5],1.7899497632130856,False,True,28.906018192937708,57,59.99785047027138,2809.614,in_progress,0.0,0
399,187.0,-6.7071345584614255,4.2886077090792725,-1.7642768923875438,30.0,0.5,[30.0 0.5],1.797430084022879,False,True,29.07229250332672,58,59.99785047027138,2809.696,in_progress,0.0,0
399,188.0,-6.548750758201474,4.281933323425244,-10.866117252368873,20.366855623602497,2.389892860287908,[20.366855623602497 2.389892860287908],2.228520431970256,False,True,29.373732795875057,58,59.99785047027138,2809.728,in_progress,0.0,0
399,189.0,-6.491097280887065,4.281275993657,-11.986684552207736,30.0,1.8102222950811933,[30.0 1.8102222950811933],2.104365993111281,False,True,29.469295159704487,58,59.99785047027138,2809.825,in_progress,0.0,0
399,190.0,-6.320357422403835,4.293471072825197,-8.993857756731192,30.0,0.5,[30.0 0.5],1.8304656157008197,False,True,29.75452124219997,59,59.99785047027138,2809.887,in_progress,0.0,0
399,191.0,-6.199055815685631,4.321280459805362,-0.9300929370336984,24.683271771516416,0.5,[24.683271771516416 0.5],1.8418435270109321,False,True,29.988632502353795,59,59.99785047027138,2809.928,in_progress,0.0,0
399,192.0,-6.153811786815759,4.334213013229443,2.2820834024263505,0.10235908161668306,0.5287376762517424,[0.10235908161668306 0.5287376762517424],2.312989397993368,False,True,30.064261706479243,60,59.99785047027138,2810.015,in_progress,0.0,0
399,193.0,-6.040781837274337,4.364566046984214,7.576185300827387,17.29040846488798,2.996552347776457,[17.29040846488798 2.996552347776457],2.402073442765015,False,True,30.25316693748333,60,59.99785047027138,2810.092,in_progress,0.0,0
399,194.0,-5.955139980388746,4.393829174921346,11.513391994965486,16.97393902685569,1.9943243348709034,[16.97393902685569 1.9943243348709034],2.1879213557377093,False,True,30.40001340489229,60,59.99785047027138,2810.153,in_progress,0.0,0
399,195.0,-5.876655900091912,4.447199523080731,19.516726610814217,2.5126678462257104,0.5,[2.5126678462257104 0.5],2.5425746840372043,False,True,30.530249874433082,60,59.99785047027138,2810.222,in_progress,0.0,0
399,196.0,-5.80544669161041,4.506166822075274,26.865281358158498,-15.61889564873894,4.0,[-15.61889564873894 4.0],2.8791748503946772,False,True,30.648301356010975,61,59.99785047027138,2810.295,in_progress,0.0,0
399,197.0,-5.729523480538273,4.566972853453595,31.17899738827221,-30.0,2.774803367767126,[-30.0 2.774803367767126],2.5907385044551527,False,True,30.774189910031197,61,59.99785047027138,2810.354,in_progress,0.0,0
399,198.0,-5.6389568425379055,4.613025613765196,29.597022703598817,-30.0,0.5,[-30.0 0.5],1.8810139430598654,False,True,30.925919153116283,61,59.99785047027138,2810.424,in_progress,0.0,0
399,199.0,-5.534574804747077,4.648694158814431,24.997139641549413,-30.0,0.5,[-30.0 0.5],1.888920193826196,False,True,31.10000338856986,61,59.99785047027138,2810.498,in_progress,0.0,0
399,200.0,-5.434144326554845,4.671813667619528,20.355922864125017,-30.0,2.255314403905851,[-30.0 2.255314403905851],2.2826146890639576,False,True,31.267463389162202,62,59.99785047027138,2810.556,in_progress,0.0,0
399,201.0,-5.353405964796,4.679503375170157,15.725967438805858,-30.0,0.5,[-30.0 0.5],1.9021028238161577,False,True,31.402218113364313,62,59.99785047027138,2810.625,in_progress,0.0,0
399,202.0,-5.2672855024400285,4.676397892838061,9.654651414149852,-30.0,0.5,[-30.0 0.5],1.9082628240447779,False,True,31.545744320868465,62,59.99785047027138,2810.692,in_progress,0.0,0
399,203.0,-5.184987052031436,4.665806597963632,4.22454245304415,-26.433091945967075,4.0,[-26.433091945967075 4.0],2.684059885854788,False,True,31.682869896210107,63,59.99785047027138,2810.754,in_progress,0.0,0
399,204.0,-5.112712503741723,4.647588581361862,-1.1593826864455328,30.0,0.9913301745519827,[30.0 0.9913301745519827],2.0269998666709452,False,True,31.80325744384642,63,59.99785047027138,2810.824,in_progress,0.0,0
399,205.0,-5.037881478990845,4.6307041542749845,-5.742008384292809,-30.0,1.3514411783028195,[-30.0 1.3514411783028195],2.111278943008386,False,True,31.927217024867034,63,59.99785047027138,2810.887,in_progress,0.0,0
399,206.0,-4.964294602567641,4.616974159020456,-7.469364619387934,-10.095384755734202,2.6511583400277776,[-10.095384755734202 2.6511583400277776],3.002753321245996,False,True,32.049897786301656,63,59.99785047027138,2810.955,in_progress,0.0,0
399,207.0,-4.874890937817092,4.587160985349233,-11.326976717887051,-17.67569245954885,0.9826166119190671,[-17.67569245954885 0.9826166119190671],2.227210927959379,False,True,32.19897790333886,64,59.99785047027138,2811.024,in_progress,0.0,0
399,208.0,-4.784944184192163,4.550086735395889,-15.195978298084837,30.0,1.5318876393006426,[30.0 1.5318876393006426],2.3661699197519375,False,True,32.34897995979203,64,59.99785047027138,2811.067,in_progress,0.0,0
399,209.0,-4.7320858906067516,4.5303882805659335,-16.346758877506417,-21.627413593428468,2.139305543563069,[-21.627413593428468 2.139305543563069],2.515268841008098,False,True,32.43714947655262,64,59.99785047027138,2811.163,in_progress,0.0,0
399,210.0,-4.608109821628743,4.485668642726141,-18.347405838333934,30.0,3.073257924668895,[30.0 3.073257924668895],2.750047131507341,False,True,32.64377025236901,64,59.99785047027138,2811.205,in_progress,0.0,0
399,211.0,-4.539622569903226,4.453381899081359,-20.295049990905426,-5.207925226856286,2.9851816348737574,[-5.207925226856286 2.9851816348737574],3.4172954929388233,False,True,32.75791008119238,65,59.99785047027138,2811.299,in_progress,0.0,0
399,212.0,-4.387317207811744,4.392956211993931,-21.096465328609263,19.985345426524567,0.5,[19.985345426524567 0.5],1.9715877062720537,False,True,33.01017161471424,65,59.99785047027138,2811.343,in_progress,0.0,0
399,213.0,-4.309366318439074,4.361136173384312,-22.051041519849903,30.0,1.3046409529181793,[30.0 1.3046409529181793],2.1539935599882365,False,True,33.13969191888643,65,59.99785047027138,2811.426,in_progress,0.0,0
399,214.0,-4.176613162694242,4.318462114285199,-20.091191272265785,30.0,3.1197473068188297,[30.0 3.1197473068188297],2.563837473422934,False,True,33.36041398127273,66,59.99785047027138,2811.484,in_progress,0.0,0
399,215.0,-4.061611578044523,4.29135628662846,-17.050878415612996,30.0,0.5,[30.0 0.5],1.8146281490674037,False,True,33.547072481753546,66,59.99785047027138,2811.559,in_progress,0.0,0
399,216.0,-3.9551708814555298,4.28439747564117,-11.256991496443337,30.0,1.4565343543027054,[30.0 1.4565343543027054],2.0132623954440994,False,True,33.724219208901815,66,59.99785047027138,2811.622,in_progress,0.0,0
399,217.0,-3.8616823718384836,4.290867457637786,-5.672431771795407,18.892914531345518,0.5,[18.892914531345518 0.5],1.8282020519765876,False,True,33.88022008371368,67,59.99785047027138,2811.685,in_progress,0.0,0
399,218.0,-3.7774761053855195,4.3132610611277045,1.6268531865899625,13.74345176856474,0.5,[13.74345176856474 0.5],2.5218286517419894,False,True,34.02854185281822,67,59.99785047027138,2811.751,in_progress,0.0,0
399,219.0,-3.7031822945285633,4.343995494054017,8.505520578541956,23.044784503033853,3.307389728577033,[23.044784503033853 3.307389728577033],2.6401567850924064,False,True,34.15234008581176,67,59.99785047027138,2811.82,in_progress,0.0,0
399,220.0,-3.6328765741635745,4.379252629715643,14.024021378299489,-12.001865316744048,1.4272645618111697,[-12.001865316744048 1.4272645618111697],2.789035858923001,False,True,34.26948696718921,68,59.99785047027138,2811.89,in_progress,0.0,0
399,221.0,-3.547882889679369,4.4332913945512376,20.99091768840598,30.0,0.5,[30.0 0.5],2.0333013031866143,False,True,34.41109681716863,68,59.99785047027138,2811.954,in_progress,0.0,0
399,222.0,-3.470127616034434,4.467691849759707,21.826543893554813,-30.0,3.2816033926116988,[-30.0 3.2816033926116988],2.891632591141113,False,True,34.54083143785999,68,59.99785047027138,2812.024,in_progress,0.0,0
399,223.0,-3.3804653251497387,4.499975928188505,20.3771486099008,-25.277343760118907,4.0,[-25.277343760118907 4.0],3.0711436595793438,False,True,34.6901540306465,69,59.99785047027138,2812.088,in_progress,0.0,0
399,224.0,-3.28141697793144,4.511091468710154,15.175326403808123,-23.870774144183045,3.973688086253637,[-23.870774144183045 3.973688086253637],3.0730507135040757,False,True,34.85798639478952,69,59.99785047027138,2812.158,in_progress,0.0,0
399,225.0,-3.153061000303112,4.505741453314052,6.916812061036007,0.6116623072554717,2.7786930391869316,[0.6116623072554717 2.7786930391869316],3.4965535678760005,False,True,35.07142880437658,70,59.99785047027138,2812.222,in_progress,0.0,0
399,226.0,-3.0303269381471263,4.4978005502237695,0.8489192662999796,-30.0,2.8966369695160856,[-30.0 2.8966369695160856],2.8359702887858464,False,True,35.27558605220317,71,59.99785047027138,2812.291,in_progress,0.0,0
399,227.0,-2.8926162057545497,4.488541840969929,-3.3752470575150935,-30.0,4.0,[-30.0 4.0],3.111923450037707,False,True,35.49179301277468,72,59.99785047027138,2812.363,in_progress,0.0,0
399,228.0,-2.7166244929472625,4.450138203383654,-9.884207100304481,-30.0,2.420814625539742,[-30.0 2.420814625539742],2.7482534665340035,False,True,35.77725432645779,73,59.99785047027138,2812.408,in_progress,0.0,0
399,229.0,-2.6168761057154133,4.4147327990300465,-14.67965081913666,-30.0,3.62923847493132,[-30.0 3.62923847493132],2.790394585426307,False,True,35.90527333985311,73,59.99785047027138,2812.492,in_progress,0.0,0
399,230.0,-2.4185765512445876,4.321587459629546,-24.00522698146682,-30.0,1.0880137179895368,[-30.0 1.0880137179895368],2.247157637001753,False,True,36.22309879718656,74,59.99785047027138,2812.548,in_progress,0.0,0
399,231.0,-2.2936284852972086,4.243828866241354,-32.059427094671285,-14.724202790434878,1.7288869915216205,[-14.724202790434878 1.7288869915216205],2.720672579818652,False,True,36.36442417874475,75,59.99785047027138,2812.628,in_progress,0.0,0
399,232.0,-2.155090694196993,4.149650218920567,-40.12663893108933,30.0,0.5,[30.0 0.5],1.9414028682195754,False,True,36.608094564433536,76,59.99785047027138,2812.698,in_progress,0.0,0
399,233.0,-2.0430519232983513,4.068421407985511,-45.88449267064048,17.305763537919397,2.741319461494612,[17.305763537919397 2.741319461494612],1.8468786061055458,False,True,36.7491151214879,76,59.99785047027138,2812.743,in_progress,0.0,0
399,234.0,-1.9615132904584696,4.012031283768992,-47.09047727427508,30.0,1.9739299584272338,[30.0 1.9739299584272338],0.9260864042302466,False,False,36.886492371882696,77,59.99785047027138,2812.826,in_progress,0.0,0
399,235.0,-1.8197249153993782,3.927440364093083,-44.722167787920704,16.12658562798574,0.8320565230459612,[16.12658562798574 0.8320565230459612],0.9257425020782387,False,False,36.90459974501087,77,59.99785047027138,2812.887,in_progress,0.0,0
399,236.0,-1.7129575552993597,3.875312784384939,-39.438288324996954,24.847841391002767,2.453611040982831,[24.847841391002767 2.453611040982831],0.9277990329055206,False,False,37.01824424218996,77,59.99785047027138,2812.957,in_progress,0.0,0
399,237.0,-1.591798152785033,3.8229115292967335,-32.0008137148416,0.7705832607861787,4.0,[0.7705832607861787 4.0],1.1624532645708594,True,False,37.13609086816974,78,59.99785047027138,2813.016,off_track,0.0,0
