episode,steps,X,Y,yaw,steer,throttle,action,reward,done,all_wheels_on_track,progress,closest_waypoint,track_len,tstamp,episode_status,pause_duration,obstacle_crash_counter
160,1.0,0.20775407958448217,-2.1730009037875484,-179.99909821751712,18.764067568956854,0.5,[18.764067568956854 0.5],0.0,False,True,0.23334138227872597,0,59.99785047027138,503.357,prepare,0.0,0
160,2.0,0.20768420751392835,-2.173042613928361,179.97873456099413,-2.399009409222284,4.0,[-2.399009409222284 4.0],0.3903414809382885,False,True,0.2334578235276845,0,59.99785047027138,503.418,in_progress,0.0,0
160,3.0,0.1990107307090218,-2.170123388419878,179.2538868978323,30.0,0.9372310895581644,[30.0 0.9372310895581644],0.15569471248903344,False,True,0.24791528147828323,0,59.99785047027138,503.484,in_progress,0.0,0
160,4.0,0.1834794915661181,-2.1753965031074793,179.4774555670122,-22.49882127482756,1.952466277991063,[-22.49882127482756 1.952466277991063],0.1681935551691199,False,True,0.27379953706831034,1,59.99785047027138,503.553,in_progress,0.0,0
160,5.0,0.15569742444779458,-2.1820140498164657,-179.0568611317353,-16.885996255930298,4.0,[-16.885996255930298 4.0],0.22330318488442127,False,True,0.32010204255220936,1,59.99785047027138,503.621,in_progress,0.0,0
160,6.0,0.10974892779720388,-2.175803778372214,179.45687874544362,-0.6172272590543955,4.0,[-0.6172272590543955 4.0],0.3005762019302757,False,True,0.3966880493046625,1,59.99785047027138,503.677,in_progress,0.0,0
160,7.0,0.061857121854410946,-2.1666504197277687,177.35631882674724,30.0,3.776022890152506,[30.0 3.776022890152506],0.24900188139242166,False,True,0.4765141759627084,1,59.99785047027138,503.762,in_progress,0.0,0
160,8.0,-0.023357865996850566,-2.1671216673167235,178.25262016105071,12.345484882150757,2.8927095800716667,[12.345484882150757 2.8927095800716667],0.3225964506878624,False,True,0.6185360294978252,1,59.99785047027138,503.826,in_progress,0.0,0
160,9.0,-0.09532912098531907,-2.1781846045134876,-178.79597365844617,30.0,2.9371172214363437,[30.0 2.9371172214363437],0.2827942451528711,False,True,0.7385033275045891,1,59.99785047027138,503.889,in_progress,0.0,0
160,10.0,-0.18294279673576858,-2.2026543098739886,-173.82963686060106,-30.0,0.5,[-30.0 0.5],0.2023541331618191,False,True,0.8845555018200644,2,59.99785047027138,503.955,in_progress,0.0,0
160,11.0,-0.26980218598361083,-2.23334572198449,-168.2466996761372,-30.0,3.2432651882347217,[-30.0 3.2432651882347217],0.35191862507980204,False,True,1.0293566340543885,2,59.99785047027138,504.026,in_progress,0.0,0
160,12.0,-0.3617104813528699,-2.2619345336473327,-165.44072570700487,-6.129592139967045,4.0,[-6.129592139967045 4.0],0.5217609447191738,False,True,1.1825126013509866,2,59.99785047027138,504.087,in_progress,0.0,0
160,13.0,-0.45897856283254823,-2.2817657435967673,-166.55440801862264,7.239515595327639,3.3005460709238017,[7.239515595327639 3.3005460709238017],0.46663885721546994,False,True,1.3446384623126795,3,59.99785047027138,504.159,in_progress,0.0,0
160,14.0,-0.5778059644744884,-2.3008969234879406,-168.5519477578045,-12.728633521020313,3.7803489427745105,[-12.728633521020313 3.7803489427745105],0.5391224189048834,False,True,1.5426975776474492,3,59.99785047027138,504.216,in_progress,0.0,0
160,15.0,-0.687919422713245,-2.3146152836739295,-170.52303698284237,0.0686157991705798,3.7605912160275516,[0.0686157991705798 3.7605912160275516],0.5709516573015607,False,True,1.7259974035143295,3,59.99785047027138,504.281,in_progress,0.0,0
160,16.0,-0.8399920321448755,-2.31846381627496,-174.9924633423677,-0.9072705913773227,1.306588371798674,[-0.9072705913773227 1.306588371798674],0.42649964676564206,False,True,1.979455673187593,4,59.99785047027138,504.352,in_progress,0.0,0
160,17.0,-0.966245110420656,-2.3088502001623055,-179.89395461079835,30.0,3.931294500622818,[30.0 3.931294500622818],0.5392349854417189,False,True,2.190030145332282,4,59.99785047027138,504.424,in_progress,0.0,0
160,18.0,-1.1002806832753058,-2.299592532703609,178.52196593976856,-30.0,2.8761751627815757,[-30.0 2.8761751627815757],0.4938380561474226,False,True,2.4134339626049166,5,59.99785047027138,504.488,in_progress,0.0,0
160,19.0,-1.2373069595431583,-2.297916189464707,178.810279728532,0.8468058811003871,0.6466980635616864,[0.8468058811003871 0.6466980635616864],0.4388968848644366,False,True,2.6420558797516933,5,59.99785047027138,504.565,in_progress,0.0,0
160,20.0,-1.3982411684231133,-2.2777236000922376,175.49636426621097,-1.1038549322527196,1.0310699425613827,[-1.1038549322527196 1.0310699425613827],0.5042675036432034,False,True,2.9102579172143836,6,59.99785047027138,504.62,in_progress,0.0,0
160,21.0,-1.5026507851934057,-2.258503230526196,173.14605195411818,-3.0277661098610267,0.5,[-3.0277661098610267 0.5],0.5034337919041733,False,True,3.084250465578338,6,59.99785047027138,504.683,in_progress,0.0,0
160,22.0,-1.6252468392023418,-2.224967862106914,169.32343251174987,30.0,4.0,[30.0 4.0],0.7384513612694287,False,True,3.2884877070161203,6,59.99785047027138,504.761,in_progress,0.0,0
160,23.0,-1.7475397856256605,-2.188070105124559,166.63246267077508,10.518990301020814,0.5,[10.518990301020814 0.5],0.5343206408473297,False,True,3.492291770243985,7,59.99785047027138,504.823,in_progress,0.0,0
160,24.0,-1.8465770013270886,-2.1759599651664248,168.71530495288386,-30.0,1.7023416200029504,[-30.0 1.7023416200029504],0.5505843552838788,False,True,3.65735155712513,7,59.99785047027138,504.888,in_progress,0.0,0
160,25.0,-1.9399137152728234,-2.1636846201051543,169.96430179955394,30.0,3.091893633667457,[30.0 3.091893633667457],0.6939108000015194,False,True,3.8129292239940273,7,59.99785047027138,504.957,in_progress,0.0,0
160,26.0,-2.0552077125667276,-2.149168157370517,171.39704942779525,17.815676674919978,0.5,[17.815676674919978 0.5],0.4501745881188766,False,True,4.005111993940184,8,59.99785047027138,505.017,in_progress,0.0,0
160,27.0,-2.162827882528891,-2.1568182897201527,177.3014558024754,-17.335721149924453,0.7984816135978586,[-17.335721149924453 0.7984816135978586],0.48878332183532724,False,True,4.184475150180875,8,59.99785047027138,505.094,in_progress,0.0,0
160,28.0,-2.266760291428253,-2.164482290456952,179.88341138943431,-1.4144396053618493,1.8639943455992636,[-1.4144396053618493 1.8639943455992636],0.7586750174957922,False,True,4.357697576060657,8,59.99785047027138,505.155,in_progress,0.0,0
160,29.0,-2.3487321336397318,-2.159459839802297,178.80291530526517,30.0,3.9668919567629883,[30.0 3.9668919567629883],0.8306959316689536,False,True,4.494332208593174,9,59.99785047027138,505.219,in_progress,0.0,0
160,30.0,-2.4421241746639417,-2.1580246859750947,178.94095765494134,-14.396607394929037,4.0,[-14.396607394929037 4.0],1.054798629825462,False,True,4.649993959697002,9,59.99785047027138,505.282,in_progress,0.0,0
160,31.0,-2.5515240891063646,-2.1620298512581817,-179.73656202220926,-11.258544261166644,0.5743205325031269,[-11.258544261166644 0.5743205325031269],0.6133992547544876,False,True,4.83229749462146,9,59.99785047027138,505.364,in_progress,0.0,0
160,32.0,-2.669911373927392,-2.1505783671869674,178.23229701519725,-6.772188647201482,3.350410873534531,[-6.772188647201482 3.350410873534531],1.0049035554438577,False,True,5.029609453912932,10,59.99785047027138,505.426,in_progress,0.0,0
160,33.0,-2.7696870875803197,-2.132423807255371,174.87530723479958,6.322960964172772,0.5,[6.322960964172772 0.5],0.6230491524450115,False,True,5.1958967827153275,10,59.99785047027138,505.482,in_progress,0.0,0
160,34.0,-2.8699772828398102,-2.1105287961091217,170.29876767759882,7.759639300646505,2.472059221197605,[7.759639300646505 2.472059221197605],0.9073992746650915,False,True,5.362939473537838,10,59.99785047027138,505.56,in_progress,0.0,0
160,35.0,-2.9760838522117905,-2.085358506405201,167.65099866392416,-30.0,0.5,[-30.0 0.5],0.5118713945138554,False,True,5.539733706859907,11,59.99785047027138,505.627,in_progress,0.0,0
160,36.0,-3.075402135670037,-2.063137887685424,167.34814093440085,-6.936872592194376,0.5,[-6.936872592194376 0.5],0.5934392856800097,False,True,5.705220324183405,11,59.99785047027138,505.688,in_progress,0.0,0
160,37.0,-3.152396675588049,-2.0352499857009967,165.01751043606944,30.0,0.5,[30.0 0.5],0.4772032497990922,False,True,5.833405228194525,11,59.99785047027138,505.758,in_progress,0.0,0
160,38.0,-3.2282839467591335,-2.004733358806022,162.87513550806344,30.0,2.6556551864963827,[30.0 2.6556551864963827],0.7093163878622232,False,True,5.95980216563305,11,59.99785047027138,505.825,in_progress,0.0,0
160,39.0,-3.306375774649505,-1.9843549102642992,163.63867992740145,30.0,4.0,[30.0 4.0],0.8574582194846715,False,True,6.089902127021813,12,59.99785047027138,505.895,in_progress,0.0,0
160,40.0,-3.398253536122688,-1.9765058590346332,167.67754325247097,30.0,1.3488638487332,[30.0 1.3488638487332],0.5787583316784694,False,True,6.243014825211919,12,59.99785047027138,505.96,in_progress,0.0,0
160,41.0,-3.4804979762317014,-1.9841321920698454,173.2893803786786,-8.54892244562738,3.911823376544417,[-8.54892244562738 3.911823376544417],1.0775425743029567,False,True,6.380531416235362,12,59.99785047027138,506.024,in_progress,0.0,0
160,42.0,-3.5819057191346926,-1.9898829244757763,176.72824318440533,30.0,0.5,[30.0 0.5],0.4961058669974084,False,True,6.549553983877855,12,59.99785047027138,506.091,in_progress,0.0,0
160,43.0,-3.680856233650539,-1.9952769538051558,179.63967446140094,-8.914591793482309,3.9514904356563663,[-8.914591793482309 3.9514904356563663],1.1078451946156527,False,True,6.714480799924166,13,59.99785047027138,506.151,in_progress,0.0,0
160,44.0,-3.778018649169446,-2.00557030146147,-178.13735965693266,30.0,0.5,[30.0 0.5],0.5066908249617529,False,True,6.875045114813472,13,59.99785047027138,506.226,in_progress,0.0,0
160,45.0,-3.8796438866243164,-2.008621044120775,-178.93988012506313,0.11574391812851204,0.7023702811045042,[0.11574391812851204 0.7023702811045042],0.6693535207398902,False,True,7.044451211741126,13,59.99785047027138,506.279,in_progress,0.0,0
160,46.0,-3.9587784962101176,-2.012798167293476,-178.298499296246,7.7926573941446975,2.697708663197156,[7.7926573941446975 2.697708663197156],0.9590053311828827,False,True,7.176382093626748,14,59.99785047027138,506.353,in_progress,0.0,0
160,47.0,-4.052920888321468,-2.019505016027169,-177.41858113376213,14.475530786150046,3.346711944469191,[14.475530786150046 3.346711944469191],1.0618062051061017,False,True,7.333348899159528,14,59.99785047027138,506.417,in_progress,0.0,0
160,48.0,-4.154281709844301,-2.0315032654962697,-175.77932142296507,-0.21666630815416,2.544260184139335,[-0.21666630815416 2.544260184139335],0.9556904715263397,False,True,7.498779956599656,14,59.99785047027138,506.489,in_progress,0.0,0
160,49.0,-4.26908621413574,-2.0424726516977385,-175.26765203378272,18.1005127939043,1.3161183077658019,[18.1005127939043 1.3161183077658019],0.6296041723869312,False,True,7.690458611052844,15,59.99785047027138,506.548,in_progress,0.0,0
160,50.0,-4.373554472525237,-2.0531541196817984,-174.96147231477738,-17.06130338277891,1.8875212891034017,[-17.06130338277891 1.8875212891034017],0.7053562275965621,False,True,7.867718347549293,15,59.99785047027138,506.617,in_progress,0.0,0
160,51.0,-4.492597103564297,-2.0657442950128595,-174.64172515314831,30.0,1.9394729427376667,[30.0 1.9394729427376667],0.721589519255335,False,True,8.06627405494555,16,59.99785047027138,506.692,in_progress,0.0,0
160,52.0,-4.633842511859191,-2.08000396860678,-174.32698157136235,-30.0,2.2139177960532535,[-30.0 2.2139177960532535],0.7701777012976153,False,True,8.317334673557514,16,59.99785047027138,506.758,in_progress,0.0,0
160,53.0,-4.750760487259946,-2.0944695830267075,-173.96567666466055,-1.6378824710584858,1.8381818514615622,[-1.6378824710584858 1.8381818514615622],0.9991245665017081,False,True,8.509537442925597,17,59.99785047027138,506.82,in_progress,0.0,0
160,54.0,-4.8622060396958435,-2.1023865390058853,-174.74525566564427,-13.698571472302568,4.0,[-13.698571472302568 4.0],1.3857514334017387,False,True,8.700494159485803,18,59.99785047027138,506.884,in_progress,0.0,0
160,55.0,-5.001101528900131,-2.1124109913867555,-175.4453722714587,-30.0,4.0,[-30.0 4.0],1.1263138158978974,False,True,8.926853160422645,19,59.99785047027138,506.955,in_progress,0.0,0
160,56.0,-5.163829651564677,-2.10262010948874,179.9679691276643,-0.11956056154423678,2.46341204639665,[-0.11956056154423678 2.46341204639665],1.1609498290239104,False,True,9.198802612981657,20,59.99785047027138,507.026,in_progress,0.0,0
160,57.0,-5.2942941502673255,-2.0848417218544246,175.19318716673376,-30.0,4.0,[-30.0 4.0],1.1658723256764776,False,True,9.41686091928973,21,59.99785047027138,507.087,in_progress,0.0,0
160,58.0,-5.4254674545647354,-2.0635868067515815,171.48062289010971,8.932831753210671,3.7695726378096692,[8.932831753210671 3.7695726378096692],1.4340591444151314,False,True,9.628515605161699,22,59.99785047027138,507.158,in_progress,0.0,0
160,59.0,-5.607192831094609,-2.029297249269708,168.30303415827248,-30.0,0.9549060420056183,[-30.0 0.9549060420056183],0.7472265129921389,False,True,9.921406903760815,23,59.99785047027138,507.222,in_progress,0.0,0
160,60.0,-5.762521042742438,-2.00467355979182,168.51172206705186,-30.0,2.641291834062196,[-30.0 2.641291834062196],0.9307246849488271,False,True,10.14558393556066,24,59.99785047027138,507.282,in_progress,0.0,0
160,61.0,-5.91114034347457,-1.9691748169469532,167.3201754488739,-30.0,2.192413733149078,[-30.0 2.192413733149078],0.8769650398156945,False,True,10.339606703958928,24,59.99785047027138,507.363,in_progress,0.0,0
160,62.0,-6.0776898737979455,-1.9116049323351396,163.61539475346476,30.0,2.6926003897558863,[30.0 2.6926003897558863],0.872100463495886,False,True,10.551946373447894,25,59.99785047027138,507.424,in_progress,0.0,0
160,63.0,-6.228187212081645,-1.861984688921854,162.6574165289788,-1.385875929627332,2.439180107704232,[-1.385875929627332 2.439180107704232],1.0601349637874362,False,True,10.751881854447875,26,59.99785047027138,507.486,in_progress,0.0,0
160,64.0,-6.368423157439951,-1.8233436492487118,163.62909974949483,-18.50707504025131,0.5,[-18.50707504025131 0.5],0.2635157444680236,False,False,10.840837588874388,26,59.99785047027138,507.546,in_progress,0.0,0
160,65.0,-6.529290290198257,-1.7673714942790895,161.65257597238923,30.0,3.102576511264496,[30.0 3.102576511264496],0.26571735662484863,False,False,11.015920563592971,27,59.99785047027138,507.623,in_progress,0.0,0
160,66.0,-6.676135781389816,-1.7139278574767969,160.75594522863145,-30.0,0.5,[-30.0 0.5],0.26724321947004404,True,False,11.162902558910815,27,59.99785047027138,507.679,off_track,0.0,0
161,1.0,-2.792137461040504,-2.1727546651673926,-179.97895584342155,13.388375844108836,0.82624876633437,[13.388375844108836 0.82624876633437],0.0,False,True,0.233340897407653,10,59.99785047027138,507.825,prepare,0.0,0
161,2.0,-2.7921379369528445,-2.172758291705554,-179.97827537860493,-30.0,2.151873809074009,[-30.0 2.151873809074009],0.24001370214780893,False,True,0.23334169291509832,10,59.99785047027138,507.893,in_progress,0.0,0
161,3.0,-2.7969365968655424,-2.1721792539352753,-179.92630616900374,30.0,1.4258422593789803,[30.0 1.4258422593789803],0.16656450818165675,False,True,0.2413393794632207,10,59.99785047027138,507.956,in_progress,0.0,0
161,4.0,-2.811162396158741,-2.1683100472639305,178.97169630346923,-29.054536738518863,4.0,[-29.054536738518863 4.0],0.2188231726398367,False,True,0.26504744748042236,10,59.99785047027138,508.024,in_progress,0.0,0
161,5.0,-2.8428988716929924,-2.1693716091049704,178.12165827332777,27.951561363361137,2.2938723616703727,[27.951561363361137 2.2938723616703727],0.17449289597745377,False,True,0.31793865618070516,10,59.99785047027138,508.082,in_progress,0.0,0
161,6.0,-2.8791901771671697,-2.1654986324311967,177.48646319768991,-10.323192309583305,4.0,[-10.323192309583305 4.0],0.2867324415255435,False,True,0.37841762644773846,10,59.99785047027138,508.162,in_progress,0.0,0
161,7.0,-2.933503991278428,-2.1633651761933956,177.47921607438167,-7.623040996096908,0.9654299394213435,[-7.623040996096908 0.9654299394213435],0.19559265423937597,False,True,0.46893904605399483,10,59.99785047027138,508.222,in_progress,0.0,0
161,8.0,-2.9890606638413435,-2.151967104465353,175.69259099356825,-15.044055350715187,2.573614628183248,[-15.044055350715187 2.573614628183248],0.22343814118086833,False,True,0.5615112732838115,11,59.99785047027138,508.284,in_progress,0.0,0
161,9.0,-3.058134301904177,-2.135157700659168,173.1186620802469,26.03770804596921,2.1847547365119597,[26.03770804596921 2.1847547365119597],0.2309903612832611,False,True,0.676600475287721,11,59.99785047027138,508.358,in_progress,0.0,0
161,10.0,-3.140096999904565,-2.1208849166139863,172.12812456527078,30.0,4.0,[30.0 4.0],0.3306994718877555,False,True,0.813146948937167,11,59.99785047027138,508.426,in_progress,0.0,0
161,11.0,-3.2244379648096197,-2.1232679805975847,175.22511733008818,0.23195896998061372,2.8592970751181404,[0.23195896998061372 2.8592970751181404],0.38597182718050516,False,True,0.9537267892465631,11,59.99785047027138,508.492,in_progress,0.0,0
161,12.0,-3.3268309454117375,-2.129086596407689,178.19842058666626,-7.868766579646813,3.6993724058327024,[-7.868766579646813 3.6993724058327024],0.4774781858751814,False,True,1.1244040611782524,12,59.99785047027138,508.546,in_progress,0.0,0
161,13.0,-3.4406497344531166,-2.121295997554079,177.21982895855544,-30.0,3.770566368511925,[-30.0 3.770566368511925],0.4236187945807605,False,True,1.3140865613664885,12,59.99785047027138,508.621,in_progress,0.0,0
161,14.0,-3.560754116871698,-2.0992187807553275,173.56856405840557,-30.0,2.855698559267323,[-30.0 2.855698559267323],0.4069766145489377,False,True,1.5143688719453985,12,59.99785047027138,508.691,in_progress,0.0,0
161,15.0,-3.711599546288513,-2.044219081269986,165.94871919821279,20.730009247191404,2.799937559201254,[20.730009247191404 2.799937559201254],0.40943888175203613,False,True,1.7657522919051802,13,59.99785047027138,508.754,in_progress,0.0,0
161,16.0,-3.8399023081058434,-1.9897183719671412,160.5976117692377,2.3371977945098763,1.0581816766344077,[2.3371977945098763 1.0581816766344077],0.40624533185091194,False,True,1.9780463579833831,13,59.99785047027138,508.822,in_progress,0.0,0
161,17.0,-3.9979114042683226,-1.936446276741465,159.86854937502298,-1.2668238365550053,1.8440920841102357,[-1.2668238365550053 1.8440920841102357],0.4620045995156012,False,True,2.2409286478739117,14,59.99785047027138,508.885,in_progress,0.0,0
161,18.0,-4.105797426871831,-1.9027001231872205,161.0046205738692,30.0,2.414161082836179,[30.0 2.414161082836179],0.41881461623100735,False,True,2.4136397481912613,14,59.99785047027138,508.95,in_progress,0.0,0
161,19.0,-4.245171208224751,-1.8700209569493544,164.02465276179674,30.0,0.691263177728081,[30.0 0.691263177728081],0.32259221959715156,False,True,2.6447872548130302,15,59.99785047027138,509.024,in_progress,0.0,0
161,20.0,-4.371004960676773,-1.8522407897162196,167.62848555983797,-0.07419280053124311,0.5,[-0.07419280053124311 0.5],0.40310681904307133,False,True,2.8610876890256014,15,59.99785047027138,509.083,in_progress,0.0,0
161,21.0,-4.485895439640062,-1.8365661816517127,169.93005941421367,30.0,0.5,[30.0 0.5],0.3321553175136145,False,True,3.0523880473264486,15,59.99785047027138,509.156,in_progress,0.0,0
161,22.0,-4.585244492259197,-1.8261026120269575,171.50751004062056,30.0,0.5,[30.0 0.5],0.33871342828307616,False,True,3.217847521896221,16,59.99785047027138,509.223,in_progress,0.0,0
161,23.0,-4.6694135310548965,-1.8229582526857364,173.4701192426248,-30.0,0.6540764030820416,[-30.0 0.6540764030820416],0.3599309016817942,False,True,3.411913151113259,16,59.99785047027138,509.294,in_progress,0.0,0
161,24.0,-4.735293464544188,-1.818887604851452,174.34125874211946,-16.71895821299401,0.5,[-16.71895821299401 0.5],0.3486682563814807,False,True,3.521901579610916,17,59.99785047027138,509.348,in_progress,0.0,0
161,25.0,-4.790356712638698,-1.80948267567389,173.43738967848958,19.04472989632974,0.5,[19.04472989632974 0.5],0.3478415257722016,False,True,3.614660139918961,17,59.99785047027138,509.422,in_progress,0.0,0
161,26.0,-4.844657731531005,-1.800488685932389,172.8087732313605,-5.33308461878655,2.3438654869095585,[-5.33308461878655 2.3438654869095585],0.38998785187381424,False,True,3.7472142350864712,18,59.99785047027138,509.486,in_progress,0.0,0
161,27.0,-4.904216724127771,-1.7899989946543329,172.0128307850274,30.0,0.5,[30.0 0.5],0.31223632924300904,False,True,3.8479829308117304,19,59.99785047027138,509.558,in_progress,0.0,0
161,28.0,-4.968128659183476,-1.7783445145991652,171.22681948746268,-10.305519979741607,1.9024304703342065,[-10.305519979741607 1.9024304703342065],0.3915289803938389,False,True,3.9562161781955845,19,59.99785047027138,509.615,in_progress,0.0,0
161,29.0,-5.019959851389818,-1.768268714914984,170.4967593610534,-30.0,1.4393310947620317,[-30.0 1.4393310947620317],0.3163885076906923,False,True,4.091230702896883,19,59.99785047027138,509.689,in_progress,0.0,0
161,30.0,-5.087380274481905,-1.737128322528783,166.1205280788261,-29.125451869601022,2.1294603573344233,[-29.125451869601022 2.1294603573344233],0.15925694607805943,False,False,4.212427754624438,20,59.99785047027138,509.753,in_progress,0.0,0
161,31.0,-5.150109319881231,-1.6943650242889772,160.16040957592844,-11.901654144629056,0.5,[-11.901654144629056 0.5],0.20130115018655068,False,False,4.352457301330825,20,59.99785047027138,509.815,in_progress,0.0,0
161,32.0,-5.216668750221804,-1.6387827168900633,152.28212702087635,9.348606828965316,0.5,[9.348606828965316 0.5],0.20867310539902256,False,False,4.606162192754344,21,59.99785047027138,509.878,in_progress,0.0,0
161,33.0,-5.26812729193213,-1.6014689613447903,148.89154172435673,30.0,0.5,[30.0 0.5],0.16734411349947229,False,False,4.710016439554683,22,59.99785047027138,509.955,in_progress,0.0,0
161,34.0,-5.32809048482879,-1.5744719468704205,150.12518013219116,30.0,0.9115083864820184,[30.0 0.9115083864820184],0.16915301819587147,False,False,4.852750522012705,22,59.99785047027138,510.017,in_progress,0.0,0
161,35.0,-5.378220558308472,-1.5588655077824856,152.81388460773948,-7.906988575629992,3.941640288784201,[-7.906988575629992 3.941640288784201],0.21127850164472894,False,False,4.938977960526131,23,59.99785047027138,510.089,in_progress,0.0,0
161,36.0,-5.437727747009991,-1.543230420097102,155.80132489529785,8.189508980258715,4.0,[8.189508980258715 4.0],0.21488708714225982,False,False,5.1130689545103625,23,59.99785047027138,510.157,in_progress,0.0,0
161,37.0,-5.5157527339356855,-1.523994943416981,159.03449610067713,-28.328465074855885,2.9276275035689014,[-28.328465074855885 2.9276275035689014],0.17608832760994322,False,False,5.327513096479174,24,59.99785047027138,510.233,in_progress,0.0,0
161,38.0,-5.606957289491724,-1.4916186883458067,159.47738338204607,30.0,2.164847362349624,[30.0 2.164847362349624],0.1780965180166377,False,False,5.477732021016458,25,59.99785047027138,510.289,in_progress,0.0,0
161,39.0,-5.695661241552762,-1.4583784509537085,159.4383540636181,-1.274796098405723,0.5,[-1.274796098405723 0.5],0.2288018770502121,False,False,5.720046926255303,26,59.99785047027138,510.355,in_progress,0.0,0
161,40.0,-5.778699361167944,-1.4361184996572358,161.31496839154437,-8.422062826137083,2.098516788039382,[-8.422062826137083 2.098516788039382],0.710566239396482,False,True,5.915911539357238,26,59.99785047027138,510.422,in_progress,0.0,0
161,41.0,-5.879249337775455,-1.4011549589195336,161.04785596226657,30.0,1.8950876849356455,[30.0 1.8950876849356455],0.6086303326645149,False,True,6.046058332965511,27,59.99785047027138,510.493,in_progress,0.0,0
161,42.0,-5.980471908227484,-1.3704063080284767,161.8977183761206,-14.057014761606014,1.8669119940754255,[-14.057014761606014 1.8669119940754255],0.7654489423408577,False,True,6.20078277432476,27,59.99785047027138,510.556,in_progress,0.0,0
161,43.0,-6.082907983915404,-1.3439221344806385,163.25122661834104,30.0,0.5,[30.0 0.5],0.5130430140825566,False,True,6.2957085619233855,27,59.99785047027138,510.625,in_progress,0.0,0
161,44.0,-6.181024811285366,-1.3098608925752706,162.3041139289774,22.57861810549158,0.5,[22.57861810549158 0.5],0.5145927347652356,False,True,6.400407148821337,28,59.99785047027138,510.681,in_progress,0.0,0
161,45.0,-6.266032382603895,-1.2852433348228007,162.96080558549528,30.0,4.0,[30.0 4.0],0.8384399599143514,False,True,6.483364402242496,28,59.99785047027138,510.755,in_progress,0.0,0
161,46.0,-6.354253577740196,-1.2677791693170544,164.9825360797581,30.0,2.2267954409473703,[30.0 2.2267954409473703],0.651142069156301,False,True,6.551367389659515,28,59.99785047027138,510.821,in_progress,0.0,0
161,47.0,-6.460753629286526,-1.269462026418207,171.34138284993344,-30.0,0.5,[-30.0 0.5],0.4225631966330388,False,True,6.551367389659515,28,59.99785047027138,510.884,in_progress,0.0,0
161,48.0,-6.558437060713442,-1.2765230412873625,176.7792656317392,12.893267448011137,0.5227406413022798,[12.893267448011137 0.5227406413022798],0.463943772288133,False,True,6.551367389659515,28,59.99785047027138,510.954,in_progress,0.0,0
161,49.0,-6.658007044419564,-1.2849979552429058,-179.31690659746386,-30.0,1.0980880807990574,[-30.0 1.0980880807990574],0.18343828691046646,False,False,6.551367389659515,28,59.99785047027138,511.021,in_progress,0.0,0
161,50.0,-6.747242366013148,-1.2903061915344494,-178.26128086280775,-30.0,0.5,[-30.0 0.5],0.18149569276874145,False,False,6.5554393280494425,28,59.99785047027138,511.089,in_progress,0.0,0
161,51.0,-6.827506626925457,-1.2860427893375141,-179.7015092487513,21.542840951935382,0.5,[21.542840951935382 0.5],0.18025295322032026,True,False,6.58227076366338,28,59.99785047027138,511.154,off_track,0.0,0
162,1.0,-5.733729492151949,-1.8657624458065898,152.89294636615224,30.0,1.976182079168171,[30.0 1.976182079168171],0.0,False,True,0.23204825895546538,24,59.99785047027138,511.298,prepare,0.0,0
162,2.0,-5.733228778063863,-1.866005857836841,152.865406812575,-3.0644148616277818,2.1715834041127655,[-3.0644148616277818 2.1715834041127655],0.29812259535779473,False,True,0.23112770383738046,24,59.99785047027138,511.36,in_progress,0.0,0
162,3.0,-5.738191354566058,-1.8637921519728504,152.9494488697404,17.728459860438292,2.158102806757455,[17.728459860438292 2.158102806757455],0.18804949970310567,False,True,0.24007013464775323,24,59.99785047027138,511.425,in_progress,0.0,0
162,4.0,-5.7587623261576075,-1.858424186262217,154.16041148562272,-27.337434906469365,4.0,[-27.337434906469365 4.0],0.22172523398611754,False,True,0.26856254116535555,24,59.99785047027138,511.477,in_progress,0.0,0
162,5.0,-5.788455059395094,-1.849649304238937,155.08505209274526,-6.67301748777113,2.9020871546996387,[-6.67301748777113 2.9020871546996387],0.23739010049661854,False,True,0.3155409054435482,24,59.99785047027138,511.554,in_progress,0.0,0
162,6.0,-5.831291762937408,-1.8276322099771838,154.5293318555186,-30.0,1.875481383728197,[-30.0 1.875481383728197],0.17519678284113338,False,True,0.39352941228618515,24,59.99785047027138,511.628,in_progress,0.0,0
162,7.0,-5.881913157975181,-1.7881658350090428,151.3834362022825,-8.575196571221692,0.5,[-8.575196571221692 0.5],0.18913977718469277,False,True,0.5003697809118857,25,59.99785047027138,511.694,in_progress,0.0,0
162,8.0,-5.92824596465274,-1.7476778640605244,148.07613466296752,-30.0,2.985150406879822,[-30.0 2.985150406879822],0.2482614238764127,False,True,0.5871362443237493,25,59.99785047027138,511.747,in_progress,0.0,0
162,9.0,-5.972391355803701,-1.708389358702055,145.7128363714583,2.5700934277963796,2.3448874653429,[2.5700934277963796 2.3448874653429],0.2995729650175216,False,True,0.6842733142048474,25,59.99785047027138,511.812,in_progress,0.0,0
162,10.0,-6.022831373093837,-1.6647386747996415,143.94513474995216,13.122154611964412,0.5,[13.122154611964412 0.5],0.22694793067050892,False,True,0.7936503695360351,26,59.99785047027138,511.884,in_progress,0.0,0
162,11.0,-6.085488562198014,-1.6253821944797358,144.50433619194334,-3.6133351393385595,0.5,[-3.6133351393385595 0.5],0.21356540503648405,False,True,0.8775157885423074,26,59.99785047027138,511.94,in_progress,0.0,0
162,12.0,-6.141194405413759,-1.5888782793960865,145.38108482822344,-16.085348258466926,0.726949913496975,[-16.085348258466926 0.726949913496975],0.18637504894204085,False,True,0.9748314691571752,26,59.99785047027138,512.018,in_progress,0.0,0
162,13.0,-6.177842788414603,-1.5566590964227258,144.86729986794492,-25.46340395153786,2.1542574419425167,[-25.46340395153786 2.1542574419425167],0.24595632454942531,False,True,1.0509264531652893,27,59.99785047027138,512.083,in_progress,0.0,0
162,14.0,-6.219554972297328,-1.5085305380061622,141.36404113975965,7.413914171640073,4.0,[7.413914171640073 4.0],0.41481292378273593,False,True,1.1543958917886898,27,59.99785047027138,512.156,in_progress,0.0,0
162,15.0,-6.268102456661077,-1.4459834174064867,137.3500313331552,22.13048233347613,4.0,[22.13048233347613 4.0],0.3354732311263442,False,True,1.2297405833077133,27,59.99785047027138,512.22,in_progress,0.0,0
162,16.0,-6.342057570339917,-1.3836316831253275,138.22321032478195,30.0,4.0,[30.0 4.0],0.32288017410143416,False,True,1.3667736453496961,28,59.99785047027138,512.284,in_progress,0.0,0
162,17.0,-6.428718956625125,-1.336478659020346,143.18209908293653,18.810280742305082,1.096475759291779,[18.810280742305082 1.096475759291779],0.21377936235400952,False,True,1.4862935985122463,28,59.99785047027138,512.339,in_progress,0.0,0
162,18.0,-6.5269495435427896,-1.3026199728108383,150.31997858905828,-30.0,0.5,[-30.0 0.5],0.1678742817442086,False,True,1.551367389659515,28,59.99785047027138,512.422,in_progress,0.0,0
162,19.0,-6.615506114404713,-1.274454620428717,155.8969562971062,20.921965286286344,1.911906011456163,[20.921965286286344 1.911906011456163],0.08067110426229479,False,False,1.551367389659515,28,59.99785047027138,512.482,in_progress,0.0,0
162,20.0,-6.691185872426329,-1.2530022456300556,159.33435972529313,-30.0,2.493018993030243,[-30.0 2.493018993030243],0.08030761634719036,False,False,1.603098805409693,28,59.99785047027138,512.541,in_progress,0.0,0
162,21.0,-6.782465650424675,-1.2285407891803681,161.3962812621084,-17.508237815566012,3.8798740268631096,[-17.508237815566012 3.8798740268631096],0.08057100575006192,False,False,1.665941848215566,28,59.99785047027138,512.626,in_progress,0.0,0
162,22.0,-6.893459578821473,-1.1768998426493487,158.51893406726882,-30.0,4.0,[-30.0 4.0],0.08320056191191189,True,False,1.7784506728382652,28,59.99785047027138,512.693,off_track,0.0,0
163,1.0,-7.083072820878126,0.5823870523977981,158.00329040430077,-30.0,4.0,[-30.0 4.0],0.0,False,True,0.23327641654766196,41,59.99785047027138,512.81,prepare,0.0,0
163,2.0,-7.083090460850194,0.5823445281206392,158.02142514154437,24.857931951524392,1.298411487372824,[24.857931951524392 1.298411487372824],0.20666056383119735,False,True,0.23327900443950167,41,59.99785047027138,512.88,in_progress,0.0,0
163,3.0,-7.089699355591301,0.5835568142458503,158.3083617981204,-29.338462492885782,1.3850991593310764,[-29.338462492885782 1.3850991593310764],0.16734237351779324,False,True,0.2443009234448984,41,59.99785047027138,512.953,in_progress,0.0,0
163,4.0,-7.108662651144844,0.5958890780677837,157.2771364527079,23.774253404787295,1.904331074805226,[23.774253404787295 1.904331074805226],0.17129284542345,False,True,0.2811181101819965,41,59.99785047027138,513.01,in_progress,0.0,0
163,5.0,-7.137040292473358,0.6210727610623791,154.50231525805341,-30.0,4.0,[-30.0 4.0],0.23729474239771614,False,True,0.34015874770314813,41,59.99785047027138,513.083,in_progress,0.0,0
163,6.0,-7.172297518914886,0.6444728746389318,152.77195098180192,22.090758566302263,2.0880696688435085,[22.090758566302263 2.0880696688435085],0.18950536873573923,False,True,0.4108056699681034,41,59.99785047027138,513.158,in_progress,0.0,0
163,7.0,-7.2211064701337655,0.6778795361369708,150.94530908074114,-12.887215344664607,0.5,[-12.887215344664607 0.5],0.19179370899080808,False,True,0.5073907645259473,41,59.99785047027138,513.224,in_progress,0.0,0
163,8.0,-7.274509083704456,0.7055169838313402,151.4231076093209,-3.499408816297894,0.5,[-3.499408816297894 0.5],0.2067855048065767,False,True,0.6072995735875969,41,59.99785047027138,513.283,in_progress,0.0,0
163,9.0,-7.314327087964426,0.7308039741809643,150.67670627466237,-30.0,0.5,[-30.0 0.5],0.17010957965185503,False,True,0.6848211741217997,42,59.99785047027138,513.349,in_progress,0.0,0
163,10.0,-7.361628329810735,0.7615628340687595,149.94151131482369,-3.262741824960578,4.0,[-3.262741824960578 4.0],0.395190389041994,False,True,0.7773773747249524,42,59.99785047027138,513.41,in_progress,0.0,0
163,11.0,-7.396850415465477,0.787327864036002,148.80838141515991,-30.0,3.6330817122496772,[-30.0 3.6330817122496772],0.30557224776200054,False,True,0.8481486959130591,42,59.99785047027138,513.485,in_progress,0.0,0
163,12.0,-7.442978270556255,0.8353234061840792,144.95034308594293,-30.0,3.72784850535768,[-30.0 3.72784850535768],0.3037103566356514,False,True,0.9716811384482243,42,59.99785047027138,513.546,in_progress,0.0,0
163,13.0,-7.484491727836944,0.9018517233948546,138.03667380312382,-6.423783153273384,0.5,[-6.423783153273384 0.5],0.23265644886989514,False,True,1.0876334532693988,42,59.99785047027138,513.616,in_progress,0.0,0
163,14.0,-7.5194124647845,0.968607696465582,130.64717839308454,-2.4731562014054447,1.9826511038706711,[-2.4731562014054447 1.9826511038706711],0.3209375103555666,False,True,1.1943160914476447,43,59.99785047027138,513.69,in_progress,0.0,0
163,15.0,-7.562032757082774,1.0387110315924604,127.6378546395713,-21.907200185289902,3.8064701703233124,[-21.907200185289902 3.8064701703233124],0.3500235062533903,False,True,1.3148860788239207,43,59.99785047027138,513.758,in_progress,0.0,0
163,16.0,-7.615197162408099,1.1230968739395109,125.43609719483797,30.0,0.5946612125268573,[30.0 0.5946612125268573],0.2090950619438111,False,True,1.5411165578205044,43,59.99785047027138,513.816,in_progress,0.0,0
163,17.0,-7.659018596581534,1.2010497069440473,122.27435910311469,30.0,0.5,[30.0 0.5],0.2135981682926231,False,True,1.681875340886796,44,59.99785047027138,513.887,in_progress,0.0,0
163,18.0,-7.697918438763687,1.27077078985089,121.26628812729355,-22.250363034948737,1.310613188196156,[-22.250363034948737 1.310613188196156],0.2596624394307258,False,True,1.8074027765932281,44,59.99785047027138,513.949,in_progress,0.0,0
163,19.0,-7.728392385406828,1.3343290189803814,119.55123994363855,-16.28382273232153,0.5838478769098657,[-16.28382273232153 0.5838478769098657],0.24121790713095478,False,True,2.0239789936012,44,59.99785047027138,514.016,in_progress,0.0,0
163,20.0,-7.7470604108437655,1.4003994467369572,115.86452302934316,-8.163133037133306,2.223246613102442,[-8.163133037133306 2.223246613102442],0.4151618567421193,False,True,2.1307081729243005,44,59.99785047027138,514.088,in_progress,0.0,0
163,21.0,-7.762088474677064,1.4712181469361854,111.96960824724495,-0.33887744326240465,2.9910809171148225,[-0.33887744326240465 2.9910809171148225],0.2708508724701947,False,True,2.2401199978737907,45,59.99785047027138,514.155,in_progress,0.0,0
163,22.0,-7.773405174128983,1.5585944407372696,107.08582386670288,30.0,3.9975347095850986,[30.0 3.9975347095850986],0.11701457608776307,False,False,2.5012409386789503,45,59.99785047027138,514.23,in_progress,0.0,0
163,23.0,-7.798755851849615,1.6752562058309255,105.02276802814312,20.991677339240212,0.8631546463397114,[20.991677339240212 0.8631546463397114],0.12215628942781948,False,False,2.694624031496018,46,59.99785047027138,514.282,in_progress,0.0,0
163,24.0,-7.838059404200977,1.756013116241485,109.14101300498602,30.0,0.5,[30.0 0.5],0.1251500049826335,False,False,2.844318295059853,46,59.99785047027138,514.366,in_progress,0.0,0
163,25.0,-7.890840091727151,1.83101765808756,114.98496599509153,-30.0,1.2666033356852922,[-30.0 1.2666033356852922],0.1332305581685722,False,False,3.1151029787615805,46,59.99785047027138,514.429,in_progress,0.0,0
163,26.0,-7.93166129903679,1.891598993978851,117.44988449471032,-23.31372857550061,0.5,[-23.31372857550061 0.5],0.13450547982069466,False,False,3.2310035188245156,47,59.99785047027138,514.488,in_progress,0.0,0
163,27.0,-7.956170032681803,1.9474204930098868,116.56324085909516,7.880119386589307,1.132588758795149,[7.880119386589307 1.132588758795149],0.16896625939639143,False,False,3.331729058520394,47,59.99785047027138,514.558,in_progress,0.0,0
163,28.0,-7.986030479686095,2.013333250174583,115.98227483095751,-0.7710086534819709,3.855430540714548,[-0.7710086534819709 3.855430540714548],0.17533056772044853,False,False,3.543265828496869,47,59.99785047027138,514.626,in_progress,0.0,0
163,29.0,-8.018857363431517,2.0801363364080308,116.07285242481771,23.637954582569712,0.940404901978418,[23.637954582569712 0.940404901978418],0.14155592907604672,False,False,3.660929200242588,47,59.99785047027138,514.686,in_progress,0.0,0
163,30.0,-8.055093244313191,2.1549440911912985,115.73820165301501,-30.0,2.299515631485521,[-30.0 2.299515631485521],0.14338378704055615,False,False,3.7925745718918433,48,59.99785047027138,514.758,in_progress,0.0,0
163,31.0,-8.090594635902578,2.227228103338212,115.76411979965044,-30.0,0.5,[-30.0 0.5],0.3263306391476868,False,True,3.919887557329571,48,59.99785047027138,514.819,in_progress,0.0,0
163,32.0,-8.106752476128737,2.2998334849789814,111.87698267725112,-3.28918455962776,4.0,[-3.28918455962776 4.0],0.7439940806393956,False,True,4.105652953361213,48,59.99785047027138,514.884,in_progress,0.0,0
163,33.0,-8.120934805313523,2.3749313944784367,108.64503560034584,30.0,1.225360350409353,[30.0 1.225360350409353],0.39274644873082964,False,True,4.230951038811489,48,59.99785047027138,514.957,in_progress,0.0,0
163,34.0,-8.138126614540148,2.4645917205757626,105.66128078376929,-30.0,4.0,[-30.0 4.0],0.6107736053175675,False,True,4.380548398794029,49,59.99785047027138,515.013,in_progress,0.0,0
163,35.0,-8.158934078212212,2.5609413509834433,103.5601925490465,-30.0,4.0,[-30.0 4.0],0.6284677470868562,False,True,4.591079321251384,49,59.99785047027138,515.085,in_progress,0.0,0
163,36.0,-8.163248588497959,2.667809857818276,98.98317995301507,-23.650414406736832,2.862936613775309,[-23.650414406736832 2.862936613775309],0.6049768130465734,False,True,4.767024634409162,49,59.99785047027138,515.167,in_progress,0.0,0
163,37.0,-8.142452941362444,2.800913362346555,89.43608923223833,0.8799219732743815,0.5,[0.8799219732743815 0.5],0.5104070384752982,False,True,4.991434719696669,50,59.99785047027138,515.217,in_progress,0.0,0
163,38.0,-8.11791655357218,2.8860198354355555,82.30360005256262,-20.557564147699697,2.5388784674580003,[-20.557564147699697 2.5388784674580003],0.6069324109379366,False,True,5.190625887390948,50,59.99785047027138,515.283,in_progress,0.0,0
163,39.0,-8.08357687751485,2.982688424026792,75.91994283241638,25.09601738373774,2.5462736875648364,[25.09601738373774 2.5462736875648364],0.5615175569116692,False,True,5.361041866252056,51,59.99785047027138,515.351,in_progress,0.0,0
163,40.0,-8.033789581042054,3.1228089093902587,70.74167855309942,-14.858878034653284,1.9611462619155373,[-14.858878034653284 1.9611462619155373],0.665894129439681,False,True,5.671745486433083,51,59.99785047027138,515.42,in_progress,0.0,0
163,41.0,-7.997455224805018,3.239426909761508,71.14622023520076,-13.091676821046953,0.5,[-13.091676821046953 0.5],0.5129276233315101,False,True,5.874017772303591,52,59.99785047027138,515.495,in_progress,0.0,0
163,42.0,-7.93895779747504,3.358995114433514,67.67974476490276,-20.122556520062112,3.6119262077144394,[-20.122556520062112 3.6119262077144394],0.7178772119234859,False,True,6.1630850351668345,52,59.99785047027138,515.56,in_progress,0.0,0
163,43.0,-7.877571143177624,3.4607541806679962,63.74295797581573,-30.0,0.7018035354380874,[-30.0 0.7018035354380874],0.4964717202445157,False,True,6.360949522681883,52,59.99785047027138,515.625,in_progress,0.0,0
163,44.0,-7.80142784200351,3.5567542917420765,57.32546532328186,-30.0,0.5,[-30.0 0.5],0.439821245908918,False,True,6.5644962075957904,53,59.99785047027138,515.692,in_progress,0.0,0
163,45.0,-7.733723579579875,3.626725760841065,51.395076736883254,7.381870664320019,0.5,[7.381870664320019 0.5],0.5615701365595188,False,True,6.793484886716072,53,59.99785047027138,515.76,in_progress,0.0,0
163,46.0,-7.673103779751716,3.682384099766038,47.31770750246375,2.5753401323386242,0.5,[2.5753401323386242 0.5],0.5656671759291594,False,True,6.930298408255586,54,59.99785047027138,515.826,in_progress,0.0,0
163,47.0,-7.625624858548172,3.7340227305001923,47.358002121441814,-30.0,2.9686361330021547,[-30.0 2.9686361330021547],0.7039016735084627,False,True,7.047206676413015,54,59.99785047027138,515.898,in_progress,0.0,0
163,48.0,-7.572338531041966,3.785859830424053,46.26841399584087,-30.0,1.4268158827920157,[-30.0 1.4268158827920157],0.5559417308907565,False,True,7.23303883828984,54,59.99785047027138,515.958,in_progress,0.0,0
163,49.0,-7.508131638402159,3.8207195783732475,41.27773937870653,-8.228008632218376,3.2952443731383605,[-8.228008632218376 3.2952443731383605],0.9387477481773346,False,True,7.3531091932701855,54,59.99785047027138,516.031,in_progress,0.0,0
163,50.0,-7.4119444450409295,3.864891295908456,34.75732199702333,-28.281256236508984,4.0,[-28.281256236508984 4.0],0.8333244512206351,False,True,7.524707332197661,55,59.99785047027138,516.089,in_progress,0.0,0
163,51.0,-7.3323937820543295,3.8944372220697456,29.933238765117746,-30.0,0.5,[-30.0 0.5],0.47681985283050987,False,True,7.738649296874692,55,59.99785047027138,516.153,in_progress,0.0,0
163,52.0,-7.225282263813952,3.9208397970673876,21.97280552248084,-18.926016026604408,1.7576200385364507,[-18.926016026604408 1.7576200385364507],0.6174344385262702,False,True,7.915881305487008,55,59.99785047027138,516.224,in_progress,0.0,0
163,53.0,-7.120727368346056,3.93678544848495,16.373066376165283,-15.825072049815649,0.5,[-15.825072049815649 0.5],0.43337409063429055,False,True,8.080870474534423,56,59.99785047027138,516.29,in_progress,0.0,0
163,54.0,-7.027052364010718,3.9309619232894786,8.430760280086044,30.0,1.4058519058692256,[30.0 1.4058519058692256],0.22063127799209986,False,False,8.31145225312705,56,59.99785047027138,516.358,in_progress,0.0,0
163,55.0,-6.936657718688057,3.9205647246671793,2.471003280104093,30.0,0.5,[30.0 0.5],0.22199769771154584,False,False,8.445564586852287,56,59.99785047027138,516.413,in_progress,0.0,0
163,56.0,-6.864517411430223,3.923439198711469,1.7061284744170353,-21.692117557942446,1.0507126543809933,[-21.692117557942446 1.0507126543809933],0.2228434146522619,False,False,8.55934948462192,57,59.99785047027138,516.5,in_progress,0.0,0
163,57.0,-6.7803785353581345,3.9259432639145317,1.6747254045293347,-0.9350990013211629,4.0,[-0.9350990013211629 4.0],0.28436410052295424,False,False,8.819849107129063,57,59.99785047027138,516.546,in_progress,0.0,0
163,58.0,-6.721611982659106,3.9213360197011937,0.26634290622055773,3.490606204017844,4.0,[3.490606204017844 4.0],0.2847847899448589,False,False,8.913688385542004,57,59.99785047027138,516.622,in_progress,0.0,0
163,59.0,-6.623887008276096,3.91400198327263,-1.4385543017022207,30.0,2.5801651937909957,[30.0 2.5801651937909957],0.22976972283310138,False,False,9.069857480254,58,59.99785047027138,516.679,in_progress,0.0,0
163,60.0,-6.54195898037486,3.920962222179295,0.26108622133093595,30.0,0.5,[30.0 0.5],0.23119646136685162,False,False,9.205603226748007,58,59.99785047027138,516.752,in_progress,0.0,0
163,61.0,-6.430240341741434,3.947946822458313,5.882720494876047,18.006193001672756,1.9129351178274705,[18.006193001672756 1.9129351178274705],0.2370278486482242,True,False,9.517957652972733,58,59.99785047027138,516.814,off_track,0.0,0
164,1.0,-8.344475315582134,2.971724381515813,83.0560121009952,30.0,0.8502697542386441,[30.0 0.8502697542386441],0.0,False,True,0.23167582696463906,50,59.99785047027138,516.946,prepare,0.0,0
164,2.0,-8.344480645824081,2.9717248338806543,83.05740794659197,-30.0,4.0,[-30.0 4.0],0.3098875081756598,False,True,0.23167427345668345,50,59.99785047027138,517.016,in_progress,0.0,0
164,3.0,-8.338955651553356,2.977106475053989,82.059103803692,-29.098786308785954,2.8925727941749217,[-29.098786308785954 2.8925727941749217],0.21279114465727172,False,True,0.2427085512658328,50,59.99785047027138,517.082,in_progress,0.0,0
164,4.0,-8.321705675447657,2.9967759020531988,78.60803425365016,30.0,4.0,[30.0 4.0],0.2326356182000025,False,True,0.28177763832364644,50,59.99785047027138,517.149,in_progress,0.0,0
164,5.0,-8.300124460307227,3.0338843450906063,75.7464161603367,-30.0,0.5,[-30.0 0.5],0.13765071971240647,False,True,0.35079184432315613,51,59.99785047027138,517.216,in_progress,0.0,0
164,6.0,-8.28894324231512,3.074770935774266,75.77176422599095,15.667820422126248,0.6548269531330084,[15.667820422126248 0.6548269531330084],0.14864276989146813,False,True,0.42143904955769806,51,59.99785047027138,517.283,in_progress,0.0,0
164,7.0,-8.272820715666917,3.1158658088757516,74.39767971922943,30.0,3.1768039989802874,[30.0 3.1768039989802874],0.23850610767084995,False,True,0.4945374056920748,51,59.99785047027138,517.356,in_progress,0.0,0
164,8.0,-8.264284643862215,3.1583965684210975,75.14208826559461,-30.0,4.0,[-30.0 4.0],0.2744341593251785,False,True,0.5667004942012221,51,59.99785047027138,517.413,in_progress,0.0,0
164,9.0,-8.257532875450934,3.219848635132364,76.77019890997973,-30.0,4.0,[-30.0 4.0],0.2954806589177792,False,True,0.6691138109551159,51,59.99785047027138,517.488,in_progress,0.0,0
164,10.0,-8.229357402838689,3.287929789222537,74.17090833878638,-9.647472385876956,3.121347846216843,[-9.647472385876956 3.121347846216843],0.3583518962694358,False,True,0.7918866412924691,51,59.99785047027138,517.552,in_progress,0.0,0
164,11.0,-8.183470215896227,3.363511217125046,68.91220577953918,-19.58313850471614,2.152515178290492,[-19.58313850471614 2.152515178290492],0.27239893722595754,False,True,0.9380170153245049,52,59.99785047027138,517.628,in_progress,0.0,0
164,12.0,-8.112911009331935,3.4513212798466535,61.674292666452004,-7.559061136358576,3.7310887571020546,[-7.559061136358576 3.7310887571020546],0.4818191941278648,False,True,1.1299718757229238,52,59.99785047027138,517.687,in_progress,0.0,0
164,13.0,-8.03791824710823,3.5311310938015787,55.60373393400126,30.0,2.8896224308662934,[30.0 2.8896224308662934],0.37442981473218273,False,True,1.3100154839644413,52,59.99785047027138,517.758,in_progress,0.0,0
164,14.0,-7.958333166718612,3.622684430659057,52.58630091620754,23.008804633902464,1.8634665318658594,[23.008804633902464 1.8634665318658594],0.3472050659494988,False,True,1.510586279023221,53,59.99785047027138,517.824,in_progress,0.0,0
164,15.0,-7.885116804760737,3.734971444436079,54.574577891557794,7.750071429587386,0.5,[7.750071429587386 0.5],0.3665026166550583,False,True,1.751505933835404,53,59.99785047027138,517.891,in_progress,0.0,0
164,16.0,-7.843701094446235,3.8247925125843962,58.56953778773438,30.0,4.0,[30.0 4.0],0.5408165730146133,False,True,1.907760985484816,54,59.99785047027138,517.961,in_progress,0.0,0
164,17.0,-7.798223203387877,3.952642745695828,65.00690789954523,8.16298395108123,0.5,[8.16298395108123 0.5],0.4028618113821692,False,True,2.114760164735796,54,59.99785047027138,518.027,in_progress,0.0,0
164,18.0,-7.7802512340543215,4.06620224236542,73.90646941363515,-30.0,3.935520251053753,[-30.0 3.935520251053753],0.5309696970511933,False,True,2.248496048652698,54,59.99785047027138,518.093,in_progress,0.0,0
164,19.0,-7.773760728039687,4.173934862134097,83.12846338081974,-28.59622589176153,2.8978389122882438,[-28.59622589176153 2.8978389122882438],0.4671090685136582,False,True,2.3677683866999644,54,59.99785047027138,518.153,in_progress,0.0,0
164,20.0,-7.753443408070215,4.285654952270557,87.45537883467918,-30.0,0.5,[-30.0 0.5],0.2828316230035272,False,True,2.509279291539532,55,59.99785047027138,518.22,in_progress,0.0,0
164,21.0,-7.722710496052151,4.388384869609575,89.08905442324438,-30.0,0.5,[-30.0 0.5],0.28893530004478135,False,True,2.655211612775768,55,59.99785047027138,518.286,in_progress,0.0,0
164,22.0,-7.674901091423608,4.484900113575135,86.76161160136932,-30.0,2.751700456043883,[-30.0 2.751700456043883],0.2547043510974276,False,True,2.722211930873994,55,59.99785047027138,518.356,in_progress,0.0,0
164,23.0,-7.626096967925415,4.567472845234569,79.13675918055954,-20.78499051598964,1.4786842136142857,[-20.78499051598964 1.4786842136142857],0.25935062385199514,False,True,2.860484821897005,55,59.99785047027138,518.426,in_progress,0.0,0
164,24.0,-7.570382756891518,4.650215248708567,70.68672080152164,30.0,0.5,[30.0 0.5],0.13239340337554642,False,False,3.008940985807873,56,59.99785047027138,518.488,in_progress,0.0,0
164,25.0,-7.520171814956562,4.721166294796632,63.914247593546335,30.0,0.5,[30.0 0.5],0.13428609569356803,False,False,3.1397828129791083,56,59.99785047027138,518.56,in_progress,0.0,0
164,26.0,-7.479111016594538,4.787467188960733,60.63783471334399,-30.0,1.1789229810919373,[-30.0 1.1789229810919373],0.13407688924161537,False,False,3.2207081935263475,56,59.99785047027138,518.62,in_progress,0.0,0
164,27.0,-7.445003462030772,4.836648757885165,59.24445072264433,-30.0,0.5,[-30.0 0.5],0.13066873242306895,False,False,3.2207081935263475,56,59.99785047027138,518.687,in_progress,0.0,0
164,28.0,-7.399554394298677,4.87632165586734,54.92496812598075,8.486367182932653,0.647469498121906,[8.486367182932653 0.647469498121906],0.1635162265922917,False,False,3.30450910883377,56,59.99785047027138,518.755,in_progress,0.0,0
164,29.0,-7.354269098621774,4.919379762537857,52.22620537816733,1.7371980478119369,2.5014404809865365,[1.7371980478119369 2.5014404809865365],0.16437590115176748,False,False,3.400880713484844,56,59.99785047027138,518.82,in_progress,0.0,0
164,30.0,-7.318643229388449,4.973340586451276,53.34737840900595,30.0,1.422056489901871,[30.0 1.422056489901871],0.13190073294615978,True,False,3.4888419123984242,57,59.99785047027138,518.886,off_track,0.0,0
165,1.0,-6.054310208346813,4.5217897134966645,0.5899779153003312,30.0,0.5,[30.0 0.5],0.0,False,True,0.23334150444284107,60,59.99785047027138,519.023,prepare,0.0,0
165,2.0,-6.054310216953393,4.521801430630152,0.5950419669455912,-7.214402802083381,3.9569457380673114,[-7.214402802083381 3.9569457380673114],0.3880476224914237,False,True,0.23334169291509554,60,59.99785047027138,519.088,in_progress,0.0,0
165,3.0,-6.046181692772489,4.522725214515742,0.8735479311406151,-16.183621067930822,1.9311962338914201,[-16.183621067930822 1.9311962338914201],0.18627700664596847,False,True,0.24690497808512735,60,59.99785047027138,519.15,in_progress,0.0,0
165,4.0,-6.01938023263587,4.519423182380544,0.15323986955224994,30.0,2.4359139676082613,[30.0 2.4359139676082613],0.1936210150902222,False,True,0.29151611352885576,60,59.99785047027138,519.219,in_progress,0.0,0
165,5.0,-5.977811904148445,4.51729779708472,-0.4032016612103077,8.897632023740115,4.0,[8.897632023740115 4.0],0.3147068004067715,False,True,0.36090229404446283,60,59.99785047027138,519.285,in_progress,0.0,0
165,6.0,-5.928967496534087,4.526366720571216,1.5803725471714813,-15.187179136416276,3.1147745984750497,[-15.187179136416276 3.1147745984750497],0.23839587584405708,False,True,0.44221362226781746,60,59.99785047027138,519.35,in_progress,0.0,0
165,7.0,-5.8671643273299825,4.532818826104018,2.628384234140132,-10.075944391857874,1.11455490439041,[-10.075944391857874 1.11455490439041],0.23420931439714135,False,True,0.5451512743331888,60,59.99785047027138,519.415,in_progress,0.0,0
165,8.0,-5.792813463916878,4.526001252335761,0.41840419913496013,30.0,1.9913129300770878,[30.0 1.9913129300770878],0.24268135788058498,False,True,0.6691443621357984,61,59.99785047027138,519.488,in_progress,0.0,0
165,9.0,-5.716134134753257,4.522622901607972,-0.412166656898446,-30.0,4.0,[-30.0 4.0],0.35194698837923516,False,True,0.7969814048442825,61,59.99785047027138,519.556,in_progress,0.0,0
165,10.0,-5.627466690491507,4.525588763652802,-0.25402610131700243,30.0,0.5,[30.0 0.5],0.21613697115936703,False,True,0.9448047539155291,61,59.99785047027138,519.625,in_progress,0.0,0
165,11.0,-5.5450184541885745,4.519283285815611,-2.158559190478504,-28.334058219156656,4.0,[-28.334058219156656 4.0],0.4086402469924984,False,True,1.0822040439419978,61,59.99785047027138,519.688,in_progress,0.0,0
165,12.0,-5.46368375007215,4.518723853255476,-2.140211006447202,30.0,4.0,[30.0 4.0],0.4298522461316221,False,True,1.2177648186260215,62,59.99785047027138,519.76,in_progress,0.0,0
165,13.0,-5.367138949292522,4.514025512105007,-2.1064391910548124,30.0,1.9005617802627925,[30.0 1.9005617802627925],0.3374818248546697,False,True,1.378664062056456,62,59.99785047027138,519.818,in_progress,0.0,0
165,14.0,-5.284732203639998,4.530428245843774,2.157024525888795,-27.201713211996598,4.0,[-27.201713211996598 4.0],0.4754403948571036,False,True,1.5160726876820907,62,59.99785047027138,519.879,in_progress,0.0,0
165,15.0,-5.177467817357881,4.5550387113267305,6.034839954705374,-30.0,1.4923792036355361,[-30.0 1.4923792036355361],0.3463067716572421,False,True,1.6949524920968684,63,59.99785047027138,519.959,in_progress,0.0,0
165,16.0,-5.059633521816553,4.564682688978093,5.544390262338222,-30.0,0.8799674134640585,[-30.0 0.8799674134640585],0.32706474428252574,False,True,1.8913886057565277,63,59.99785047027138,520.019,in_progress,0.0,0
165,17.0,-4.952299134224112,4.565308697463299,3.4839788325168968,-17.200130602412948,4.0,[-17.200130602412948 4.0],0.560834758867132,False,True,2.0700101828265205,63,59.99785047027138,520.087,in_progress,0.0,0
165,18.0,-4.865436702638602,4.558907462119094,0.8894283306986294,-30.0,0.6833738550452423,[-30.0 0.6833738550452423],0.3367318902490214,False,True,2.214800725058841,64,59.99785047027138,520.151,in_progress,0.0,0
165,19.0,-4.784969313355906,4.541739523305028,-3.567322787703834,-30.0,4.0,[-30.0 4.0],0.5862997528378003,False,True,2.348957343100161,64,59.99785047027138,520.22,in_progress,0.0,0
165,20.0,-4.699537767208278,4.5161351661453555,-8.00433197424452,30.0,4.0,[30.0 4.0],0.5990734875296705,False,True,2.4913940189565666,64,59.99785047027138,520.29,in_progress,0.0,0
165,21.0,-4.607538387170594,4.4852132507268845,-11.979735920195498,-13.140089235248286,0.5,[-13.140089235248286 0.5],0.43169084744364045,False,True,2.644722540729627,64,59.99785047027138,520.357,in_progress,0.0,0
165,22.0,-4.520658987555327,4.461000025513135,-12.827715404858594,30.0,4.0,[30.0 4.0],0.626404788883805,False,True,2.789519467225743,65,59.99785047027138,520.421,in_progress,0.0,0
165,23.0,-4.444536233394386,4.432910044750173,-14.953842047266999,30.0,3.846636688862919,[30.0 3.846636688862919],0.6224401225271552,False,True,2.916386847191055,65,59.99785047027138,520.491,in_progress,0.0,0
165,24.0,-4.350567811489343,4.415954512074713,-13.787811016734631,5.4471945549275915,2.594488752726243,[5.4471945549275915 2.594488752726243],0.6127546663859224,False,True,3.0717093268867677,65,59.99785047027138,520.552,in_progress,0.0,0
165,25.0,-4.252654176357416,4.412536279175712,-9.47143174279036,30.0,1.725645588564795,[30.0 1.725645588564795],0.43568608776835804,False,True,3.2348571074614307,66,59.99785047027138,520.619,in_progress,0.0,0
165,26.0,-4.148866590542267,4.419220350883649,-4.330246284481626,-30.0,3.751733938641883,[-30.0 3.751733938641883],0.6048583453470442,False,True,3.4079214999210015,66,59.99785047027138,520.685,in_progress,0.0,0
165,27.0,-4.033795940953991,4.430258725576766,-0.515584460045365,-3.811237914085165,0.5,[-3.811237914085165 0.5],0.4516073251312784,False,True,3.59795279660714,66,59.99785047027138,520.756,in_progress,0.0,0
165,28.0,-3.9074061421910304,4.412494710424411,-3.810606743328067,30.0,2.463587226995392,[30.0 2.463587226995392],0.5358905061590339,False,True,3.807990615623391,67,59.99785047027138,520.819,in_progress,0.0,0
165,29.0,-3.8192993137965834,4.398648788036662,-5.549788014078038,-5.568125753130591,0.5,[-5.568125753130591 0.5],0.47304045032470093,False,True,3.9543611312409688,67,59.99785047027138,520.885,in_progress,0.0,0
165,30.0,-3.708863479123015,4.385492410421469,-5.9371403445897935,-0.30395941357697254,0.5,[-0.30395941357697254 0.5],0.4845609619086288,False,True,4.142831680399212,67,59.99785047027138,520.957,in_progress,0.0,0
165,31.0,-3.6286546575103453,4.36107375057813,-9.754222446256128,-30.0,2.8235138572991434,[-30.0 2.8235138572991434],0.593834100849336,False,True,4.276541017874269,68,59.99785047027138,521.014,in_progress,0.0,0
165,32.0,-3.55112438662184,4.330654870036794,-13.566002512774483,-5.104090331289115,0.515857743632679,[-5.104090331289115 0.515857743632679],0.4957402139875237,False,True,4.4057916458113855,68,59.99785047027138,521.089,in_progress,0.0,0
165,33.0,-3.4830410492103727,4.284191297470406,-20.475085741046932,22.33705617160571,0.5,[22.33705617160571 0.5],0.36133314315770426,False,True,4.5199878099197734,68,59.99785047027138,521.159,in_progress,0.0,0
165,34.0,-3.4225381425658803,4.239644243086731,-26.505440867937487,22.76012616039616,2.2606329450743075,[22.76012616039616 2.2606329450743075],0.5042146570527255,False,True,4.620994303446263,69,59.99785047027138,521.229,in_progress,0.0,0
165,35.0,-3.349333666778848,4.198949173233118,-27.334640754853897,30.0,0.955583824609041,[30.0 0.955583824609041],0.40770438716836455,False,True,4.8080873238905415,69,59.99785047027138,521.288,in_progress,0.0,0
165,36.0,-3.284193190753348,4.1769161455417905,-25.104677675719795,30.0,1.0298737271670897,[30.0 1.0298737271670897],0.41604071834557427,False,True,4.9202831327783025,70,59.99785047027138,521.367,in_progress,0.0,0
165,37.0,-3.198002080981395,4.158537815105076,-20.720807716561787,5.4407662193786095,0.5,[5.4407662193786095 0.5],0.47286126893188374,False,True,5.086688809458339,70,59.99785047027138,521.429,in_progress,0.0,0
165,38.0,-3.1239392554161345,4.148556554829292,-16.444364506286572,-29.40399600778285,2.9613165536816894,[-29.40399600778285 2.9613165536816894],0.5897330135611187,False,True,5.211219983828514,71,59.99785047027138,521.484,in_progress,0.0,0
165,39.0,-3.04983481462383,4.131595401145378,-15.676913553594675,12.094459890367766,2.4819318285260246,[12.094459890367766 2.4819318285260246],0.7083722492991605,False,True,5.464206258554888,72,59.99785047027138,521.563,in_progress,0.0,0
165,40.0,-2.9640008981486208,4.105087270248144,-16.143114990567355,11.19318005495964,0.5,[11.19318005495964 0.5],0.5015772040548887,False,True,5.659350633987048,72,59.99785047027138,521.621,in_progress,0.0,0
165,41.0,-2.89394113917342,4.09637827689825,-13.825966055325834,8.930377116329538,2.7576826776467653,[8.930377116329538 2.7576826776467653],0.7567104726131877,False,True,5.770635345756586,73,59.99785047027138,521.689,in_progress,0.0,0
165,42.0,-2.7987699409551086,4.087688225903052,-10.754632809574737,-30.0,4.0,[-30.0 4.0],0.7393296414078256,False,True,6.039356873202223,74,59.99785047027138,521.769,in_progress,0.0,0
165,43.0,-2.7051182343347913,4.071107987023935,-10.481965131801848,-30.0,3.900634936513255,[-30.0 3.900634936513255],0.8146449761456038,False,True,6.2115259035935395,74,59.99785047027138,521.82,in_progress,0.0,0
165,44.0,-2.6222050774438066,4.04197117120404,-13.523751189624056,-2.366224725894508,2.383287354612514,[-2.366224725894508 2.383287354612514],0.8372750940963852,False,True,6.407059988267422,75,59.99785047027138,521.893,in_progress,0.0,0
165,45.0,-2.498448402229921,3.9848632214150355,-19.551271386000224,6.545507972450778,4.0,[6.545507972450778 4.0],1.1615792208570854,False,True,6.586864418075189,76,59.99785047027138,521.947,in_progress,0.0,0
165,46.0,-2.391892526603696,3.938943430972338,-21.196098606603986,-30.0,0.5,[-30.0 0.5],0.5278150051750943,False,True,6.735990345180143,76,59.99785047027138,522.023,in_progress,0.0,0
165,47.0,-2.2633141779858628,3.8904404728729407,-20.783117421651493,-9.60871990201456,0.75928612019376,[-9.60871990201456 0.75928612019376],0.6461278667762251,False,True,6.888533240458705,77,59.99785047027138,522.093,in_progress,0.0,0
165,48.0,-2.168215281326746,3.8408914645467487,-23.565522831653233,11.763971856037884,4.0,[11.763971856037884 4.0],1.0837532234327536,False,True,6.956236304454405,77,59.99785047027138,522.149,in_progress,0.0,0
165,49.0,-2.0835604198376365,3.7900253725965443,-26.292172440558737,22.980050388856206,0.5,[22.980050388856206 0.5],0.4449085209377026,False,True,7.062040014884169,78,59.99785047027138,522.232,in_progress,0.0,0
165,50.0,-1.96980541056042,3.744986336998344,-24.408531980864616,3.9905575463008063,0.7717337295258129,[3.9905575463008063 0.7717337295258129],0.4949052978221141,False,True,7.150189855220345,78,59.99785047027138,522.28,in_progress,0.0,0
165,51.0,-1.8981227878002036,3.7167310800362734,-23.53613248397374,-30.0,1.6894236869541688,[-30.0 1.6894236869541688],0.39232568198586704,False,True,7.163249811539707,78,59.99785047027138,522.352,in_progress,0.0,0
165,52.0,-1.8112832877284564,3.665514203734251,-26.22647549601048,-30.0,4.0,[-30.0 4.0],0.1966471777379604,False,False,7.257869373336979,78,59.99785047027138,522.414,in_progress,0.0,0
165,53.0,-1.743746901709344,3.6096457730518234,-30.75608490560835,-4.381091904062416,0.5,[-4.381091904062416 0.5],0.24663353882961697,False,False,7.358127677789677,79,59.99785047027138,522.484,in_progress,0.0,0
165,54.0,-1.679761661327466,3.5402229169750496,-38.1589913855332,-11.009366556858602,0.9966950502329099,[-11.009366556858602 0.9966950502329099],0.24610359817199634,False,False,7.4168207668272865,79,59.99785047027138,522.551,in_progress,0.0,0
165,55.0,-1.621698876685203,3.4632167718024065,-45.88213854313294,-30.0,0.5,[-30.0 0.5],0.1949564315851744,True,False,7.4168207668272865,79,59.99785047027138,522.615,off_track,0.0,0
166,1.0,-3.056621786735392,4.494129497680557,-6.912971361440289,25.6502395809092,0.5,[25.6502395809092 0.5],0.0,False,True,0.23322815461721547,71,59.99785047027138,522.767,prepare,0.0,0
166,2.0,-3.055874558344469,4.494118336169066,-6.9084849285045316,-30.0,4.0,[-30.0 4.0],0.31361575942937864,False,True,0.23446154263560004,71,59.99785047027138,522.824,in_progress,0.0,0
166,3.0,-3.0536485132374236,4.494691129421467,-6.6561846585269695,-13.124586308556317,4.0,[-13.124586308556317 4.0],0.30271065374567324,False,True,0.23798007369942864,71,59.99785047027138,522.889,in_progress,0.0,0
166,4.0,-3.0381351562603056,4.490898755460745,-7.265144591036106,-30.0,3.9945261026591536,[-30.0 3.9945261026591536],0.21822355527718976,False,True,0.264502148961393,71,59.99785047027138,522.954,in_progress,0.0,0
166,5.0,-3.016268007366022,4.474376437281828,-10.343935790703837,-30.0,4.0,[-30.0 4.0],0.21260088182999556,False,True,0.30476043840309,71,59.99785047027138,523.015,in_progress,0.0,0
166,6.0,-2.9854956003237887,4.44351321990454,-16.18015164593022,-30.0,0.5,[-30.0 0.5],0.1278340884830026,False,True,0.37491143764916135,71,59.99785047027138,523.094,in_progress,0.0,0
166,7.0,-2.95658777317933,4.408902195673657,-21.661193695283973,-30.0,1.1290040138275834,[-30.0 1.1290040138275834],0.1519236965013474,False,True,0.4407813460624854,71,59.99785047027138,523.16,in_progress,0.0,0
166,8.0,-2.9288570212811917,4.3696109987852765,-27.898292390111962,30.0,1.4352481812278528,[30.0 1.4352481812278528],0.16702788859059267,False,True,0.5076624277837838,72,59.99785047027138,523.231,in_progress,0.0,0
166,9.0,-2.8910555100516517,4.3321674678010975,-31.330429794037922,12.406273368317372,4.0,[12.406273368317372 4.0],0.3048099103468622,False,True,0.6023911271677118,72,59.99785047027138,523.288,in_progress,0.0,0
166,10.0,-2.842035459424554,4.3008806609669,-31.659701287181598,18.16470456089209,1.9861594975076802,[18.16470456089209 1.9861594975076802],0.19490415297291863,False,True,0.6986938044013513,72,59.99785047027138,523.353,in_progress,0.0,0
166,11.0,-2.754181496151989,4.263488672240049,-28.48037995788667,-24.274301743005406,1.908429177746574,[-24.274301743005406 1.908429177746574],0.23029989438927725,False,True,0.9008827411271458,73,59.99785047027138,523.426,in_progress,0.0,0
166,12.0,-2.6837648366177134,4.232872940677708,-26.840523298866586,-26.626065484523725,2.3070292021442214,[-26.626065484523725 2.3070292021442214],0.2845746378531181,False,True,1.0225994614448786,74,59.99785047027138,523.491,in_progress,0.0,0
166,13.0,-2.603394794010088,4.179021936847612,-29.429015201239647,13.85609680702801,4.0,[13.85609680702801 4.0],0.4945864526723356,False,True,1.1921849754498448,74,59.99785047027138,523.56,in_progress,0.0,0
166,14.0,-2.504409627552029,4.1057020488636695,-32.1414763302607,-30.0,3.659502547145949,[-30.0 3.659502547145949],0.42146676991860704,False,True,1.4037077797247333,75,59.99785047027138,523.625,in_progress,0.0,0
166,15.0,-2.4098527412669473,4.037049708654919,-33.923098043913015,-10.599239460199428,0.7269423107559302,[-10.599239460199428 0.7269423107559302],0.3468615453968317,False,True,1.578057776604691,76,59.99785047027138,523.694,in_progress,0.0,0
166,16.0,-2.324624217792576,3.9475011889148637,-39.74787240729461,-27.925916278763776,4.0,[-27.925916278763776 4.0],0.5000503316583508,False,True,1.7639557682171236,77,59.99785047027138,523.755,in_progress,0.0,0
166,17.0,-2.258919062122008,3.8641271356195452,-45.284819250356456,-30.0,4.0,[-30.0 4.0],0.4704702235355307,False,True,1.8943414512436363,77,59.99785047027138,523.823,in_progress,0.0,0
166,18.0,-2.188928469033764,3.744423368280682,-53.176022962667005,-30.0,3.867431106720847,[-30.0 3.867431106720847],0.4939060935816884,False,True,2.1096442805006443,78,59.99785047027138,523.894,in_progress,0.0,0
166,19.0,-2.142640175692556,3.624089596868566,-61.72652093569082,-5.822970539749019,4.0,[-5.822970539749019 4.0],0.655156810181003,False,True,2.2907580775559544,79,59.99785047027138,523.951,in_progress,0.0,0
166,20.0,-2.1076811014354746,3.4877191243331693,-70.71674458675368,6.972957145878496,4.0,[6.972957145878496 4.0],0.6772056968538965,False,True,2.457884485643247,79,59.99785047027138,524.025,in_progress,0.0,0
166,21.0,-2.0689846908909866,3.3111233260525244,-78.97718791479808,30.0,4.0,[30.0 4.0],0.5250946832219915,False,True,2.714305223421948,80,59.99785047027138,524.087,in_progress,0.0,0
166,22.0,-2.019000194229587,3.1393514424135516,-80.98179005182158,-30.0,4.0,[-30.0 4.0],0.27582281008633364,False,True,2.9479203680230825,81,59.99785047027138,524.149,in_progress,0.0,0
166,23.0,-1.9714508387005927,2.976366648085633,-79.6288932904747,-7.055414666569899,0.5,[-7.055414666569899 0.5],0.17697041894668672,False,False,3.1230073931768243,82,59.99785047027138,524.206,in_progress,0.0,0
166,24.0,-1.9443611093100435,2.8063954614370763,-81.25085345305624,-7.431747615051723,0.9536812598986912,[-7.431747615051723 0.9536812598986912],0.1828730922240363,False,False,3.3249653131642964,82,59.99785047027138,524.272,in_progress,0.0,0
166,25.0,-1.9358658046734405,2.651832947724394,-84.35474359503395,-30.0,0.5,[-30.0 0.5],0.1486709870168257,False,False,3.4761202000336944,83,59.99785047027138,524.346,in_progress,0.0,0
166,26.0,-1.9329265706079761,2.514065934713363,-86.4619529179978,-7.949022707336468,0.9167629552922969,[-7.949022707336468 0.9167629552922969],0.18931770635119674,True,False,3.6381338587062717,84,59.99785047027138,524.406,off_track,0.0,0
167,1.0,-3.28548312894091,2.294645764439444,-158.8226024208264,14.319234627694414,0.5,[14.319234627694414 0.5],0.0,False,True,0.22996474353935703,90,59.99785047027138,524.558,prepare,0.0,0
167,2.0,-3.285789115094106,2.2943673510602123,-158.78165986577193,-2.718344337563064,3.4753454237317154,[-2.718344337563064 3.4753454237317154],0.3602025867062932,False,True,0.23055220260327913,90,59.99785047027138,524.621,in_progress,0.0,0
167,3.0,-3.29403432789105,2.294039880700053,-159.35358333835075,-12.53727310232209,4.0,[-12.53727310232209 4.0],0.31056660153823834,False,True,0.2441561332847786,90,59.99785047027138,524.695,in_progress,0.0,0
167,4.0,-3.3158813335977677,2.2924708714619992,-160.98334604251104,-30.0,1.185116976791373,[-30.0 1.185116976791373],0.15005361663551628,False,True,0.28041950059043974,90,59.99785047027138,524.75,in_progress,0.0,0
167,5.0,-3.3434170883771173,2.295038049935299,-163.4816669424906,4.410665816922702,2.7676993129272462,[4.410665816922702 2.7676993129272462],0.238878371936741,False,True,0.32382418238960375,90,59.99785047027138,524.818,in_progress,0.0,0
167,6.0,-3.398053162807803,2.2993343879049095,-168.00918403928065,26.62243388910798,4.0,[26.62243388910798 4.0],0.250335791576546,False,True,0.41297854002541046,91,59.99785047027138,524.889,in_progress,0.0,0
167,7.0,-3.453110112910297,2.286126423317794,-167.57332726182804,17.029067173327725,3.563649482785541,[17.029067173327725 3.563649482785541],0.25765894238649695,False,True,0.5069259834034445,91,59.99785047027138,524.949,in_progress,0.0,0
167,8.0,-3.526344877213612,2.254808209644017,-164.24482717430024,30.0,1.487476574426765,[30.0 1.487476574426765],0.2088554522190838,False,True,0.6287507966804995,91,59.99785047027138,525.025,in_progress,0.0,0
167,9.0,-3.5955737361963354,2.2076074262607004,-158.3211684791664,-29.773902366243124,1.3710954718069082,[-29.773902366243124 1.3710954718069082],0.22091723999172264,False,True,0.7451224678281798,92,59.99785047027138,525.094,in_progress,0.0,0
167,10.0,-3.670483924795661,2.159493376187196,-154.26768454503127,-6.9454087849534965,0.5,[-6.9454087849534965 0.5],0.2279349051167572,False,True,0.869565684756346,92,59.99785047027138,525.154,in_progress,0.0,0
167,11.0,-3.751687084356604,2.1297980606709395,-156.13050064244553,-30.0,2.7869294562387488,[-30.0 2.7869294562387488],0.2951751175473413,False,True,1.0052011389113102,93,59.99785047027138,525.23,in_progress,0.0,0
167,12.0,-3.826369512281264,2.117446289272098,-160.75929189052937,-30.0,2.328324030270147,[-30.0 2.328324030270147],0.28917862467829425,False,True,1.1297965653676412,93,59.99785047027138,525.292,in_progress,0.0,0
167,13.0,-3.8995023283261396,2.1233440762995315,-167.49828332360116,-30.0,0.5,[-30.0 0.5],0.21354390668934445,False,True,1.2478565379626105,93,59.99785047027138,525.352,in_progress,0.0,0
167,14.0,-3.981840905353956,2.1456070047791456,-177.78824254883986,29.011445822173897,2.838513689763149,[29.011445822173897 2.838513689763149],0.3404315677949245,False,True,1.385385373211434,94,59.99785047027138,525.411,in_progress,0.0,0
167,15.0,-4.0471520577440225,2.1667067420350508,175.91894492416515,20.000195690177293,2.194747664211132,[20.000195690177293 2.194747664211132],0.3157036426539433,False,True,1.4945195253573407,94,59.99785047027138,525.483,in_progress,0.0,0
167,16.0,-4.139447766409885,2.181107657803811,173.9929707995693,15.554511251537697,2.998802461020891,[15.554511251537697 2.998802461020891],0.3794083098840005,False,True,1.6689203946334108,94,59.99785047027138,525.544,in_progress,0.0,0
167,17.0,-4.238871003570096,2.1816789099517457,176.18101446039643,10.591155808624492,2.2719431255883213,[10.591155808624492 2.2719431255883213],0.48682079323343214,False,True,1.833515315253914,95,59.99785047027138,525.612,in_progress,0.0,0
167,18.0,-4.36637641162144,2.1634093374475003,-178.4294715071177,12.674345435535479,0.5,[12.674345435535479 0.5],0.37971946231217263,False,True,2.0794551906416716,95,59.99785047027138,525.688,in_progress,0.0,0
167,19.0,-4.484639421432795,2.135904201939565,-172.58134998445743,30.0,2.1645902400968,[30.0 2.1645902400968],0.44227521634726347,False,True,2.2995020190044846,96,59.99785047027138,525.749,in_progress,0.0,0
167,20.0,-4.589166192184182,2.097174251664247,-166.7013899953034,30.0,3.577660988345543,[30.0 3.577660988345543],0.5680074869548121,False,True,2.493854966962533,97,59.99785047027138,525.829,in_progress,0.0,0
167,21.0,-4.705530855386999,2.035670920187404,-159.66107195501021,-3.516522125510658,3.743730292805298,[-3.516522125510658 3.743730292805298],0.763061681557631,False,True,2.7166220178036884,98,59.99785047027138,525.889,in_progress,0.0,0
167,22.0,-4.820213391940342,1.960313000294399,-152.2876863953941,25.5916563201989,4.0,[25.5916563201989 4.0],0.658005482162229,False,True,2.930244363718104,99,59.99785047027138,525.957,in_progress,0.0,0
167,23.0,-4.949913433321526,1.86938950315108,-146.54357035692513,-21.883787575210196,2.195113525149009,[-21.883787575210196 2.195113525149009],0.48670560238879973,False,True,3.150915328900977,100,59.99785047027138,526.027,in_progress,0.0,0
167,24.0,-5.075900903585049,1.768300183249119,-140.87928379295198,21.94220061430888,4.0,[21.94220061430888 4.0],0.6474393303045473,False,True,3.3442114168623305,101,59.99785047027138,526.084,in_progress,0.0,0
167,25.0,-5.185605259449132,1.682753072492701,-139.93423852068864,30.0,1.7484283509194802,[30.0 1.7484283509194802],0.42697368641177996,False,True,3.4733659687262888,102,59.99785047027138,526.16,in_progress,0.0,0
167,26.0,-5.31274663676277,1.5640943562703216,-137.96645831182184,18.789812104337322,1.1826699845223951,[18.789812104337322 1.1826699845223951],0.3057490529115994,False,True,3.6722528597033732,103,59.99785047027138,526.225,in_progress,0.0,0
167,27.0,-5.402302679803119,1.4694261781149698,-135.84595670362185,-26.409045982112207,0.5,[-26.409045982112207 0.5],0.14898854459367972,False,False,3.6722528597033732,103,59.99785047027138,526.28,in_progress,0.0,0
167,28.0,-5.480284605001454,1.3852028401132324,-134.23722626550835,-30.0,1.5560932163344412,[-30.0 1.5560932163344412],0.14989150251204797,False,False,3.7864578160708984,104,59.99785047027138,526.347,in_progress,0.0,0
167,29.0,-5.571138841799762,1.3026526047637033,-135.78636184532326,-15.697212478128872,2.3856982877249866,[-15.697212478128872 2.3856982877249866],0.15030734972220083,False,False,3.887259044539676,104,59.99785047027138,526.432,in_progress,0.0,0
167,30.0,-5.676402577902862,1.2213649825330837,-138.9529198374977,15.088690975170714,0.5,[15.088690975170714 0.5],0.14735664423824502,True,False,3.8976586786566516,104,59.99785047027138,526.492,off_track,0.0,0
168,1.0,-4.533011985758061,0.7023382871589172,-52.50642823627561,13.888389356233546,0.5,[13.888389356233546 0.5],0.0,False,True,0.23332451298793133,108,59.99785047027138,526.622,prepare,0.0,0
168,2.0,-4.533004192637953,0.7023442967560899,-52.50250976417214,7.062278514135677,0.5949446556819805,[7.062278514135677 0.5949446556819805],0.22407226723186174,False,True,0.2333251413227544,108,59.99785047027138,526.689,in_progress,0.0,0
168,3.0,-4.528230117693438,0.7006328040202517,-51.797931103382425,-23.617107860828398,0.724076120999047,[-23.617107860828398 0.724076120999047],0.1445847001906134,False,True,0.24061258586778878,108,59.99785047027138,526.744,in_progress,0.0,0
168,4.0,-4.515227357048129,0.6933824745551636,-50.277037753051495,30.0,0.5,[30.0 0.5],0.1224968007003245,False,True,0.2637743339800269,108,59.99785047027138,526.827,in_progress,0.0,0
168,5.0,-4.492587951822894,0.6807232675366289,-48.101473077587954,-7.391308892140291,0.5,[-7.391308892140291 0.5],0.14918420748093006,False,True,0.30414721198966377,108,59.99785047027138,526.889,in_progress,0.0,0
168,6.0,-4.463484751139382,0.6633508131339155,-45.67283503375792,-30.0,3.5331696040390708,[-30.0 3.5331696040390708],0.2040340999503957,False,True,0.3574534851726485,108,59.99785047027138,526.956,in_progress,0.0,0
168,7.0,-4.4341086511388825,0.6409117593560215,-44.399835813978115,-30.0,0.5,[-30.0 0.5],0.126262856043286,False,True,0.41753589961404103,108,59.99785047027138,527.014,in_progress,0.0,0
168,8.0,-4.4101096572067,0.5985248975555812,-47.122235143609124,-17.587467710845587,4.0,[-17.587467710845587 4.0],0.2408786027005546,False,True,0.4974090088805505,109,59.99785047027138,527.072,in_progress,0.0,0
168,9.0,-4.387486350546936,0.5548327083124198,-50.253089435310386,-30.0,2.4535704104929814,[-30.0 2.4535704104929814],0.20572125717286532,False,True,0.5774841106582052,109,59.99785047027138,527.149,in_progress,0.0,0
168,10.0,-4.366474361502138,0.47409846311963,-58.137554995757746,-7.9579921234503885,0.5,[-7.9579921234503885 0.5],0.20109736895216757,False,True,0.7032494225000296,109,59.99785047027138,527.218,in_progress,0.0,0
168,11.0,-4.3580067012362305,0.41198096407480966,-64.7058888225362,-30.0,0.5,[-30.0 0.5],0.1676847018804769,False,True,0.7894759975540344,109,59.99785047027138,527.289,in_progress,0.0,0
168,12.0,-4.35201596018667,0.34333048323461257,-70.30097460432214,19.166708080452587,2.875408377124403,[19.166708080452587 2.875408377124403],0.24526152894192302,False,True,0.881969776425573,109,59.99785047027138,527.346,in_progress,0.0,0
168,13.0,-4.354384404665001,0.2929495002186808,-74.80066724242134,30.0,1.9979430664256828,[30.0 1.9979430664256828],0.21495503931837773,False,True,0.9424000073508798,109,59.99785047027138,527.415,in_progress,0.0,0
168,14.0,-4.332505067627212,0.22802711193777295,-73.95171909009967,1.9060110897392626,2.940255479646652,[1.9060110897392626 2.940255479646652],0.3266102651465926,False,True,1.0477239060698529,110,59.99785047027138,527.492,in_progress,0.0,0
168,15.0,-4.298530840893499,0.15219093310970208,-71.45816274074332,30.0,3.5781376315073468,[30.0 3.5781376315073468],0.3049345391149231,False,True,1.1800210402220956,110,59.99785047027138,527.554,in_progress,0.0,0
168,16.0,-4.254757437267285,0.07557706061079608,-67.13215734971192,-17.209510589252872,0.5,[-17.209510589252872 0.5],0.18907430352768131,False,True,1.2935181133931273,110,59.99785047027138,527.621,in_progress,0.0,0
168,17.0,-4.201064834153806,-0.0032230141069463647,-61.16376321572505,8.240747594295115,0.5,[8.240747594295115 0.5],0.2529920058496515,False,True,1.448773118680896,110,59.99785047027138,527.69,in_progress,0.0,0
168,18.0,-4.164560842010439,-0.059629788019598805,-59.2417201818968,8.30312128366647,1.6940666060365288,[8.30312128366647 1.6940666060365288],0.2999090738978437,False,True,1.5575698492987788,111,59.99785047027138,527.758,in_progress,0.0,0
168,19.0,-4.12115680144222,-0.1214830004706814,-58.0226002037453,30.0,1.8110217435356275,[30.0 1.8110217435356275],0.25397047724205907,False,True,1.6809600290012827,111,59.99785047027138,527.81,in_progress,0.0,0
168,20.0,-4.074977563877967,-0.17408424929187538,-55.39192777721543,25.460239998122944,1.5408646518557678,[25.460239998122944 1.5408646518557678],0.24596446361947968,False,True,1.7722638324222606,111,59.99785047027138,527.886,in_progress,0.0,0
168,21.0,-4.0037806583446125,-0.2312271859886385,-49.70612066809837,2.6722557487746954,2.9773763567446743,[2.6722557487746954 2.9773763567446743],0.397364561848845,False,True,1.8840742719148929,111,59.99785047027138,527.949,in_progress,0.0,0
168,22.0,-3.910406426580821,-0.3023927056596768,-44.58831378669536,30.0,1.583870102565916,[30.0 1.583870102565916],0.27161981472822067,False,True,2.0795611826764206,112,59.99785047027138,528.024,in_progress,0.0,0
168,23.0,-3.818603664181058,-0.373727549017989,-41.662223109293954,10.823921535708905,0.7016231440690954,[10.823921535708905 0.7016231440690954],0.30280008507995476,False,True,2.2730579416669396,112,59.99785047027138,528.088,in_progress,0.0,0
168,24.0,-3.734639814028256,-0.42998635723478085,-38.7095470055602,21.425503026741197,1.6170215055457955,[21.425503026741197 1.6170215055457955],0.29051424009738247,False,True,2.3509243677741765,112,59.99785047027138,528.163,in_progress,0.0,0
168,25.0,-3.637722381248536,-0.48621014777210736,-35.11158050345659,30.0,3.029543755420132,[30.0 3.029543755420132],0.38129842753124676,False,True,2.5365091430163798,112,59.99785047027138,528.226,in_progress,0.0,0
168,26.0,-3.5316249401747117,-0.5296656029830121,-29.709506380044978,30.0,2.5637522445378957,[30.0 2.5637522445378957],0.37264568939244214,False,True,2.727541521795862,113,59.99785047027138,528.297,in_progress,0.0,0
168,27.0,-3.4034799703026315,-0.5598243782835507,-21.756279807070804,27.965307616957006,2.1169236908830458,[27.965307616957006 2.1169236908830458],0.3536998328917768,False,True,2.8504372681999843,113,59.99785047027138,528.351,in_progress,0.0,0
168,28.0,-3.2904473806493733,-0.5715031269366287,-14.681251684643415,30.0,0.5,[30.0 0.5],0.27065111348196563,False,True,3.038669102197833,113,59.99785047027138,528.426,in_progress,0.0,0
168,29.0,-3.156143711450155,-0.5736883317469984,-6.400753328735882,17.891625928720465,0.5,[17.891625928720465 0.5],0.2834621845426201,False,True,3.2581860292255183,114,59.99785047027138,528.496,in_progress,0.0,0
168,30.0,-3.039394398427033,-0.5693636881382056,-1.3312781714145785,30.0,0.5,[30.0 0.5],0.31709014958544646,False,True,3.3887663795459155,114,59.99785047027138,528.551,in_progress,0.0,0
168,31.0,-2.962188240859869,-0.5509467750323183,4.626718947356625,-5.061712172903885,0.5,[-5.061712172903885 0.5],0.40242003661935793,False,True,3.515544955451666,114,59.99785047027138,528.624,in_progress,0.0,0
168,32.0,-2.885502882279054,-0.5315709977546887,8.140357617398552,-30.0,2.409175618261468,[-30.0 2.409175618261468],0.46520747513392274,False,True,3.641368100815068,115,59.99785047027138,528.685,in_progress,0.0,0
168,33.0,-2.8118411941332133,-0.5242333725820757,7.202358055647464,23.216368937080112,3.9751195350718933,[23.216368937080112 3.9751195350718933],0.5864806514821467,False,True,3.7632734887192267,115,59.99785047027138,528.752,in_progress,0.0,0
168,34.0,-2.7239332636574267,-0.5213604903403488,5.465840549286022,10.891336295756382,2.0894736950865047,[10.891336295756382 2.0894736950865047],0.5669403699485667,False,True,3.8850188932777363,115,59.99785047027138,528.823,in_progress,0.0,0
168,35.0,-2.6336500049881817,-0.4929319725596338,9.67735560005185,-19.92794085713971,0.5,[-19.92794085713971 0.5],0.3419404932825291,False,True,4.037077842768938,115,59.99785047027138,528.893,in_progress,0.0,0
168,36.0,-2.531466133462249,-0.4548790130343403,14.560320368528533,-6.304881838698897,3.2117490376609066,[-6.304881838698897 3.2117490376609066],0.7017222290397518,False,True,4.209526716655282,116,59.99785047027138,528.961,in_progress,0.0,0
168,37.0,-2.423380366982792,-0.421375976837301,15.662562398594284,-24.879833264526738,0.5,[-24.879833264526738 0.5],0.3913376300210254,False,True,4.3851232427456255,116,59.99785047027138,529.027,in_progress,0.0,0
168,38.0,-2.326243417066274,-0.4040237042338298,14.190238527667718,-11.552636383628602,3.6537640862480543,[-11.552636383628602 3.6537640862480543],0.8489861182457467,False,True,4.548933704342245,117,59.99785047027138,529.085,in_progress,0.0,0
168,39.0,-2.2448415798656423,-0.3983992582145011,10.941113579830212,10.47058358269338,0.5,[10.47058358269338 0.5],0.5056327685893167,False,True,4.681784894345525,117,59.99785047027138,529.172,in_progress,0.0,0
168,40.0,-2.1440370692559854,-0.37610715093415165,10.475003112661426,30.0,2.976848720326408,[30.0 2.976848720326408],0.6401703228182013,False,True,4.852955662993158,118,59.99785047027138,529.221,in_progress,0.0,0
168,41.0,-2.075060331021267,-0.35348042903616567,12.706279094645717,30.0,1.8414692850007837,[30.0 1.8414692850007837],0.5400977086473779,False,True,4.96330182406281,118,59.99785047027138,529.288,in_progress,0.0,0
168,42.0,-1.992105614533479,-0.30333507174957597,19.392291776211664,30.0,0.5,[30.0 0.5],0.4226864498947458,False,True,5.115253108599028,119,59.99785047027138,529.358,in_progress,0.0,0
168,43.0,-1.9328285207438032,-0.24728084317660748,27.690487057433717,2.54178643220294,1.6843638006342296,[2.54178643220294 1.6843638006342296],0.6736004785848144,False,True,5.23496593547661,120,59.99785047027138,529.421,in_progress,0.0,0
168,44.0,-1.869684659826502,-0.1791610052052466,35.07960039267892,-30.0,0.5,[-30.0 0.5],0.43241851242757606,False,True,5.378339706810648,120,59.99785047027138,529.48,in_progress,0.0,0
168,45.0,-1.812844508577047,-0.13717154277968308,35.7564035420185,-10.560709571773423,0.7804676541590062,[-10.560709571773423 0.7804676541590062],0.5787446978758091,False,True,5.492075741447411,121,59.99785047027138,529.556,in_progress,0.0,0
168,46.0,-1.743199335316052,-0.09954980357120546,33.44091538743312,-30.0,2.488717594936152,[-30.0 2.488717594936152],0.6374242858451914,False,True,5.6415958388695735,122,59.99785047027138,529.623,in_progress,0.0,0
168,47.0,-1.6657803209579796,-0.07373414395346137,28.584448741411144,-25.120316482017518,4.0,[-25.120316482017518 4.0],0.7966500756006565,False,True,5.78960810756291,122,59.99785047027138,529.688,in_progress,0.0,0
168,48.0,-1.5869024084202457,-0.057027720305479125,23.402376449057936,-30.0,0.5,[-30.0 0.5],0.45216334952002035,False,True,5.912051480008806,123,59.99785047027138,529.746,in_progress,0.0,0
168,49.0,-1.4949774099731794,-0.05626646766134951,14.709732516147447,12.91506008293831,4.0,[12.91506008293831 4.0],1.0131373277893698,False,True,6.030579332079583,123,59.99785047027138,529.821,in_progress,0.0,0
168,50.0,-1.43416821250623,-0.06273794934154138,9.722165643110896,30.0,0.5,[30.0 0.5],0.45580494386579445,False,True,6.097485084764326,124,59.99785047027138,529.896,in_progress,0.0,0
168,51.0,-1.3631551281966592,-0.06089631784167035,6.104511695283428,30.0,4.0,[30.0 4.0],0.7402783339641648,False,True,6.143780861551418,124,59.99785047027138,529.957,in_progress,0.0,0
168,52.0,-1.3144585919784348,-0.05711873988654004,5.661284054408189,6.048660837798153,4.0,[6.048660837798153 4.0],0.9229818985144794,False,True,6.193725072330642,124,59.99785047027138,530.019,in_progress,0.0,0
168,53.0,-1.2479977453604014,-0.045879682595450944,6.696631683136253,14.648115888762291,4.0,[14.648115888762291 4.0],0.9251348356827577,False,True,6.272888137477262,124,59.99785047027138,530.084,in_progress,0.0,0
168,54.0,-1.1645740567011713,-0.016232062968201188,11.125269577223618,-4.617303848383205,0.5,[-4.617303848383205 0.5],0.4773269425607833,False,True,6.393420235212926,125,59.99785047027138,530.159,in_progress,0.0,0
168,55.0,-1.0761156627530715,0.020025760252660316,15.968208185716316,27.36706941878407,2.1027368830668633,[27.36706941878407 2.1027368830668633],0.5204540055597231,False,True,6.488852796925304,125,59.99785047027138,530.227,in_progress,0.0,0
168,56.0,-1.005932008287298,0.04811950694609627,17.8508153416161,30.0,0.5,[30.0 0.5],0.3431036712593297,False,True,6.589255142109768,126,59.99785047027138,530.295,in_progress,0.0,0
168,57.0,-0.9436604078857891,0.08909419196697715,22.589422371232686,-30.0,2.9579454576781647,[-30.0 2.9579454576781647],0.34569272538269846,False,True,6.701262724664608,126,59.99785047027138,530.362,in_progress,0.0,0
168,58.0,-0.8759358560173564,0.13239982492192937,25.479930823507054,30.0,1.6968508688831243,[30.0 1.6968508688831243],0.17204516312868764,False,False,6.7312099632576725,126,59.99785047027138,530.421,in_progress,0.0,0
168,59.0,-0.8111267074727587,0.17058248300356876,26.739780812261163,-30.0,3.7094817073671003,[-30.0 3.7094817073671003],0.17310796999310385,False,False,6.833209341833046,126,59.99785047027138,530.485,in_progress,0.0,0
168,60.0,-0.7418491033365535,0.21272671255306647,27.828477775235427,13.839208684820697,2.89036845041811,[13.839208684820697 2.89036845041811],0.21800440961255885,False,False,6.9442657892251125,127,59.99785047027138,530.548,in_progress,0.0,0
168,61.0,-0.6390136495473605,0.26051317993028467,26.68727583741619,-30.0,2.5864492018071923,[-30.0 2.5864492018071923],0.17647956656495978,False,False,7.086614719577399,127,59.99785047027138,530.621,in_progress,0.0,0
168,62.0,-0.5439059995734278,0.30704804181849515,26.407220868662346,28.72983459217577,4.0,[28.72983459217577 4.0],0.1781702443651877,True,False,7.213833801418268,127,59.99785047027138,530.687,off_track,0.0,0
169,1.0,-1.927785776600699,-0.2700119094293917,12.695886546914027,10.441811698265248,2.2816626963602658,[10.441811698265248 2.2816626963602658],0.0,False,True,0.23321870104646147,120,59.99785047027138,530.82,prepare,0.0,0
169,2.0,-1.9277853271487635,-0.27001339427008964,12.695739248730261,30.0,2.1317881299318024,[30.0 2.1317881299318024],0.23910405026583414,False,True,0.23321878010466035,120,59.99785047027138,530.878,in_progress,0.0,0
169,3.0,-1.9233997330013037,-0.26935975609464596,12.739418902959486,25.752352030321198,3.232388578575433,[25.752352030321198 3.232388578575433],0.22130549610303443,False,True,0.2405599565992511,120,59.99785047027138,530.954,in_progress,0.0,0
169,4.0,-1.9085447587328896,-0.2602506013232675,14.109781044317913,8.374379366642515,4.0,[8.374379366642515 4.0],0.2770071062945977,False,True,0.2684177386575559,120,59.99785047027138,531.013,in_progress,0.0,0
169,5.0,-1.882383788105697,-0.2420810938527183,16.940863861001336,-20.301370733422424,0.5,[-20.301370733422424 0.5],0.12571853724994678,False,True,0.3203836321354403,120,59.99785047027138,531.09,in_progress,0.0,0
169,6.0,-1.8463076439706256,-0.23431590939916924,17.11207009592685,18.406358420748802,3.752022297922704,[18.406358420748802 3.752022297922704],0.22384605936968485,False,True,0.38109123896868935,120,59.99785047027138,531.15,in_progress,0.0,0
169,7.0,-1.8128232322828155,-0.2353812538959569,14.596724904064606,3.0896900533585523,1.64271013021759,[3.0896900533585523 1.64271013021759],0.20495641111897508,False,True,0.43240875730254924,121,59.99785047027138,531.215,in_progress,0.0,0
169,8.0,-1.7616669466538193,-0.2214851387474332,14.50078754023049,5.60184115623688,2.621653198085536,[5.60184115623688 2.621653198085536],0.2590006224911181,False,True,0.5169276634317377,121,59.99785047027138,531.289,in_progress,0.0,0
169,9.0,-1.6976674998048573,-0.20122209989138357,15.273822256270792,30.0,0.8876137993486302,[30.0 0.8876137993486302],0.16908173288416053,False,True,0.6267014941929494,122,59.99785047027138,531.35,in_progress,0.0,0
169,10.0,-1.6342633770111714,-0.17495724716985703,17.05972735571051,-9.996541396629713,0.5,[-9.996541396629713 0.5],0.20934148328823177,False,True,0.7320795791354473,122,59.99785047027138,531.415,in_progress,0.0,0
169,11.0,-1.5753827801184268,-0.14467338784204334,19.775171679944073,20.40061374717397,4.0,[20.40061374717397 4.0],0.3175823832224966,False,True,0.8410550403138151,123,59.99785047027138,531.487,in_progress,0.0,0
169,12.0,-1.5136393782348079,-0.1154770542652345,21.46410167322256,30.0,4.0,[30.0 4.0],0.33202343656562394,False,True,0.9406173019859465,123,59.99785047027138,531.559,in_progress,0.0,0
169,13.0,-1.4484230061163694,-0.0542483940725684,28.807039863353896,27.681671307532426,1.6299460655402784,[27.681671307532426 1.6299460655402784],0.25451559382365585,False,True,1.0897116395143513,124,59.99785047027138,531.63,in_progress,0.0,0
169,14.0,-1.3794710967280661,0.046419237548776346,40.83998612376978,30.0,4.0,[30.0 4.0],0.3989839714180437,False,True,1.272270317021823,124,59.99785047027138,531.695,in_progress,0.0,0
169,15.0,-1.3398946014229205,0.12249946813958314,48.18097311990616,30.0,2.327652632641876,[30.0 2.327652632641876],0.33159360082479833,False,True,1.4087066707489715,125,59.99785047027138,531.756,in_progress,0.0,0
169,16.0,-1.3043155487859879,0.2314344076933625,59.40323444004891,-30.0,0.5,[-30.0 0.5],0.2543160660895433,False,True,1.594869825705414,126,59.99785047027138,531.823,in_progress,0.0,0
169,17.0,-1.276643712293837,0.3363880510261503,70.1421444218797,30.0,4.0,[30.0 4.0],0.4798017439254336,False,True,1.7709217910633623,126,59.99785047027138,531.88,in_progress,0.0,0
169,18.0,-1.252322836878056,0.42482267426346293,75.73929809057161,-30.0,3.1006450435126656,[-30.0 3.1006450435126656],0.4430587740756578,False,True,1.9220858179695988,126,59.99785047027138,531.955,in_progress,0.0,0
169,19.0,-1.2264498400428672,0.5384339129866019,79.66098483721213,15.311301848446611,4.0,[15.311301848446611 4.0],0.5273178536031528,False,True,2.112651657063913,127,59.99785047027138,532.024,in_progress,0.0,0
169,20.0,-1.1948993964831942,0.6611998270072432,80.25110717533647,3.0528534277210255,0.972793885605894,[3.0528534277210255 0.972793885605894],0.43379222204782303,False,True,2.321793513349574,127,59.99785047027138,532.077,in_progress,0.0,0
169,21.0,-1.1810486182921318,0.7693171815889989,82.35127930248333,-1.0117956964781492,4.0,[-1.0117956964781492 4.0],0.663996095437985,False,True,2.496225922699191,128,59.99785047027138,532.15,in_progress,0.0,0
169,22.0,-1.1694741573614642,0.8980102900079363,83.46373843148247,-29.97025546715021,2.332381857030974,[-29.97025546715021 2.332381857030974],0.4388955534165607,False,True,2.693685944530644,128,59.99785047027138,532.22,in_progress,0.0,0
169,23.0,-1.1472596526513121,1.0340014854846615,82.24295776756172,-30.0,0.5,[-30.0 0.5],0.32700526897785764,False,True,2.914485463260763,129,59.99785047027138,532.293,in_progress,0.0,0
169,24.0,-1.1096935881883587,1.173729291873487,78.16122994533848,-30.0,0.5,[-30.0 0.5],0.34329338035424106,False,True,3.1523726386982642,129,59.99785047027138,532.353,in_progress,0.0,0
169,25.0,-1.0717596036015993,1.275331675203845,74.40430069895092,-30.0,4.0,[-30.0 4.0],0.627130957815309,False,True,3.3325304331258243,129,59.99785047027138,532.424,in_progress,0.0,0
169,26.0,-1.023739036687474,1.3758798563254888,70.23052960551516,-18.48578893505273,0.5,[-18.48578893505273 0.5],0.3624964437492179,False,True,3.518244358614214,130,59.99785047027138,532.487,in_progress,0.0,0
169,27.0,-0.9655257637637428,1.4671296273536336,64.2208052352129,-30.0,3.5435444932017335,[-30.0 3.5435444932017335],0.622359578197075,False,True,3.6972850271219384,130,59.99785047027138,532.557,in_progress,0.0,0
169,28.0,-0.8986110191009833,1.556089042034367,59.57488647558263,-28.69395735805717,0.5,[-28.69395735805717 0.5],0.38003732270493473,False,True,3.8788872552856457,131,59.99785047027138,532.617,in_progress,0.0,0
169,29.0,-0.822470256709485,1.620381742133967,51.73807148137905,-30.0,4.0,[-30.0 4.0],0.6856033966162621,False,True,4.0298005287006,131,59.99785047027138,532.69,in_progress,0.0,0
169,30.0,-0.7381375198461811,1.6787308873581122,44.81903031962146,11.63873171261639,3.177054133094412,[11.63873171261639 3.177054133094412],0.8500675722353,False,True,4.177149762160376,131,59.99785047027138,532.763,in_progress,0.0,0
169,31.0,-0.6442816734031735,1.7446980086449384,40.4196645011557,30.0,0.5,[30.0 0.5],0.4339063925831414,False,True,4.343407333164579,131,59.99785047027138,532.821,in_progress,0.0,0
169,32.0,-0.5705341738778181,1.8168996550617873,41.3235938088344,-25.409218815205627,1.0276284173239074,[-25.409218815205627 1.0276284173239074],0.49249404497342697,False,True,4.504735760033773,132,59.99785047027138,532.888,in_progress,0.0,0
169,33.0,-0.49579221912814253,1.8833965025442332,41.3072165010592,30.0,0.6619556972459315,[30.0 0.6619556972459315],0.46298790314855315,False,True,4.6586730711336735,132,59.99785047027138,532.952,in_progress,0.0,0
169,34.0,-0.4294534516550883,1.9361553212584388,40.369977923491575,-24.675446774482584,1.8612665813325378,[-24.675446774482584 1.8612665813325378],0.5866625205153763,False,True,4.785792147023899,132,59.99785047027138,533.023,in_progress,0.0,0
169,35.0,-0.3633498294277805,1.9845163027006663,38.79162415113155,-3.648050453283467,4.0,[-3.648050453283467 4.0],0.9234433237168113,False,True,4.9061333609511815,133,59.99785047027138,533.088,in_progress,0.0,0
169,36.0,-0.2768971304544367,2.0362910855112846,35.82837652407821,-12.251630593956783,0.5,[-12.251630593956783 0.5],0.5248983298944346,False,True,5.046279698877932,133,59.99785047027138,533.149,in_progress,0.0,0
169,37.0,-0.19399008862060224,2.069368359068773,31.068713919287603,9.623915295499884,1.3324082722171615,[9.623915295499884 1.3324082722171615],0.5679411033696566,False,True,5.155773704995914,133,59.99785047027138,533.221,in_progress,0.0,0
169,38.0,-0.11008029701682946,2.0995723603481653,27.3660131971802,-30.0,1.569503737377993,[-30.0 1.569503737377993],0.4764801198362172,False,True,5.262639665109392,133,59.99785047027138,533.28,in_progress,0.0,0
169,39.0,-0.025693864667071076,2.12969297853275,24.704971188475422,30.0,2.156221117439034,[30.0 2.156221117439034],0.3436132859785097,False,True,5.368957593414214,133,59.99785047027138,533.356,in_progress,0.0,0
169,40.0,0.06594953360266552,2.1604512230839403,22.492619342308576,6.91097970703003,2.386503006634328,[6.91097970703003 2.386503006634328],0.431834229082766,False,True,5.481487118388051,134,59.99785047027138,533.422,in_progress,0.0,0
169,41.0,0.15807936226236524,2.2100788709676644,24.724496870595427,30.0,4.0,[30.0 4.0],0.17457133710852485,False,False,5.622696440611996,134,59.99785047027138,533.482,in_progress,0.0,0
169,42.0,0.24971562994141344,2.274619315100099,29.33605346051811,-30.0,1.1351046646350413,[-30.0 1.1351046646350413],0.17607018242174505,False,False,5.75305307305094,134,59.99785047027138,533.551,in_progress,0.0,0
169,43.0,0.34719152209341225,2.353569107327261,35.123268992136225,-21.89171664081757,4.0,[-21.89171664081757 4.0],0.17924545336097034,False,False,5.938855382441788,134,59.99785047027138,533.615,in_progress,0.0,0
169,44.0,0.43120270392193705,2.413151153873555,35.28486678971234,-17.457872683627222,0.5,[-17.457872683627222 0.5],0.18122988303121917,True,False,6.086078161496166,135,59.99785047027138,533.677,off_track,0.0,0
170,1.0,-0.39219888832604527,2.216120713264186,64.37407882974331,30.0,1.6109981224336987,[30.0 1.6109981224336987],0.0,False,True,0.23334101989922473,133,59.99785047027138,533.827,prepare,0.0,0
170,2.0,-0.39231496089987383,2.216454238050661,64.4711383441828,-3.107065246142657,0.5,[-3.107065246142657 0.5],0.21984909870533306,False,True,0.23375768070742486,133,59.99785047027138,533.9,in_progress,0.0,0
170,3.0,-0.38863976056465593,2.219758037153446,63.92839649155326,-30.0,1.344153880745695,[-30.0 1.344153880745695],0.1640834014776837,False,True,0.2413785001106672,133,59.99785047027138,533.957,in_progress,0.0,0
170,4.0,-0.37775353584945204,2.2303875453186115,62.626437076166,7.746730046457849,0.9223151336629645,[7.746730046457849 0.9223151336629645],0.16840783434438633,False,True,0.26521810418291825,133,59.99785047027138,534.018,in_progress,0.0,0
170,5.0,-0.3643581939319894,2.2507899699656972,61.8649434718077,-2.5415812441788006,2.0598043595512534,[-2.5415812441788006 2.0598043595512534],0.20181881479321065,False,True,0.3055459631551294,133,59.99785047027138,534.082,in_progress,0.0,0
170,6.0,-0.3423807446806788,2.2864971150881828,61.22137328997893,30.0,4.0,[30.0 4.0],0.22735294942512102,False,True,0.3750637834596171,133,59.99785047027138,534.158,in_progress,0.0,0
170,7.0,-0.31630544459635157,2.3384304924577557,61.997488853350305,30.0,3.8994704179126356,[30.0 3.8994704179126356],0.25050982080542655,False,True,0.4719081808210013,134,59.99785047027138,534.221,in_progress,0.0,0
170,8.0,-0.3057003146259818,2.402736839753434,66.71938877605707,30.0,3.4510015692073734,[30.0 3.4510015692073734],0.2598525519675082,False,True,0.5761263542404471,134,59.99785047027138,534.285,in_progress,0.0,0
170,9.0,-0.3083041072063063,2.489138906739414,74.95599656158109,-5.375097434314714,2.6790811871207887,[-5.375097434314714 2.6790811871207887],0.3255977800210262,False,True,0.706505621641651,134,59.99785047027138,534.353,in_progress,0.0,0
170,10.0,-0.31108970021691545,2.5762396737865165,81.31514236187823,24.903308360417448,0.5,[24.903308360417448 0.5],0.191603901109359,False,True,0.8375627532200558,134,59.99785047027138,534.423,in_progress,0.0,0
170,11.0,-0.3083886935889591,2.6751074986083294,85.0073584129423,-30.0,4.0,[-30.0 4.0],0.34275992172075576,False,True,0.9902540111346947,135,59.99785047027138,534.48,in_progress,0.0,0
170,12.0,-0.31340181753915847,2.750609088863004,87.39137663303212,-30.0,0.5,[-30.0 0.5],0.2005937882823214,False,True,1.102117090431587,135,59.99785047027138,534.555,in_progress,0.0,0
170,13.0,-0.3057166009812015,2.8196903584875286,86.64756660009449,-30.0,0.5,[-30.0 0.5],0.2075261154136245,False,True,1.2126912162078396,135,59.99785047027138,534.621,in_progress,0.0,0
170,14.0,-0.29199561610963226,2.881459561462421,84.38488863670402,-30.0,0.5,[-30.0 0.5],0.21303503346686178,False,True,1.3174708315823236,135,59.99785047027138,534.679,in_progress,0.0,0
170,15.0,-0.27882279278724076,2.9254059435102944,82.27916323219357,-30.0,0.5,[-30.0 0.5],0.21381772395242216,False,True,1.3934032189796164,135,59.99785047027138,534.748,in_progress,0.0,0
170,16.0,-0.2530631867394357,2.9653366683820157,77.55375451348971,-30.0,0.5,[-30.0 0.5],0.2150970553782975,False,True,1.4715481272610798,135,59.99785047027138,534.819,in_progress,0.0,0
170,17.0,-0.226988515637365,2.993567186313717,73.03171299816924,25.754834579866916,1.3935902110474818,[25.754834579866916 1.3935902110474818],0.2565218420139796,False,True,1.5320132114963858,136,59.99785047027138,534.884,in_progress,0.0,0
170,18.0,-0.2015623777046603,3.0280113661760004,69.69879285279418,-19.40061425644526,1.964639347126217,[-19.40061425644526 1.964639347126217],0.2842669830377618,False,True,1.601548252805407,136,59.99785047027138,534.953,in_progress,0.0,0
170,19.0,-0.1770920016673006,3.0845588050731347,68.8357130902617,14.787591544495996,2.006432188368426,[14.787591544495996 2.006432188368426],0.36595214282521127,False,True,1.7042435932854483,136,59.99785047027138,535.026,in_progress,0.0,0
170,20.0,-0.150707153914999,3.143076484643905,68.12948733583403,2.087359986149025,2.674980411318268,[2.087359986149025 2.674980411318268],0.41077856280667957,False,True,1.7868521867597242,136,59.99785047027138,535.082,in_progress,0.0,0
170,21.0,-0.1305605819702733,3.214566750804737,69.88302382734848,-30.0,1.5008513058187085,[-30.0 1.5008513058187085],0.2791130083382573,False,True,1.907517519548485,136,59.99785047027138,535.154,in_progress,0.0,0
170,22.0,-0.10220289576592623,3.29761590991755,70.36745127087077,-30.0,3.954038220724641,[-30.0 3.954038220724641],0.41989272822860735,False,True,2.051651325746917,137,59.99785047027138,535.224,in_progress,0.0,0
170,23.0,-0.05125046415587373,3.3959951680517193,67.2088348388136,-14.109431075756309,0.5,[-14.109431075756309 0.5],0.3136360414068137,False,True,2.236264109852504,137,59.99785047027138,535.283,in_progress,0.0,0
170,24.0,0.00305545325296408,3.4635370425807688,61.22789025166199,-30.0,0.5,[-30.0 0.5],0.25315435882671916,False,True,2.32464975965766,137,59.99785047027138,535.353,in_progress,0.0,0
170,25.0,0.06464749904081583,3.514541793749981,54.50285814228908,-30.0,3.366910990667459,[-30.0 3.366910990667459],0.42545603784715563,False,True,2.4551336566076665,137,59.99785047027138,535.419,in_progress,0.0,0
170,26.0,0.1254150578573367,3.5565358512492744,48.7162952115333,-8.946632259294415,0.5,[-8.946632259294415 0.5],0.33138394569522045,False,True,2.5730231953042026,138,59.99785047027138,535.487,in_progress,0.0,0
170,27.0,0.19378138594039035,3.597107398599316,42.72153458360359,7.826231311837901,1.396003359098618,[7.826231311837901 1.396003359098618],0.40591953615660337,False,True,2.6969614560188093,138,59.99785047027138,535.557,in_progress,0.0,0
170,28.0,0.2535810072251837,3.63980654716733,40.66477628288095,4.445749064374532,4.0,[4.445749064374532 4.0],0.6098201777044702,False,True,2.800884566586892,138,59.99785047027138,535.622,in_progress,0.0,0
170,29.0,0.3144362125880467,3.7002415578950214,42.08666299877647,-28.164334654125547,0.6022979948903678,[-28.164334654125547 0.6022979948903678],0.2852126112170669,False,True,2.9140336688404322,138,59.99785047027138,535.684,in_progress,0.0,0
170,30.0,0.3728191185747624,3.760234196066032,43.588480567717596,-19.98469303353689,1.575338983741506,[-19.98469303353689 1.575338983741506],0.35382573788265737,False,True,3.052035183623114,138,59.99785047027138,535.753,in_progress,0.0,0
170,31.0,0.43529303067357555,3.804321862309848,41.103672398979626,-30.0,2.7318819592028625,[-30.0 2.7318819592028625],0.4355572968427588,False,True,3.1793942763509997,139,59.99785047027138,535.805,in_progress,0.0,0
170,32.0,0.5150243898998034,3.8470741477471817,36.59792806456772,17.597332753855916,3.4909075317546576,[17.597332753855916 3.4909075317546576],0.4963115055851435,False,True,3.3238389886348862,139,59.99785047027138,535.89,in_progress,0.0,0
170,33.0,0.615086140082497,3.8983843710143606,32.701487513948884,-26.10265057836085,3.61755554779125,[-26.10265057836085 3.61755554779125],0.514944102947663,False,True,3.459344013788923,139,59.99785047027138,535.949,in_progress,0.0,0
170,34.0,0.7104432409576132,3.954174893276995,31.36755195747209,-30.0,1.0136725089184375,[-30.0 1.0136725089184375],0.3499102930584309,False,True,3.6403763105793407,140,59.99785047027138,536.022,in_progress,0.0,0
170,35.0,0.8192778726088658,3.992144030348992,25.65514954970912,-30.0,0.6528011355888029,[-30.0 0.6528011355888029],0.3356340788261728,False,True,3.8324867617068215,140,59.99785047027138,536.088,in_progress,0.0,0
170,36.0,0.9010929358743844,4.015678657610702,22.04344968503583,-30.0,0.5,[-30.0 0.5],0.3237520972159438,False,True,3.8906192461560685,140,59.99785047027138,536.162,in_progress,0.0,0
170,37.0,0.9869711496913167,4.027714650997988,17.338322767270213,-30.0,0.8516613745243778,[-30.0 0.8516613745243778],0.35576224459395517,False,True,4.03367258019125,140,59.99785047027138,536.217,in_progress,0.0,0
170,38.0,1.0522305979551076,4.02500187643869,12.29214952681387,-29.37858346934427,0.884439028637294,[-29.37858346934427 0.884439028637294],0.36181811722266866,False,True,4.1424595905546475,141,59.99785047027138,536.284,in_progress,0.0,0
170,39.0,1.1107154553813978,4.015246937176744,7.244258147536568,-8.080081490372653,0.5,[-8.080081490372653 0.5],0.41976026598441624,False,True,4.240002686711275,141,59.99785047027138,536.354,in_progress,0.0,0
170,40.0,1.1703849283087393,4.005191182146765,3.2363208335350446,-25.19158990907548,1.8382830728539756,[-25.19158990907548 1.8382830728539756],0.43910502913558136,False,True,4.339522220714265,141,59.99785047027138,536.421,in_progress,0.0,0
170,41.0,1.2411968249185776,3.986856538183194,-1.8891974364940218,-23.893824966349058,0.5,[-23.893824966349058 0.5],0.3368295259089982,False,True,4.383355049940485,141,59.99785047027138,536.495,in_progress,0.0,0
170,42.0,1.3005513663583097,3.9518750586587377,-9.651769990350184,-30.0,2.5495267618564137,[-30.0 2.5495267618564137],0.49568167383076506,False,True,4.496170982057746,141,59.99785047027138,536.56,in_progress,0.0,0
170,43.0,1.3450884110360541,3.9161152304510103,-16.17674500659178,19.745483296792564,0.9228600770833816,[19.745483296792564 0.9228600770833816],0.3747805384910935,False,True,4.586183746732364,141,59.99785047027138,536.625,in_progress,0.0,0
170,44.0,1.401300173709852,3.8674383430211967,-23.994272777367822,4.924935856887927,4.0,[4.924935856887927 4.0],0.8400529615871589,False,True,4.701788964107234,142,59.99785047027138,536.691,in_progress,0.0,0
170,45.0,1.4567815958569705,3.8334147405793004,-26.015713396787994,-30.0,0.5,[-30.0 0.5],0.3815453535028235,False,True,4.807989880870556,142,59.99785047027138,536.759,in_progress,0.0,0
170,46.0,1.5084475775898418,3.795939240457252,-28.300768798863718,22.983477608323916,3.8070900969074506,[22.983477608323916 3.8070900969074506],0.6647988061768133,False,True,4.89027494192682,142,59.99785047027138,536.823,in_progress,0.0,0
170,47.0,1.565691100092395,3.7570597392478327,-29.1885411327121,29.679851619906117,1.9162296888783596,[29.679851619906117 1.9162296888783596],0.5093665720875973,False,True,5.005609508731346,142,59.99785047027138,536.891,in_progress,0.0,0
170,48.0,1.639225074671311,3.7353061816760196,-25.489299276065523,7.176974486952858,3.7879000564115097,[7.176974486952858 3.7879000564115097],0.8483569329375503,False,True,5.12747550519016,142,59.99785047027138,536.954,in_progress,0.0,0
170,49.0,1.7195251099597697,3.7184356333048503,-21.20995471611349,-30.0,0.5,[-30.0 0.5],0.3641114893324592,False,True,5.254134045201431,143,59.99785047027138,537.027,in_progress,0.0,0
170,50.0,1.8133096379892315,3.693779304075355,-17.332804152231738,-30.0,0.8447564770792781,[-30.0 0.8447564770792781],0.39878371932105255,False,True,5.4055296947080445,143,59.99785047027138,537.078,in_progress,0.0,0
170,51.0,1.866606409467025,3.6724968632745534,-17.995786527823178,-30.0,0.5,[-30.0 0.5],0.3704780300667283,False,True,5.466138225930617,143,59.99785047027138,537.157,in_progress,0.0,0
170,52.0,1.9221745517161697,3.6482916677919994,-19.314935144659785,-28.307477038367562,1.9423629845764285,[-28.307477038367562 1.9423629845764285],0.4925357665164497,False,True,5.562081351022363,143,59.99785047027138,537.227,in_progress,0.0,0
170,53.0,1.9799582159704059,3.6092201523116203,-23.385112602214853,-30.0,3.4051751401940678,[-30.0 3.4051751401940678],0.6200314963930049,False,True,5.677287993086089,144,59.99785047027138,537.281,in_progress,0.0,0
170,54.0,2.0318601196006343,3.5557938580467336,-29.804161377376722,-25.836585834701793,0.5,[-25.836585834701793 0.5],0.3811340120009241,False,True,5.801126514473731,144,59.99785047027138,537.357,in_progress,0.0,0
170,55.0,2.071684912068521,3.489113538125374,-39.49443638236991,2.9944586129011483,4.0,[2.9944586129011483 4.0],0.8565386846836792,False,True,5.924674696428611,144,59.99785047027138,537.415,in_progress,0.0,0
170,56.0,2.107037874927705,3.419331247578772,-46.80059552253597,-3.802855593141274,0.5,[-3.802855593141274 0.5],0.48609942160601327,False,True,6.035049586221842,144,59.99785047027138,537.495,in_progress,0.0,0
170,57.0,2.1596729051186165,3.35581970535411,-48.61096327665614,-30.0,0.5,[-30.0 0.5],0.3940003681267794,False,True,6.171884986591369,144,59.99785047027138,537.565,in_progress,0.0,0
170,58.0,2.2013105399969617,3.304507001953671,-49.217433948684956,30.0,0.9810869607307575,[30.0 0.9810869607307575],0.4398369995505495,False,True,6.281387944778927,145,59.99785047027138,537.612,in_progress,0.0,0
170,59.0,2.228953281894706,3.267501450529252,-50.05069847717959,9.857381229747212,2.9133470184635497,[9.857381229747212 2.9133470184635497],0.765494893121681,False,True,6.357537061971752,145,59.99785047027138,537.683,in_progress,0.0,0
170,60.0,2.274645494571645,3.2234191556763556,-48.62082088048773,30.0,1.7126936581135086,[30.0 1.7126936581135086],0.5099945422960459,False,True,6.462982396226646,145,59.99785047027138,537.755,in_progress,0.0,0
170,61.0,2.3375043375672,3.1825778285399324,-44.17301901363708,-2.0758734605121383,1.5186165439590624,[-2.0758734605121383 1.5186165439590624],0.6220218470361963,False,True,6.583352519925745,145,59.99785047027138,537.815,in_progress,0.0,0
170,62.0,2.4091412162012613,3.1444784908936176,-39.12957691800381,-30.0,2.71048894073294,[-30.0 2.71048894073294],0.6118749714332473,False,True,6.712383964506497,145,59.99785047027138,537.882,in_progress,0.0,0
170,63.0,2.485126091989838,3.080300365148026,-39.79839520698796,-4.954437816337109,0.5,[-4.954437816337109 0.5],0.5212903644229471,False,True,6.877465125349125,146,59.99785047027138,537.958,in_progress,0.0,0
170,64.0,2.5499378621154034,3.005744859465588,-43.22664152490255,-17.56574047304437,3.521317677950715,[-17.56574047304437 3.521317677950715],0.7079269678565354,False,True,7.040250377438806,146,59.99785047027138,538.01,in_progress,0.0,0
170,65.0,2.5977967891046894,2.948608736735624,-45.420537339405094,-30.0,2.1132747499918336,[-30.0 2.1132747499918336],0.581030854379853,False,True,7.164130085324372,146,59.99785047027138,538.077,in_progress,0.0,0
170,66.0,2.643920193457161,2.8612746867953325,-51.504285268219334,-30.0,3.1471875897252386,[-30.0 3.1471875897252386],0.6890661771245014,False,True,7.322063674352297,147,59.99785047027138,538.139,in_progress,0.0,0
170,67.0,2.6860787397090164,2.7417976487932614,-60.51622634207139,-3.6587569543990774,0.9039489973184544,[-3.6587569543990774 0.9039489973184544],0.65674731869364,False,True,7.513783140850716,147,59.99785047027138,538.215,in_progress,0.0,0
170,68.0,2.717669748779204,2.6290146078826027,-68.81210704852678,15.054137491948744,0.5,[15.054137491948744 0.5],0.4895818011338653,False,True,7.685218008516859,147,59.99785047027138,538.283,in_progress,0.0,0
170,69.0,2.7562946844041223,2.5347191153160717,-71.875106935856,30.0,0.5,[30.0 0.5],0.4961114429274635,False,True,7.842773488013199,148,59.99785047027138,538.345,in_progress,0.0,0
170,70.0,2.7970889841467996,2.45940718359957,-70.82436689365886,23.153456710900635,2.2942029169335307,[23.153456710900635 2.2942029169335307],0.7012221299560938,False,True,7.980166066082949,148,59.99785047027138,538.429,in_progress,0.0,0
170,71.0,2.844606489878662,2.383904800388822,-66.39811947903345,30.0,1.5770755023688925,[30.0 1.5770755023688925],0.6283691946531076,False,True,8.125241649251569,148,59.99785047027138,538.492,in_progress,0.0,0
170,72.0,2.9189249422721204,2.3114408738527747,-57.98717270433866,30.0,0.5,[30.0 0.5],0.514397343094912,False,True,8.298198100841637,148,59.99785047027138,538.553,in_progress,0.0,0
170,73.0,2.9835559975415076,2.2665421602793234,-50.56944471806284,30.0,0.5,[30.0 0.5],0.5190134274614396,False,True,8.427021597364082,149,59.99785047027138,538.623,in_progress,0.0,0
170,74.0,3.0480375892377323,2.2273319747436644,-44.892655574117086,24.855757313912846,3.2422452227994274,[24.855757313912846 3.2422452227994274],0.8420192830483484,False,True,8.548893426333393,149,59.99785047027138,538.684,in_progress,0.0,0
170,75.0,3.1111148811244793,2.192505972530546,-40.34495775766211,21.660716166020514,4.0,[21.660716166020514 4.0],0.9367417974777587,False,True,8.663402527296249,149,59.99785047027138,538.756,in_progress,0.0,0
170,76.0,3.2202575394648187,2.159367369242985,-30.540750845095182,-30.0,3.14682118865074,[-30.0 3.14682118865074],0.8479343944328956,False,True,8.831847240909918,149,59.99785047027138,538.811,in_progress,0.0,0
170,77.0,3.316010382900108,2.1343920804042895,-24.142629317069105,-30.0,2.581131347684833,[-30.0 2.581131347684833],0.7887394854580325,False,True,8.974838775374883,150,59.99785047027138,538.889,in_progress,0.0,0
170,78.0,3.421733500621083,2.0875693224899337,-23.5071873556549,-22.084294173591992,2.214979671274745,[-22.084294173591992 2.214979671274745],0.6924905881314068,False,True,9.155817684758095,150,59.99785047027138,538.95,in_progress,0.0,0
170,79.0,3.517903698998049,2.025189048809933,-27.46640644511701,-30.0,0.5,[-30.0 0.5],0.5087329072920602,False,True,9.343120427769701,150,59.99785047027138,539.013,in_progress,0.0,0
170,80.0,3.616947821971281,1.9468800083634024,-32.59115356875505,-30.0,0.5,[-30.0 0.5],0.5172097174428772,False,True,9.55240602705909,151,59.99785047027138,539.1,in_progress,0.0,0
170,81.0,3.7005688769862726,1.8688487685332378,-36.969352934248015,-30.0,3.9732549993647224,[-30.0 3.9732549993647224],0.9289891843119698,False,True,9.737137813283725,151,59.99785047027138,539.153,in_progress,0.0,0
170,82.0,3.749053889477309,1.8115391939753636,-40.88704636374712,-15.415475559222795,4.0,[-15.415475559222795 4.0],0.9389495972664355,False,True,9.861917464708714,151,59.99785047027138,539.228,in_progress,0.0,0
170,83.0,3.81186547287036,1.7118898837879961,-48.15131565640044,-23.362545649144877,3.0251686874260915,[-23.362545649144877 3.0251686874260915],0.8361203062160913,False,True,10.05379867758337,152,59.99785047027138,539.291,in_progress,0.0,0
170,84.0,3.854331340562658,1.6054985633838992,-56.81160397655059,-14.915218829291113,1.2839758643941517,[-14.915218829291113 1.2839758643941517],0.795591601105069,False,True,10.228317479010485,152,59.99785047027138,539.353,in_progress,0.0,0
170,85.0,3.8782874743197833,1.493021567132038,-67.88393863826442,-30.0,1.8157816325630134,[-30.0 1.8157816325630134],0.7724175499957158,False,True,10.39120165022327,152,59.99785047027138,539.414,in_progress,0.0,0
170,86.0,3.889675573861884,1.3846126394519527,-77.60497252094073,30.0,2.5999340669214814,[30.0 2.5999340669214814],0.8842074288082271,False,True,10.534687273282605,153,59.99785047027138,539.494,in_progress,0.0,0
170,87.0,3.9020030951457176,1.2630326085290822,-86.0619321288942,30.0,0.5,[30.0 0.5],0.5582692740132987,False,True,10.694813678415683,153,59.99785047027138,539.553,in_progress,0.0,0
170,88.0,3.9278671210922793,1.1531914780779164,-88.73027850788098,8.677852535537276,0.5,[8.677852535537276 0.5],0.7049613913204262,False,True,10.856585352889569,153,59.99785047027138,539.626,in_progress,0.0,0
170,89.0,3.9497055851152294,1.0542291710137788,-89.30372677675562,10.20619758272101,4.0,[10.20619758272101 4.0],1.2638515810449693,False,True,11.000642388205728,154,59.99785047027138,539.689,in_progress,0.0,0
170,90.0,3.965325134893574,0.9599802391401873,-87.28196018321471,11.691506100869482,0.5,[11.691506100869482 0.5],0.6509380362801664,False,True,11.131850843597867,154,59.99785047027138,539.763,in_progress,0.0,0
170,91.0,3.9980715510775116,0.8596128066934585,-81.12940197278543,30.0,1.8455187024403836,[30.0 1.8455187024403836],0.682002719749115,False,True,11.274931997154091,154,59.99785047027138,539.819,in_progress,0.0,0
170,92.0,4.032926226061961,0.7830831390172925,-76.03247272447426,11.737053722111582,0.5,[11.737053722111582 0.5],0.6608880773764823,False,True,11.405723256045064,154,59.99785047027138,539.887,in_progress,0.0,0
170,93.0,4.091899603871487,0.6935773746952638,-67.83722937775039,-15.492931892133372,0.5217318967847256,[-15.492931892133372 0.5217318967847256],0.47504105548629333,False,True,11.580357680423125,155,59.99785047027138,539.955,in_progress,0.0,0
170,94.0,4.129040505383903,0.6422165090627886,-62.952582363766815,-8.072805718344807,0.5,[-8.072805718344807 0.5],0.5965242078474678,False,True,11.684494792888545,155,59.99785047027138,540.016,in_progress,0.0,0
170,95.0,4.1529264612630445,0.5866344521167075,-63.33306706507613,-30.0,0.5,[-30.0 0.5],0.2387075050978635,False,False,11.739713365468695,155,59.99785047027138,540.082,in_progress,0.0,0
170,96.0,4.173904702617481,0.5273295049076896,-65.12437515495824,-2.6668746591347663,1.9507693879414651,[-2.6668746591347663 1.9507693879414651],0.2991896702381161,False,False,11.82134338619033,155,59.99785047027138,540.154,in_progress,0.0,0
170,97.0,4.1919174364746885,0.47003297723589743,-66.80320249126942,13.546921006533495,4.0,[13.546921006533495 4.0],0.30008414777467796,False,False,11.906172664744307,155,59.99785047027138,540.222,in_progress,0.0,0
170,98.0,4.219751026966633,0.3973154058141166,-67.47893890722823,-7.3588613129357725,3.1076778336557047,[-7.3588613129357725 3.1076778336557047],0.3017176020666541,False,False,12.020137869053826,156,59.99785047027138,540.284,in_progress,0.0,0
170,99.0,4.2517853573379485,0.3127751100602829,-68.06047842085681,30.0,4.0,[30.0 4.0],0.24304441056267279,False,False,12.15222052813364,156,59.99785047027138,540.353,in_progress,0.0,0
170,100.0,4.289325966503296,0.21907877402299514,-68.03853190025923,-30.0,1.0610945370487475,[-30.0 1.0610945370487475],0.2443566537816695,False,False,12.266412540729931,156,59.99785047027138,540.422,in_progress,0.0,0
170,101.0,4.341661495487566,0.1249005326023718,-64.86285797268745,-30.0,2.815869708325789,[-30.0 2.815869708325789],0.24415863549735645,True,False,12.304437164392468,156,59.99785047027138,540.487,off_track,0.0,0
171,1.0,1.651478058085343,3.639940360176414,-34.04064215703077,22.58693734863681,2.1460181263224642,[22.58693734863681 2.1460181263224642],0.0,False,True,0.2333409078630444,143,59.99785047027138,540.626,prepare,0.0,0
171,2.0,1.6515530947789359,3.6399045085483586,-34.02026054031943,-30.0,3.921611447069211,[-30.0 3.921611447069211],0.30924007495873446,False,True,0.23347799772514,143,59.99785047027138,540.681,in_progress,0.0,0
171,3.0,1.653253949920117,3.6398010024714322,-33.8539380538626,6.444019793466175,1.7554668118230168,[6.444019793466175 1.7554668118230168],0.21589863870152007,False,True,0.23592405585679543,143,59.99785047027138,540.763,in_progress,0.0,0
171,4.0,1.6669715579391822,3.632771905325046,-33.269233043080526,-30.0,4.0,[-30.0 4.0],0.21583554197853752,False,True,0.2614287087918332,143,59.99785047027138,540.824,in_progress,0.0,0
171,5.0,1.685692350629058,3.6119985159292867,-35.370763000369074,-24.094682930809128,4.0,[-24.094682930809128 4.0],0.21392794281562375,False,True,0.3066627620636808,143,59.99785047027138,540.894,in_progress,0.0,0
171,6.0,1.703359136275091,3.570321384553283,-40.9328634436803,-7.691220688001181,1.2941508239842476,[-7.691220688001181 1.2941508239842476],0.18549760579072194,False,True,0.36993592686975774,143,59.99785047027138,540.955,in_progress,0.0,0
171,7.0,1.7263138469107366,3.5187983510929897,-46.627629972934976,30.0,2.4460876772260516,[30.0 2.4460876772260516],0.20033167156007875,False,True,0.46247060452100364,143,59.99785047027138,541.026,in_progress,0.0,0
171,8.0,1.7618602780358454,3.460034374850486,-49.72294632959526,21.374232695580808,2.2308170412361563,[21.374232695580808 2.2308170412361563],0.21570847495520554,False,True,0.5719099072196587,143,59.99785047027138,541.091,in_progress,0.0,0
171,9.0,1.8139478815118841,3.4111967215673777,-47.896917618475065,30.0,3.92098793405573,[30.0 3.92098793405573],0.30208077572838504,False,True,0.6908832416771982,144,59.99785047027138,541.156,in_progress,0.0,0
171,10.0,1.8839610372862083,3.3597954276738133,-43.96163974315579,21.64681752942368,2.8471313360495314,[21.64681752942368 2.8471313360495314],0.2906432765973927,False,True,0.8349820611275427,144,59.99785047027138,541.23,in_progress,0.0,0
171,11.0,1.9950418228796438,3.2995519721399638,-36.95941164729509,-30.0,1.562628932135216,[-30.0 1.562628932135216],0.2738952182045437,False,True,1.0431874682393594,144,59.99785047027138,541.285,in_progress,0.0,0
171,12.0,2.0759099575289492,3.255871153434671,-33.031214648741326,7.4443935262382155,3.120928113914091,[7.4443935262382155 3.120928113914091],0.4674234398633805,False,True,1.1901400832059261,144,59.99785047027138,541.361,in_progress,0.0,0
171,13.0,2.1742000145849385,3.191938970874862,-32.74894453492884,11.441541356985127,2.7290071541481646,[11.441541356985127 2.7290071541481646],0.482063324745451,False,True,1.381479728823265,145,59.99785047027138,541.421,in_progress,0.0,0
171,14.0,2.2835762010172873,3.120326224293802,-32.92349430057943,-4.649329751659192,1.308755453990297,[-4.649329751659192 1.308755453990297],0.41469343559077776,False,True,1.594183686164341,145,59.99785047027138,541.488,in_progress,0.0,0
171,15.0,2.393775153589015,3.048305942765838,-32.94506321241063,24.83390462039057,4.0,[24.83390462039057 4.0],0.5382384820918629,False,True,1.8085970500398618,146,59.99785047027138,541.549,in_progress,0.0,0
171,16.0,2.5021477869368085,2.974165342001777,-33.299967060912955,-14.196032773738388,4.0,[-14.196032773738388 4.0],0.656929928140316,False,True,2.0224210029672895,146,59.99785047027138,541.621,in_progress,0.0,0
171,17.0,2.6195236037513308,2.8997865138447043,-32.97688726357798,-3.183819619914999,4.0,[-3.183819619914999 4.0],0.697786929904918,False,True,2.2477030669807663,146,59.99785047027138,541.672,in_progress,0.0,0
171,18.0,2.735963787087497,2.80987527819588,-35.433993072937824,-26.27085888539549,4.0,[-26.27085888539549 4.0],0.5928846114224078,False,True,2.490450923466958,147,59.99785047027138,541.753,in_progress,0.0,0
171,19.0,2.8809555087500582,2.6733250115983136,-40.704485650754734,-0.4962575159256346,2.0897073029866267,[-0.4962575159256346 2.0897073029866267],0.6143700966071235,False,True,2.822003861999034,148,59.99785047027138,541.821,in_progress,0.0,0
171,20.0,2.9997825661697073,2.5340297739881583,-47.04435609117111,12.992013554358671,2.410926857989282,[12.992013554358671 2.410926857989282],0.6904806783814849,False,True,3.127242507223371,148,59.99785047027138,541.881,in_progress,0.0,0
171,21.0,3.1032315380809643,2.414553620698242,-49.05575351063972,-26.171949436177773,3.8236299765783692,[-26.171949436177773 3.8236299765783692],0.705521995072314,False,True,3.3901633069046477,149,59.99785047027138,541.95,in_progress,0.0,0
171,22.0,3.2120146471911695,2.2808046889306195,-50.495406017936055,-30.0,1.809090126493915,[-30.0 1.809090126493915],0.5500745460047559,False,True,3.6801566872437963,149,59.99785047027138,542.022,in_progress,0.0,0
171,23.0,3.3151260825584514,2.1315714195079236,-53.51572797370242,-30.0,3.696166511280158,[-30.0 3.696166511280158],0.8325456779462519,False,True,3.9770835179379183,150,59.99785047027138,542.087,in_progress,0.0,0
171,24.0,3.397136380666937,2.0034927214745015,-55.58644472535945,23.399309311060883,0.5,[23.399309311060883 0.5],0.5018647145252664,False,True,4.2244504589668885,150,59.99785047027138,542.154,in_progress,0.0,0
171,25.0,3.471589548066517,1.8694391582745642,-59.3120982119197,-30.0,4.0,[-30.0 4.0],0.9175270240218011,False,True,4.469368747108593,151,59.99785047027138,542.219,in_progress,0.0,0
171,26.0,3.5517298204222283,1.7095416615246695,-62.83876515481275,22.887240664066077,3.361312013939814,[22.887240664066077 3.361312013939814],0.8739302265390615,False,True,4.752999154921323,151,59.99785047027138,542.282,in_progress,0.0,0
171,27.0,3.6119239893272406,1.5615764405416792,-66.53424094650859,4.127006141112062,4.0,[4.127006141112062 4.0],1.1155622275920374,False,True,4.999318561552024,152,59.99785047027138,542.357,in_progress,0.0,0
171,28.0,3.693649540597872,1.3972797303116342,-64.93612706186431,25.77399531452295,2.7851438991543636,[25.77399531452295 2.7851438991543636],0.7819561675982436,False,True,5.29318127147389,152,59.99785047027138,542.42,in_progress,0.0,0
171,29.0,3.780776476224826,1.245154674415023,-62.16779290178035,30.0,2.1765017792796426,[30.0 2.1765017792796426],0.732513540816523,False,True,5.576653519112118,153,59.99785047027138,542.49,in_progress,0.0,0
171,30.0,3.884851051112969,1.0887780453670617,-58.49894436582304,15.117918632305802,2.047519168735452,[15.117918632305802 2.047519168735452],0.6726658798356442,False,True,5.884183710184443,153,59.99785047027138,542.553,in_progress,0.0,0
171,31.0,3.9895037870621324,0.950258677670188,-55.26684112775528,1.6701472266151356,0.5,[1.6701472266151356 0.5],0.6422192243149765,False,True,6.171476029453227,154,59.99785047027138,542.625,in_progress,0.0,0
171,32.0,4.091943655591827,0.8322193162347504,-51.83299896217726,-26.11523741417325,0.5,[-26.11523741417325 0.5],0.5234077385999495,False,True,6.418601030768611,154,59.99785047027138,542.682,in_progress,0.0,0
171,33.0,4.168339326396518,0.7343742989679864,-51.99952824039628,14.271303200391479,3.2451458140772997,[14.271303200391479 3.2451458140772997],1.0656528448510763,False,True,6.623698924471066,155,59.99785047027138,542.744,in_progress,0.0,0
171,34.0,4.241232944365158,0.6310766983486106,-53.012652059404225,30.0,2.903345644140403,[30.0 2.903345644140403],0.8174776071667944,False,True,6.794452326175882,155,59.99785047027138,542.808,in_progress,0.0,0
171,35.0,4.350641553171224,0.517513193258359,-49.09653309140847,30.0,2.9054289471866097,[30.0 2.9054289471866097],0.8337377348530167,False,True,7.0560327141149575,156,59.99785047027138,542.882,in_progress,0.0,0
171,36.0,4.454938190592115,0.4365585609022657,-43.52857013711042,27.06337886378394,1.0122207736815008,[27.06337886378394 1.0122207736815008],0.6122642523670565,False,True,7.266412540729927,156,59.99785047027138,542.951,in_progress,0.0,0
171,37.0,4.587668626965421,0.3524538937424022,-35.04568009323674,30.0,1.2822793731217494,[30.0 1.2822793731217494],0.6507263382222456,False,True,7.4541988054288915,156,59.99785047027138,543.023,in_progress,0.0,0
171,38.0,4.705244265460853,0.28527955475228617,-28.209263686392386,15.961462665556525,2.5185644658028687,[15.961462665556525 2.5185644658028687],0.8138128086305022,False,True,7.6797645464976805,157,59.99785047027138,543.083,in_progress,0.0,0
171,39.0,4.814125467557103,0.23070842713639433,-23.557592374411875,18.066274534174866,0.9531269294326314,[18.066274534174866 0.9531269294326314],0.6190176552985189,False,True,7.810945289178994,157,59.99785047027138,543.146,in_progress,0.0,0
171,40.0,4.932668599418831,0.18677271562758774,-17.26090737560317,28.830191852442624,2.4220528529105216,[28.830191852442624 2.4220528529105216],0.8116406836793788,False,True,8.021235575167584,158,59.99785047027138,543.2,in_progress,0.0,0
171,41.0,5.045803348321056,0.1561212224479867,-12.491210352299392,24.385579113900114,0.5,[24.385579113900114 0.5],0.5669418148651273,False,True,8.115731501136791,158,59.99785047027138,543.283,in_progress,0.0,0
171,42.0,5.148244144168228,0.14321692462791447,-6.251481936857035,8.104787442449577,2.657585197252358,[8.104787442449577 2.657585197252358],1.0553173779927674,False,True,8.287029901778665,159,59.99785047027138,543.345,in_progress,0.0,0
171,43.0,5.274262829913291,0.13510918410099595,-1.0794484916997487,-11.728797756037423,1.0514482060252925,[-11.728797756037423 1.0514482060252925],0.8031821097234921,False,True,8.428935024503769,159,59.99785047027138,543.415,in_progress,0.0,0
171,44.0,5.386795547000545,0.13444452218811073,2.1526424302332576,24.15204208062869,2.7180192117305224,[24.15204208062869 2.7180192117305224],0.8616714525422244,False,True,8.614660652757122,160,59.99785047027138,543.488,in_progress,0.0,0
171,45.0,5.507129740983637,0.1342435634743907,2.1396733028714228,-28.216746962120833,3.0704943582456856,[-28.216746962120833 3.0704943582456856],0.9074155529717789,False,True,8.733082731684794,160,59.99785047027138,543.551,in_progress,0.0,0
171,46.0,5.623421450250582,0.13795940818155175,1.868832998730808,-23.031430732311474,2.9934926164146036,[-23.031430732311474 2.9934926164146036],0.9058505533715935,False,True,8.926391212922946,161,59.99785047027138,543.615,in_progress,0.0,0
171,47.0,5.760658401479224,0.11974754509674995,-2.8055366176661476,30.0,4.0,[30.0 4.0],1.0363504066864135,False,True,9.037939593195466,161,59.99785047027138,543.691,in_progress,0.0,0
171,48.0,5.91832445672059,0.09616973830241082,-6.066028062131548,-8.958111194673375,1.8388390865024513,[-8.958111194673375 1.8388390865024513],0.6567193661413768,False,True,9.273558772601575,162,59.99785047027138,543.765,in_progress,0.0,0
171,49.0,6.066297012849247,0.08508274094635657,-5.383723097715861,30.0,1.2824588078909214,[30.0 1.2824588078909214],0.2627805847926778,False,False,9.385020885452777,162,59.99785047027138,543.821,in_progress,0.0,0
171,50.0,6.19446027656408,0.07097242922702555,-5.791029404545125,-30.0,2.955321994330455,[-30.0 2.955321994330455],0.26354462246358484,False,False,9.518962992664893,163,59.99785047027138,543.894,in_progress,0.0,0
171,51.0,6.33369974705992,0.05561440756641735,-6.884483724987538,-30.0,2.1586390047386335,[-30.0 2.1586390047386335],0.26338215643631674,False,False,9.617887735034037,163,59.99785047027138,543.958,in_progress,0.0,0
171,52.0,6.466586272837477,0.019047957046931005,-11.019574725508056,19.23904325353388,0.5,[19.23904325353388 0.5],0.2644785107721754,True,False,9.761393503429872,164,59.99785047027138,544.035,off_track,0.0,0
172,1.0,3.7899627142214896,1.5395241577624028,-45.55594485548734,-8.204946151582845,2.8248382034757062,[-8.204946151582845 2.8248382034757062],0.0,False,True,0.23333670303935516,152,59.99785047027138,544.161,prepare,0.0,0
172,2.0,3.7899624768659455,1.5395234669620907,-45.5561008264474,-30.0,4.0,[-30.0 4.0],0.31211191844811415,False,True,0.23333725960534846,152,59.99785047027138,544.222,in_progress,0.0,0
172,3.0,3.7915020997169293,1.5378985066852369,-45.594680964287605,28.257970198507095,0.5,[28.257970198507095 0.5],0.13569781748699272,False,True,0.23706816472220948,152,59.99785047027138,544.294,in_progress,0.0,0
172,4.0,3.803565577147544,1.532630247417453,-44.87769245298998,-20.35701217157125,1.2184972619723367,[-20.35701217157125 1.2184972619723367],0.1385833303133063,False,True,0.2573272841642882,152,59.99785047027138,544.353,in_progress,0.0,0
172,5.0,3.825089872010193,1.519583637626388,-43.51708558933926,24.1698126418286,0.5,[24.1698126418286 0.5],0.11687991507532898,False,True,0.297859110793397,152,59.99785047027138,544.42,in_progress,0.0,0
172,6.0,3.8526328215432892,1.5022639387640468,-42.17291126645176,-17.632161867179047,2.2768377785742766,[-17.632161867179047 2.2768377785742766],0.16668808598601068,False,True,0.35047591617979323,152,59.99785047027138,544.486,in_progress,0.0,0
172,7.0,3.8901337611575855,1.4787809536978462,-40.52136904624131,13.191687351309895,0.5,[13.191687351309895 0.5],0.1595150666996045,False,True,0.42199753095133463,153,59.99785047027138,544.552,in_progress,0.0,0
172,8.0,3.9242211837363348,1.45176127045784,-40.35394511001489,-30.0,0.5,[-30.0 0.5],0.13451957447873433,False,True,0.49383103699975894,153,59.99785047027138,544.624,in_progress,0.0,0
172,9.0,3.95408527219932,1.4260413612468743,-40.33260577223565,-17.17325448468469,0.5,[-17.17325448468469 0.5],0.13891192564254704,False,True,0.5592267537944728,153,59.99785047027138,544.693,in_progress,0.0,0
172,10.0,3.9775989741410243,1.3924486202739839,-42.81613944902189,-30.0,2.4009845790005206,[-30.0 2.4009845790005206],0.20394867099906566,False,True,0.6267576177256262,153,59.99785047027138,544.761,in_progress,0.0,0
172,11.0,3.999240055922745,1.3557222632935093,-45.687207166434234,-27.09522033320407,1.2056947667205682,[-27.09522033320407 1.2056947667205682],0.17100242822080935,False,True,0.6959556723243443,153,59.99785047027138,544.823,in_progress,0.0,0
172,12.0,4.014182042602365,1.3001825179096804,-52.10732010029544,-14.940995397432337,2.3008379310112694,[-14.940995397432337 2.3008379310112694],0.2710303138193017,False,True,0.7799086832738555,153,59.99785047027138,544.889,in_progress,0.0,0
172,13.0,4.032310693669702,1.2278358863672718,-58.87774213450439,0.019728526865758766,0.5,[0.019728526865758766 0.5],0.20715658386157385,False,True,0.8877233468203349,153,59.99785047027138,544.954,in_progress,0.0,0
172,14.0,4.056351194871448,1.1603016105699686,-62.69594152687272,17.678755183309917,1.6915267774825264,[17.678755183309917 1.6915267774825264],0.22234828349902164,False,True,0.9965955201513887,154,59.99785047027138,545.02,in_progress,0.0,0
172,15.0,4.084996825113086,1.0992100581409752,-63.179953692249846,30.0,4.0,[30.0 4.0],0.3009139813314463,False,True,1.1030571163176184,154,59.99785047027138,545.091,in_progress,0.0,0
172,16.0,4.1359669044914575,1.0311194618205834,-59.945055213383,10.041746326350768,4.0,[10.041746326350768 4.0],0.402406880747537,False,True,1.2388476951662675,154,59.99785047027138,545.152,in_progress,0.0,0
172,17.0,4.20079996676435,0.9575934673879196,-55.5968828664912,30.0,1.8391904188845434,[30.0 1.8391904188845434],0.2541113087208264,False,True,1.4018045410531532,154,59.99785047027138,545.216,in_progress,0.0,0
172,18.0,4.281194016778654,0.8815523433547713,-50.36630445873426,30.0,0.5,[30.0 0.5],0.21241058541971022,False,True,1.5862127590985708,155,59.99785047027138,545.289,in_progress,0.0,0
172,19.0,4.3641831289588655,0.8217378559608498,-44.747017148267155,30.0,0.5,[30.0 0.5],0.22445817348922176,False,True,1.744041752053005,155,59.99785047027138,545.359,in_progress,0.0,0
172,20.0,4.446556901428876,0.7868828630909855,-37.06217779933806,17.470327487550264,0.5,[17.470327487550264 0.5],0.25512035125095783,False,True,1.8861876412723966,155,59.99785047027138,545.421,in_progress,0.0,0
172,21.0,4.508544929428774,0.7684752259220721,-31.88736958905298,-12.106007359855866,1.9059690363473234,[-12.106007359855866 1.9059690363473234],0.4251720402437653,False,True,1.984692922012532,155,59.99785047027138,545.488,in_progress,0.0,0
172,22.0,4.571965744811573,0.7431484165773515,-29.322659774633443,30.0,4.0,[30.0 4.0],0.4698847404654347,False,True,2.0925009740367484,156,59.99785047027138,545.558,in_progress,0.0,0
172,23.0,4.653654775948436,0.7086640801060937,-26.282653609208786,30.0,1.396734083557294,[30.0 1.396734083557294],0.3278401200998481,False,True,2.233377706829942,156,59.99785047027138,545.625,in_progress,0.0,0
172,24.0,4.743857536629413,0.696002383939956,-20.167181846075703,-30.0,4.0,[-30.0 4.0],0.5016070973930581,False,True,2.3750336050807674,156,59.99785047027138,545.685,in_progress,0.0,0
172,25.0,4.839616332260873,0.6827632970525057,-15.807783389709467,-1.9944090423868275,2.948037936025921,[-1.9944090423868275 2.948037936025921],0.5621816901168275,False,True,2.522445624894609,157,59.99785047027138,545.751,in_progress,0.0,0
172,26.0,4.935649327414094,0.6521572070781246,-16.39331143248227,-30.0,0.5,[-30.0 0.5],0.2766906240888796,False,True,2.685447661813778,157,59.99785047027138,545.805,in_progress,0.0,0
172,27.0,5.038329460982662,0.6121330612782842,-18.70691573422349,-30.0,0.5,[-30.0 0.5],0.2906182209442008,False,True,2.8941919855020704,157,59.99785047027138,545.879,in_progress,0.0,0
172,28.0,5.117087516535892,0.5716610344503744,-21.567434813013477,30.0,3.162940597757001,[30.0 3.162940597757001],0.47434236012075265,False,True,3.0415431413284844,158,59.99785047027138,545.947,in_progress,0.0,0
172,29.0,5.19530655541441,0.5269585485809426,-24.159421282273314,5.931977499913778,4.0,[5.931977499913778 4.0],0.6854648370675979,False,True,3.223188889032591,158,59.99785047027138,546.013,in_progress,0.0,0
172,30.0,5.298711938094821,0.4807616979409934,-23.986353319620115,18.165651142143673,2.092693262739974,[18.165651142143673 2.092693262739974],0.4710379206028821,False,True,3.408233876314848,159,59.99785047027138,546.09,in_progress,0.0,0
172,31.0,5.428937870322568,0.44160627743537206,-20.55729150375881,27.938395648705864,3.621129055348346,[27.938395648705864 3.621129055348346],0.6169727736946592,False,True,3.6466468656817685,160,59.99785047027138,546.153,in_progress,0.0,0
172,32.0,5.53329929981612,0.41931567103974693,-17.0266135116225,-30.0,4.0,[-30.0 4.0],0.6661769427871533,False,True,3.8294034127606014,160,59.99785047027138,546.223,in_progress,0.0,0
172,33.0,5.670710112554433,0.3870513223844247,-14.719753693230686,30.0,4.0,[30.0 4.0],0.6888288195061986,False,True,4.039076273318631,161,59.99785047027138,546.287,in_progress,0.0,0
172,34.0,5.808991104071932,0.34575321608152476,-15.418525711733487,30.0,0.7195620567464087,[30.0 0.7195620567464087],0.38320660850677957,False,True,4.2352281762496276,162,59.99785047027138,546.36,in_progress,0.0,0
172,35.0,5.941672889313561,0.3270224329277144,-10.970808193508452,15.00908088322548,0.5,[15.00908088322548 0.5],0.37160188245626025,False,True,4.387271339507204,162,59.99785047027138,546.421,in_progress,0.0,0
172,36.0,6.062074406294443,0.31212431119978995,-9.088024144837364,30.0,0.5,[30.0 0.5],0.3418534436883519,False,True,4.518962992664887,163,59.99785047027138,546.49,in_progress,0.0,0
172,37.0,6.172252422577864,0.3106127837322339,-5.535828186313742,30.0,4.0,[30.0 4.0],0.6139348699574196,False,True,4.643615656525069,164,59.99785047027138,546.557,in_progress,0.0,0
172,38.0,6.265863395917111,0.3200797097076267,-1.51414372650154,17.103400666448216,0.5,[17.103400666448216 0.5],0.3096126647358498,False,True,4.761393503429867,164,59.99785047027138,546.612,in_progress,0.0,0
172,39.0,6.362148274852988,0.35239226930745626,7.228002271750252,-7.457851182400617,0.5503858156505277,[-7.457851182400617 0.5503858156505277],0.19226094853738296,False,False,4.806523713434574,164,59.99785047027138,546.693,in_progress,0.0,0
172,40.0,6.444348100239722,0.38076586423479203,11.272828326173615,-30.0,3.6721725847339144,[-30.0 3.6721725847339144],0.15551020353556844,False,False,4.934921319627172,165,59.99785047027138,546.761,in_progress,0.0,0
172,41.0,6.529539198163313,0.3986504480532854,11.494638755007415,30.0,4.0,[30.0 4.0],0.15528472973888358,False,False,5.001502031467108,165,59.99785047027138,546.825,in_progress,0.0,0
172,42.0,6.625191387074253,0.4196603694224808,11.896698710879361,30.0,3.1685583256051175,[30.0 3.1685583256051175],0.15306922496303987,False,False,5.001502031467108,165,59.99785047027138,546.889,in_progress,0.0,0
172,43.0,6.717087451534453,0.4636113830488436,17.151936941907298,-17.407439278168567,2.2349722115357875,[-17.407439278168567 2.2349722115357875],0.1537580848651908,False,False,5.09439437806355,165,59.99785047027138,546.956,in_progress,0.0,0
172,44.0,6.796830813402046,0.5087250273143455,22.16224549713458,30.0,0.5,[30.0 0.5],0.15558497248581876,True,False,5.224868479001376,166,59.99785047027138,547.016,off_track,0.0,0
173,1.0,6.236467625022462,0.8228690117541734,46.68154375937114,-27.68083180562992,0.5,[-27.68083180562992 0.5],0.0,False,True,0.22633493187490528,166,59.99785047027138,547.153,prepare,0.0,0
173,2.0,6.236890402542806,0.8230093200616881,46.60301747178215,-30.0,3.001924565359676,[-30.0 3.001924565359676],0.26561665418282215,False,True,0.22688281456606507,166,59.99785047027138,547.221,in_progress,0.0,0
173,3.0,6.2435460152268725,0.8279760525714217,46.32147113704589,30.0,0.6318094520785592,[30.0 0.6318094520785592],0.14111742299820948,False,True,0.23952058354176353,166,59.99785047027138,547.29,in_progress,0.0,0
173,4.0,6.253305181148937,0.8404834891867039,46.58592566364177,-23.531425684207292,4.0,[-23.531425684207292 4.0],0.21278843779336576,False,True,0.2577379333737473,166,59.99785047027138,547.357,in_progress,0.0,0
173,5.0,6.264581668519296,0.8641115252967493,48.190854332787765,30.0,3.3214492108493205,[30.0 3.3214492108493205],0.19236807093777944,False,True,0.3013140972294326,166,59.99785047027138,547.429,in_progress,0.0,0
173,6.0,6.28564933243183,0.9007697940682402,50.51067617959951,26.351152806758712,1.2117776298788243,[26.351152806758712 1.2117776298788243],0.14658826653335827,False,True,0.3711999049313519,167,59.99785047027138,547.485,in_progress,0.0,0
173,7.0,6.297936709766508,0.9493197480142299,55.17215370157817,30.0,4.0,[30.0 4.0],0.243961374325923,False,True,0.4537971992669698,167,59.99785047027138,547.562,in_progress,0.0,0
173,8.0,6.309178397334278,1.0117949865430556,61.24896462988879,-15.406391063677763,2.1237994182849746,[-15.406391063677763 2.1237994182849746],0.20115184492084343,False,True,0.5426358386120933,167,59.99785047027138,547.619,in_progress,0.0,0
173,9.0,6.321838544583032,1.075421566439379,65.91601140910926,-30.0,3.8551987279314717,[-30.0 3.8551987279314717],0.2820359474239557,False,True,0.6504414529265312,168,59.99785047027138,547.69,in_progress,0.0,0
173,10.0,6.358637666982599,1.153299930752357,65.47938376854732,-19.96128474954432,3.3912859980169965,[-19.96128474954432 3.3912859980169965],0.29196169406375627,False,True,0.7770185557166909,168,59.99785047027138,547.758,in_progress,0.0,0
173,11.0,6.419704598212882,1.233671637383093,60.653777698301106,30.0,1.481302281547424,[30.0 1.481302281547424],0.21485493347150003,False,True,0.9059581567659958,168,59.99785047027138,547.825,in_progress,0.0,0
173,12.0,6.482850046610753,1.32023242978992,56.62644504435118,30.0,4.0,[30.0 4.0],0.3396700252854312,False,True,1.0497599678372493,169,59.99785047027138,547.891,in_progress,0.0,0
173,13.0,6.535552436859882,1.4114403644180613,57.937718530822416,22.983963104910522,0.5,[22.983963104910522 0.5],0.17150338213492494,False,True,1.1024092515559913,169,59.99785047027138,547.953,in_progress,0.0,0
173,14.0,6.582717784264146,1.5124906351499758,60.6548254675702,-2.089672017151056,2.373343914346801,[-2.089672017151056 2.373343914346801],0.3211303704228766,False,True,1.2339546304950932,169,59.99785047027138,548.019,in_progress,0.0,0
173,15.0,6.623479217015785,1.6097718126912681,63.16795947212747,8.89157336216698,0.6514302514917852,[8.89157336216698 0.6514302514917852],0.21275619492334735,False,True,1.3726206124086926,170,59.99785047027138,548.09,in_progress,0.0,0
173,16.0,6.6611651879643095,1.718734592368197,66.46054130903956,26.839178197071483,0.5,[26.839178197071483 0.5],0.09044383296178615,False,False,1.5314194824206817,170,59.99785047027138,548.156,in_progress,0.0,0
173,17.0,6.687736397877406,1.807764817332501,68.81654265402587,10.629237820790031,0.5,[10.629237820790031 0.5],0.10894824918241772,False,False,1.54414841360907,170,59.99785047027138,548.225,in_progress,0.0,0
173,18.0,6.696282005723869,1.8830852809600522,73.18168630430614,-9.101569109489578,0.9838699830435179,[-9.101569109489578 0.9838699830435179],0.10881224338622283,False,False,1.6088969839208045,170,59.99785047027138,548.29,in_progress,0.0,0
173,19.0,6.70248833668835,1.9517007714742607,76.2761020136232,-15.202379969865596,2.247579751413426,[-15.202379969865596 2.247579751413426],0.08876857203179851,False,False,1.7070879236884329,170,59.99785047027138,548.345,in_progress,0.0,0
173,20.0,6.723629248333076,2.04173204015515,76.36613277283388,27.752309816522654,0.5,[27.752309816522654 0.5],0.09149435362410907,False,False,1.8264081997208081,171,59.99785047027138,548.42,in_progress,0.0,0
173,21.0,6.750808746695109,2.1098198361805816,73.64400093293871,-18.372346517104837,0.5,[-18.372346517104837 0.5],0.0922996594546235,True,False,1.9084516052647715,171,59.99785047027138,548.496,off_track,0.0,0
174,1.0,5.1330383627832195,3.476546936147783,91.91698179152279,23.21295661315316,3.72563539700835,[23.21295661315316 3.72563539700835],0.0,False,True,0.23334125751843793,179,59.99785047027138,548.619,prepare,0.0,0
174,2.0,5.132714902502463,3.4763050181710398,92.01504595431979,-30.0,3.0396943647295025,[-30.0 3.0396943647295025],0.2741980020550095,False,True,0.2329561652413159,179,59.99785047027138,548.678,in_progress,0.0,0
174,3.0,5.133400762595846,3.481345296097195,91.84962621702756,-30.0,3.9943553749971596,[-30.0 3.9943553749971596],0.24538822161970858,False,True,0.2413143518391836,179,59.99785047027138,548.753,in_progress,0.0,0
174,4.0,5.145195780817718,3.501317687186673,88.73750122723861,-1.4402848969704714,0.6667953469036989,[-1.4402848969704714 0.6667953469036989],0.1649115604796299,False,True,0.27393191574444087,179,59.99785047027138,548.821,in_progress,0.0,0
174,5.0,5.156109152054909,3.5298487263794023,86.06028935326704,-30.0,2.788548180220257,[-30.0 2.788548180220257],0.19484965895622947,False,True,0.32915939877721234,179,59.99785047027138,548.889,in_progress,0.0,0
174,6.0,5.163137920497463,3.566395363423732,84.8932601826802,-30.0,0.5930342391774868,[-30.0 0.5930342391774868],0.13614160094876523,False,True,0.3911881540851536,179,59.99785047027138,548.947,in_progress,0.0,0
174,7.0,5.183462365738176,3.609050110012982,81.24252662023905,-14.855200427901018,4.0,[-14.855200427901018 4.0],0.31415989013943457,False,True,0.46749983651701577,180,59.99785047027138,549.022,in_progress,0.0,0
174,8.0,5.204290756349055,3.656519696192516,78.11863535546749,-30.0,0.5,[-30.0 0.5],0.1526112990547051,False,True,0.560247059672192,180,59.99785047027138,549.078,in_progress,0.0,0
174,9.0,5.236179990987032,3.6970488228732115,72.81612464645389,-30.0,2.5362091449593365,[-30.0 2.5362091449593365],0.2312801876322224,False,True,0.6410227057727202,180,59.99785047027138,549.158,in_progress,0.0,0
174,10.0,5.274198226199381,3.731106901255693,66.70714057120347,-27.962735694385106,2.603936901147965,[-27.962735694385106 2.603936901147965],0.239954139674929,False,True,0.7147445526843432,181,59.99785047027138,549.216,in_progress,0.0,0
174,11.0,5.3322758394300385,3.7725067639663754,58.30966470612088,-0.8631635205292483,4.0,[-0.8631635205292483 4.0],0.3640326808373965,False,True,0.8413698324439056,181,59.99785047027138,549.287,in_progress,0.0,0
174,12.0,5.388796384720385,3.8078769535383477,51.293812655887095,-26.18981459141997,2.4799745135697497,[-26.18981459141997 2.4799745135697497],0.2453977436732503,False,True,0.9363108112251717,181,59.99785047027138,549.36,in_progress,0.0,0
174,13.0,5.473626639501676,3.855838195887591,43.356385695970786,-4.276982633849052,1.3031593922638942,[-4.276982633849052 1.3031593922638942],0.28404838493761764,False,True,1.126776081903147,182,59.99785047027138,549.427,in_progress,0.0,0
174,14.0,5.55761235015786,3.907235488992869,38.660900909486,-30.0,4.0,[-30.0 4.0],0.3339689305632615,False,True,1.2779423363390108,183,59.99785047027138,549.492,in_progress,0.0,0
174,15.0,5.64257548228296,3.9611333599716714,36.199965616240284,-30.0,1.3421644799908818,[-30.0 1.3421644799908818],0.2563712820125256,False,True,1.5480693988772276,184,59.99785047027138,549.562,in_progress,0.0,0
174,16.0,5.739277192026249,4.001117097014709,30.906818967042664,-29.74649926986049,4.0,[-29.74649926986049 4.0],0.4194065687746106,False,True,1.7753764116455129,185,59.99785047027138,549.627,in_progress,0.0,0
174,17.0,5.8377190998711646,4.035068412700143,26.259617277123596,3.3943258533383585,4.0,[3.3943258533383585 4.0],0.5896148449899801,False,True,2.0891864586259135,186,59.99785047027138,549.688,in_progress,0.0,0
174,18.0,5.9441376322694035,4.06483502929193,21.804470152704063,-18.4197392662184,1.595145197046659,[-18.4197392662184 1.595145197046659],0.35276897575401783,False,True,2.3306094598618654,187,59.99785047027138,549.767,in_progress,0.0,0
174,19.0,6.071804054917938,4.1018412066695555,18.972464025252446,16.29881842916069,3.1674838470436613,[16.29881842916069 3.1674838470436613],0.5447751316423027,False,True,2.6575688110983764,188,59.99785047027138,549.831,in_progress,0.0,0
174,20.0,6.196889866824596,4.139598005528179,18.14172293086284,-24.731315792307004,3.673218553805453,[-24.731315792307004 3.673218553805453],0.6084834202856342,False,True,2.8781408689831034,188,59.99785047027138,549.884,in_progress,0.0,0
174,21.0,6.285687540213788,4.1701875664150165,18.24471393085652,-30.0,3.7782352993884922,[-30.0 3.7782352993884922],0.6233345453986959,False,True,3.012718004057946,189,59.99785047027138,549.959,in_progress,0.0,0
174,22.0,6.456675606047675,4.201119987511111,13.453695650583537,-30.0,1.1951992233220992,[-30.0 1.1951992233220992],0.4796894384172385,False,True,3.2894422361297804,189,59.99785047027138,550.022,in_progress,0.0,0
174,23.0,6.571727805577447,4.206429121731331,8.048958613231665,-30.0,2.703584719100882,[-30.0 2.703584719100882],0.6322519366561354,False,True,3.4674815742208653,190,59.99785047027138,550.088,in_progress,0.0,0
174,24.0,6.7125389484822815,4.206321634654638,3.8753738570155347,-30.0,3.383281448299774,[-30.0 3.383281448299774],0.7194089956116875,False,True,3.6908170078146174,190,59.99785047027138,550.159,in_progress,0.0,0
174,25.0,6.868386619555727,4.1881753792766006,-2.06182011686538,-8.061284602141825,1.5137386928495375,[-8.061284602141825 1.5137386928495375],0.6980744649388576,False,True,3.946961310241015,191,59.99785047027138,550.225,in_progress,0.0,0
174,26.0,7.012235694989493,4.153815799627278,-9.591491163146355,30.0,2.978477068815713,[30.0 2.978477068815713],0.6710581476307496,False,True,4.1998546590664265,191,59.99785047027138,550.292,in_progress,0.0,0
174,27.0,7.156556547999799,4.117762328281283,-15.260788996926065,-3.190416881659946,0.5,[-3.190416881659946 0.5],0.5582616756305949,False,True,4.447667354575802,192,59.99785047027138,550.354,in_progress,0.0,0
174,28.0,7.289528940105001,4.094298671228827,-15.747208419241575,-12.68582613724979,0.5744214525129727,[-12.68582613724979 0.5744214525129727],0.5815868137470316,False,True,4.671558415704702,192,59.99785047027138,550.407,in_progress,0.0,0
174,29.0,7.411136730874584,4.067914399449724,-14.608308110236633,-10.090632395460098,2.6479444149308327,[-10.090632395460098 2.6479444149308327],0.8609034523867488,False,True,4.871443084823279,192,59.99785047027138,550.489,in_progress,0.0,0
174,30.0,7.527827846608607,4.036408196876476,-14.820522253647173,27.097212722616163,0.5,[27.097212722616163 0.5],0.47465675627997767,False,True,5.072692606846385,193,59.99785047027138,550.561,in_progress,0.0,0
174,31.0,7.671562975810021,3.9961122051932216,-15.074280784194617,7.420957089049708,1.245082878954571,[7.420957089049708 1.245082878954571],0.7095031531595862,False,True,5.317745494726067,193,59.99785047027138,550.621,in_progress,0.0,0
174,32.0,7.765796047336078,3.977382781824214,-13.679163155110448,30.0,0.5,[30.0 0.5],0.49124845193351097,False,True,5.476571370496219,194,59.99785047027138,550.691,in_progress,0.0,0
174,33.0,7.869763597819406,3.9642817356841276,-11.151909732555874,-30.0,0.5,[-30.0 0.5],0.4947320911930292,False,True,5.626092414396611,194,59.99785047027138,550.748,in_progress,0.0,0
174,34.0,7.959731537178048,3.95160936261004,-10.16275379845352,-30.0,0.5,[-30.0 0.5],0.4980052711873505,False,True,5.772539987268511,194,59.99785047027138,550.82,in_progress,0.0,0
174,35.0,8.028678661269003,3.927991187798584,-12.766173814702036,-30.0,2.2487430221968863,[-30.0 2.2487430221968863],0.6931932575789792,False,True,5.893737221912443,195,59.99785047027138,550.889,in_progress,0.0,0
174,36.0,8.09215146217524,3.8929107514984223,-17.31688267609611,-30.0,0.5,[-30.0 0.5],0.5004386952093579,False,True,6.013911371836123,195,59.99785047027138,550.959,in_progress,0.0,0
174,37.0,8.142610266642802,3.8421157775541297,-26.108799661265245,8.248965496016588,2.433307919602437,[8.248965496016588 2.433307919602437],0.8897954378474211,False,True,6.086632641804323,195,59.99785047027138,551.03,in_progress,0.0,0
174,38.0,8.18931328300706,3.7888637381431187,-32.58407035426356,-30.0,0.5,[-30.0 0.5],0.4987907723257178,False,True,6.198527903866102,195,59.99785047027138,551.091,in_progress,0.0,0
174,39.0,8.235567179501462,3.744232553281466,-35.74631430938024,-30.0,4.0,[-30.0 4.0],0.8874000575899509,False,True,6.302557227201355,196,59.99785047027138,551.165,in_progress,0.0,0
174,40.0,8.283530604243062,3.6823885547677113,-40.77795244411176,-0.3066190391144801,3.5633277238267382,[-0.3066190391144801 3.5633277238267382],1.0514237352069435,False,True,6.416726048539701,196,59.99785047027138,551.223,in_progress,0.0,0
174,41.0,8.334252798512745,3.613203809989257,-45.00505479456903,-30.0,3.3722525153071636,[-30.0 3.3722525153071636],0.8209862377654341,False,True,6.521457739170023,196,59.99785047027138,551.287,in_progress,0.0,0
174,42.0,8.387405225041451,3.5453477901808585,-47.470339442723585,-26.64238580061523,4.0,[-26.64238580061523 4.0],0.9788985566914543,False,True,6.663601497234762,197,59.99785047027138,551.359,in_progress,0.0,0
174,43.0,8.442894200849132,3.4358525360319194,-54.443521241333066,-19.871602749958697,4.0,[-19.871602749958697 4.0],0.9919941079293312,False,True,6.847348887564408,198,59.99785047027138,551.422,in_progress,0.0,0
174,44.0,8.480161309195406,3.3187230884106884,-62.685980541038845,-30.0,2.298571296367073,[-30.0 2.298571296367073],0.791454161133893,False,True,7.032992950591998,198,59.99785047027138,551.49,in_progress,0.0,0
174,45.0,8.502306291416241,3.1976854699386124,-71.33345597028082,-30.0,1.2294948981614762,[-30.0 1.2294948981614762],0.6670547471538949,False,True,7.233219180578554,199,59.99785047027138,551.555,in_progress,0.0,0
174,46.0,8.511657110837097,3.0722848781339733,-80.95764984436086,30.0,1.5653651205498922,[30.0 1.5653651205498922],0.7219457005407394,False,True,7.44977420138353,200,59.99785047027138,551.629,in_progress,0.0,0
174,47.0,8.524906904135158,2.9625494422681737,-85.76371746007517,-30.0,0.9951190314089843,[-30.0 0.9951190314089843],0.6562876584710258,False,True,7.6387087021365545,201,59.99785047027138,551.681,in_progress,0.0,0
174,48.0,8.544676288328006,2.869318760117855,-85.99139171708059,30.0,2.843226778595176,[30.0 2.843226778595176],0.9064329758095877,False,True,7.793456717686842,202,59.99785047027138,551.753,in_progress,0.0,0
174,49.0,8.565082297264894,2.7729882963213006,-83.70460276381976,-30.0,0.5,[-30.0 0.5],0.6006975254541005,False,True,7.945734463678578,203,59.99785047027138,551.82,in_progress,0.0,0
174,50.0,8.593654859471254,2.6768253659146115,-79.0979035723886,-30.0,2.2117799699364658,[-30.0 2.2117799699364658],0.8335602747404155,False,True,8.078024650888471,203,59.99785047027138,551.889,in_progress,0.0,0
174,51.0,8.613950836541052,2.5756972818664963,-78.87697515272349,-30.0,0.5,[-30.0 0.5],0.5577770840427368,False,True,8.22960173936622,204,59.99785047027138,551.968,in_progress,0.0,0
174,52.0,8.620355437272574,2.472177860540901,-81.78150279832224,-30.0,1.8582710522530532,[-30.0 1.8582710522530532],0.7307594781248131,False,True,8.370737736978484,204,59.99785047027138,552.029,in_progress,0.0,0
174,53.0,8.610999478281904,2.3855994002680427,-86.62352585448504,-30.0,3.1362066815362946,[-30.0 3.1362066815362946],0.8957579207815425,False,True,8.511101031042568,205,59.99785047027138,552.093,in_progress,0.0,0
174,54.0,8.588035617239335,2.2857051279025593,-92.98688740992748,-30.0,0.5,[-30.0 0.5],0.5710729647335835,False,True,8.692130361241757,205,59.99785047027138,552.148,in_progress,0.0,0
174,55.0,8.551540584985759,2.205145804382939,-101.88834464751389,-30.0,4.0,[-30.0 4.0],1.022280600262971,False,True,8.838888589230232,206,59.99785047027138,552.223,in_progress,0.0,0
174,56.0,8.499670647322302,2.10972038345675,-110.61628755654739,0.9875838274280326,0.5,[0.9875838274280326 0.5],0.7281527619608505,False,True,9.040204183455792,206,59.99785047027138,552.289,in_progress,0.0,0
174,57.0,8.44439959061557,2.0289789441551727,-118.60709042662064,-11.540807672661742,0.5,[-11.540807672661742 0.5],0.7359238796078456,False,True,9.222402639713723,207,59.99785047027138,552.356,in_progress,0.0,0
174,58.0,8.394998370895369,1.9590423169902138,-124.8129126941987,-30.0,4.0,[-30.0 4.0],1.0514438248118587,False,True,9.349407050865032,208,59.99785047027138,552.427,in_progress,0.0,0
174,59.0,8.335593326618932,1.8970972941522748,-130.62852523329116,-8.71569326795224,3.4394679466009186,[-8.71569326795224 3.4394679466009186],1.340053862272897,False,True,9.48040251697927,208,59.99785047027138,552.494,in_progress,0.0,0
174,60.0,8.259206774778734,1.8334004334916532,-135.49881866871795,25.053208041164048,1.3794659149914374,[25.053208041164048 1.3794659149914374],0.7768909853211358,False,True,9.583866187387823,209,59.99785047027138,552.554,in_progress,0.0,0
174,61.0,8.18060050410352,1.771681026186275,-138.8367683508565,30.0,0.5,[30.0 0.5],0.5947126578692915,False,True,9.64886816033288,209,59.99785047027138,552.627,in_progress,0.0,0
174,62.0,8.113900853555538,1.7011089107376534,-137.09718377383567,30.0,3.0417461656786258,[30.0 3.0417461656786258],0.9316912401843377,False,True,9.740021456117788,210,59.99785047027138,552.693,in_progress,0.0,0
174,63.0,8.052564796137718,1.620398148837073,-133.3658452641248,14.32628590479235,0.5,[14.32628590479235 0.5],0.6769050393174376,False,True,9.823565196443539,210,59.99785047027138,552.761,in_progress,0.0,0
174,64.0,8.006153438671983,1.5322065558990723,-126.8341518665593,-30.0,0.5,[-30.0 0.5],0.5420935297638174,False,True,9.911696043501584,210,59.99785047027138,552.814,in_progress,0.0,0
174,65.0,7.971866818049114,1.4691971132071924,-123.93380097665887,-30.0,3.243812657635407,[-30.0 3.243812657635407],0.4820583168109785,False,True,9.992414858519027,211,59.99785047027138,552.887,in_progress,0.0,0
174,66.0,7.928579926784141,1.4084194171987714,-124.39516563659295,-30.0,4.0,[-30.0 4.0],0.4794454252559069,False,True,10.013355203287333,211,59.99785047027138,552.955,in_progress,0.0,0
174,67.0,7.86031593452246,1.352168998761486,-129.97919425044657,-5.430613914118645,0.5,[-5.430613914118645 0.5],0.2974555516270649,False,False,10.013355203287333,211,59.99785047027138,553.027,in_progress,0.0,0
174,68.0,7.780249548282812,1.2972061328869287,-136.87681623557327,-13.886433157416146,0.5,[-13.886433157416146 0.5],0.29532141795202493,False,False,10.013355203287333,211,59.99785047027138,553.095,in_progress,0.0,0
174,69.0,7.720175475598657,1.2572359497629695,-139.57073801575234,-30.0,0.5,[-30.0 0.5],0.2345986076198747,True,False,10.013355203287333,211,59.99785047027138,553.156,off_track,0.0,0
175,1.0,7.577799866065232,3.876021680413438,-17.701659301623845,-9.065813089325815,2.2733056188079135,[-9.065813089325815 2.2733056188079135],0.0,False,True,0.23333522432161802,193,59.99785047027138,553.283,prepare,0.0,0
175,2.0,7.577795601621496,3.8760086585374807,-17.707028416755353,-24.237441004273684,1.9868247358518947,[-24.237441004273684 1.9868247358518947],0.2335680551900623,False,True,0.23333539743725096,193,59.99785047027138,553.362,in_progress,0.0,0
175,3.0,7.584798423695939,3.8707044884540007,-18.394240531823016,30.0,1.1240031622470763,[30.0 1.1240031622470763],0.16112789198220043,False,True,0.2472146621385729,193,59.99785047027138,553.418,in_progress,0.0,0
175,4.0,7.60270115201272,3.860841660255747,-19.581295514710394,30.0,0.5,[30.0 0.5],0.13037325999467309,False,True,0.2807348406431376,193,59.99785047027138,553.49,in_progress,0.0,0
175,5.0,7.634006552545852,3.867793298864734,-15.527210963751514,-1.3584322657999834,2.1670320443972138,[-1.3584322657999834 2.1670320443972138],0.21948034104730713,False,True,0.3265073208684077,193,59.99785047027138,553.562,in_progress,0.0,0
175,6.0,7.6822792831809,3.8708665183972624,-11.9572748140272,9.990243208598486,4.0,[9.990243208598486 4.0],0.3039541227407648,False,True,0.40114608958999876,194,59.99785047027138,553.629,in_progress,0.0,0
175,7.0,7.738820709637382,3.866787392814725,-10.009334904659926,-30.0,3.216650049515434,[-30.0 3.216650049515434],0.23891257749268113,False,True,0.49264501735371,194,59.99785047027138,553.686,in_progress,0.0,0
175,8.0,7.807631105536212,3.8519675001430835,-10.616601183971804,-0.2764223503345207,1.5825374876568528,[-0.2764223503345207 1.5825374876568528],0.25551658710047664,False,True,0.6048989733838495,194,59.99785047027138,553.759,in_progress,0.0,0
175,9.0,7.875989554608012,3.8305755831529886,-12.744839223250482,-30.0,2.0485280750429675,[-30.0 2.0485280750429675],0.24101812531895317,False,True,0.7218732114725124,194,59.99785047027138,553.831,in_progress,0.0,0
175,10.0,7.952295047648807,3.8013324508804254,-15.403957883719594,28.328573263371275,2.035177292036654,[28.328573263371275 2.035177292036654],0.2632420395642927,False,True,0.8580068137779895,195,59.99785047027138,553.887,in_progress,0.0,0
175,11.0,8.02675909279877,3.770385687656702,-17.61034184820935,-12.177433675352972,3.199198712494001,[-12.177433675352972 3.199198712494001],0.4215282865122092,False,True,0.9924086713457902,195,59.99785047027138,553.963,in_progress,0.0,0
175,12.0,8.130217822705806,3.7328001896373992,-18.876736954260974,-30.0,3.0005807456197497,[-30.0 3.0005807456197497],0.3584047121294249,False,True,1.1603095089616322,195,59.99785047027138,554.026,in_progress,0.0,0
175,13.0,8.219187857425265,3.6792510363206055,-23.86875386884446,-30.0,0.5,[-30.0 0.5],0.2489202421854404,False,True,1.3333652397444773,196,59.99785047027138,554.096,in_progress,0.0,0
175,14.0,8.312865034495411,3.607448562746868,-30.433954536165643,17.54084905442911,3.815025514814859,[17.54084905442911 3.815025514814859],0.46021278903800555,False,True,1.5022500114786896,196,59.99785047027138,554.155,in_progress,0.0,0
175,15.0,8.393164500520163,3.544154402049053,-33.198691025026804,-30.0,0.5,[-30.0 0.5],0.27988039690900157,False,True,1.6719259074611803,197,59.99785047027138,554.222,in_progress,0.0,0
175,16.0,8.47140739662429,3.486787133852609,-35.465932724658906,-30.0,2.6535282623842122,[-30.0 2.6535282623842122],0.3916120411228269,False,True,1.8119931432410752,197,59.99785047027138,554.295,in_progress,0.0,0
175,17.0,8.566483326042007,3.401941342031845,-38.730884712690724,-30.0,0.5,[-30.0 0.5],0.275128324606322,False,True,1.969422509708818,198,59.99785047027138,554.358,in_progress,0.0,0
175,18.0,8.629900038153698,3.317548442824145,-45.89586285559757,-30.0,0.5,[-30.0 0.5],0.28681294990082956,False,True,2.1418252753668043,199,59.99785047027138,554.425,in_progress,0.0,0
175,19.0,8.673479726890898,3.2424675925492084,-53.035948233033636,-30.0,3.7681444602153418,[-30.0 3.7681444602153418],0.5012192482306033,False,True,2.256027630444679,199,59.99785047027138,554.488,in_progress,0.0,0
175,20.0,8.709728325050788,3.170387715761945,-57.10360545095728,24.586901503441922,4.0,[24.586901503441922 4.0],0.5205534042641166,False,True,2.3616534500402797,200,59.99785047027138,554.546,in_progress,0.0,0
175,21.0,8.757447801306485,3.0813618654153054,-58.6895424975053,30.0,4.0,[30.0 4.0],0.5268783241117722,False,True,2.4759319742094554,201,59.99785047027138,554.619,in_progress,0.0,0
175,22.0,8.823319668767265,2.998930617576998,-55.807447653926694,21.903206707959797,4.0,[21.903206707959797 4.0],0.48131611955165776,False,True,2.5720889288308846,201,59.99785047027138,554.694,in_progress,0.0,0
175,23.0,8.906742971085794,2.9146263279265625,-51.13767732411323,30.0,0.5,[30.0 0.5],0.2765135656404703,False,True,2.710917310200689,202,59.99785047027138,554.744,in_progress,0.0,0
175,24.0,8.99560766393074,2.842518235070223,-45.893755563800525,-30.0,1.1085740783729046,[-30.0 1.1085740783729046],0.12077102663308917,False,False,2.7447960598429355,202,59.99785047027138,554.815,in_progress,0.0,0
175,25.0,9.07669159074617,2.777059175742931,-43.22176651882156,-30.0,0.964753057537681,[-30.0 0.964753057537681],0.11940696094435142,False,False,2.7918893745981443,202,59.99785047027138,554.89,in_progress,0.0,0
175,26.0,9.14821254007871,2.7155012067975566,-42.291291356639185,-30.0,0.5,[-30.0 0.5],0.1195760132144259,False,False,2.8723775416276687,202,59.99785047027138,554.953,in_progress,0.0,0
175,27.0,9.205088008597938,2.665367074373598,-41.94774857988205,-30.0,0.5,[-30.0 0.5],0.11921198982013972,False,False,2.9383236927499223,203,59.99785047027138,555.024,in_progress,0.0,0
175,28.0,9.250875701367516,2.6166900747678485,-43.33035257132919,-4.333091018551578,0.5,[-4.333091018551578 0.5],0.14869900432155816,True,False,3.0050669862893287,203,59.99785047027138,555.085,off_track,0.0,0
176,1.0,8.390328768002153,1.460282944733538,-71.01799381466645,0.14059387422744507,0.5,[0.14059387422744507 0.5],0.0,False,True,0.2199995144377187,212,59.99785047027138,555.226,prepare,0.0,0
176,2.0,8.390334011733627,1.4602845318173538,-71.01687437369003,-30.0,2.210047819150099,[-30.0 2.210047819150099],0.2284336645875584,False,True,0.22000314508817675,212,59.99785047027138,555.291,in_progress,0.0,0
176,3.0,8.3908876353705,1.4540564880634748,-71.30666217776157,30.0,2.6375601216119837,[30.0 2.6375601216119837],0.19293908382643954,False,True,0.2285202196225633,212,59.99785047027138,555.358,in_progress,0.0,0
176,4.0,8.394379656756245,1.434339456830115,-71.83785937323243,30.0,3.973812006752479,[30.0 3.973812006752479],0.21177902460400563,False,True,0.25735775181260356,212,59.99785047027138,555.428,in_progress,0.0,0
176,5.0,8.414872430013888,1.4051047577622962,-69.38919198316854,30.0,3.6848871667043186,[30.0 3.6848871667043186],0.21217037199472677,False,True,0.3166144687681727,212,59.99785047027138,555.486,in_progress,0.0,0
176,6.0,8.448786740242204,1.3675103868363334,-65.08784215229853,-7.974990487050555,1.8709448824341903,[-7.974990487050555 1.8709448824341903],0.22295975126314035,False,True,0.4009617821798095,213,59.99785047027138,555.561,in_progress,0.0,0
176,7.0,8.485136305020886,1.3208059489804238,-62.02852614283691,27.340195064423632,0.5,[27.340195064423632 0.5],0.14867153203958658,False,True,0.491638664152072,213,59.99785047027138,555.615,in_progress,0.0,0
176,8.0,8.511678729968926,1.2778921261015308,-61.368578276504195,-30.0,3.225645718259499,[-30.0 3.225645718259499],0.2507481680677749,False,True,0.5732796366299309,213,59.99785047027138,555.691,in_progress,0.0,0
176,9.0,8.546801772403501,1.2196858470369762,-61.20678789517472,-27.398358221944832,0.5,[-27.398358221944832 0.5],0.16964917537830004,False,True,0.6829676947596619,214,59.99785047027138,555.757,in_progress,0.0,0
176,10.0,8.564577670051861,1.1645244748539523,-63.0087207921063,-30.0,3.1829150632957277,[-30.0 3.1829150632957277],0.2538083481398084,False,True,0.758261935156801,214,59.99785047027138,555.828,in_progress,0.0,0
176,11.0,8.580897890715573,1.101271483726538,-66.19094982608533,4.2529708351727535,0.5,[4.2529708351727535 0.5],0.2064007845738607,False,True,0.848077183662499,214,59.99785047027138,555.892,in_progress,0.0,0
176,12.0,8.590454081043127,1.0417823757356734,-71.07932191459402,20.656136438296762,4.0,[20.656136438296762 4.0],0.2993900483832664,False,True,0.9252735424549408,215,59.99785047027138,555.955,in_progress,0.0,0
176,13.0,8.604177338449498,0.9879822378102433,-72.43662880014155,-7.486756829919308,2.4012960641089354,[-7.486756829919308 2.4012960641089354],0.30473686269813904,False,True,1.0014679472576837,215,59.99785047027138,556.033,in_progress,0.0,0
176,14.0,8.625960126486024,0.9064790058783441,-73.387266644275,-5.180089626234675,0.5925697783436013,[-5.180089626234675 0.5925697783436013],0.21818112008985593,False,True,1.1634469070970765,215,59.99785047027138,556.095,in_progress,0.0,0
176,15.0,8.63450502755413,0.8407957100439032,-76.1700874988116,-10.301260913272458,0.5,[-10.301260913272458 0.5],0.21855410192681818,False,True,1.2533568569279896,215,59.99785047027138,556.157,in_progress,0.0,0
176,16.0,8.638618775645249,0.7852119968658071,-78.26542770990989,30.0,0.5,[30.0 0.5],0.17618956857517923,False,True,1.3259064478875815,216,59.99785047027138,556.224,in_progress,0.0,0
176,17.0,8.643876527931397,0.7276077594480725,-79.73539434119964,30.0,1.8346996381413687,[30.0 1.8346996381413687],0.15829519574344586,False,True,1.4022212221368235,216,59.99785047027138,556.29,in_progress,0.0,0
176,18.0,8.66489509841502,0.6687548383350342,-77.39258972619719,27.232270952265125,4.0,[27.232270952265125 4.0],0.17395599535887962,False,True,1.6075699960207745,216,59.99785047027138,556.352,in_progress,0.0,0
176,19.0,8.70395144036337,0.6081254263234059,-71.65576732609638,-6.69673241240945,1.897057737636684,[-6.69673241240945 1.897057737636684],0.2246104519476796,False,True,1.727772707289843,217,59.99785047027138,556.406,in_progress,0.0,0
176,20.0,8.74603908559896,0.5442948033745963,-66.81909404604833,1.358887476796994,0.5,[1.358887476796994 0.5],0.2496888360305784,False,True,1.9937131394076602,217,59.99785047027138,556.481,in_progress,0.0,0
176,21.0,8.790143343897125,0.45583825617908813,-65.49894344278778,18.528280764378167,3.4460121218368536,[18.528280764378167 3.4460121218368536],0.38848343037529465,False,True,2.157544736802941,218,59.99785047027138,556.547,in_progress,0.0,0
176,22.0,8.817802928238947,0.39885668469049246,-65.03629065434853,-23.65069630874052,4.0,[-23.65069630874052 4.0],0.45013599579965224,False,True,2.405466520304833,218,59.99785047027138,556.615,in_progress,0.0,0
176,23.0,8.864819036985729,0.31454661808460394,-63.690911728950965,-30.0,0.5,[-30.0 0.5],0.2605043085427507,False,True,2.553963809242654,219,59.99785047027138,556.691,in_progress,0.0,0
176,24.0,8.897220972946672,0.22857254367824584,-64.74620138809078,-30.0,3.4178254921204436,[-30.0 3.4178254921204436],0.4550163204680673,False,True,2.788224128923733,219,59.99785047027138,556.749,in_progress,0.0,0
176,25.0,8.921939614638276,0.15344998186102643,-66.80683330982569,-30.0,1.8799482820729938,[-30.0 1.8799482820729938],0.365951850079971,False,True,2.910375309061475,219,59.99785047027138,556.82,in_progress,0.0,0
176,26.0,8.932117525091542,0.05395852903175888,-73.25685932417053,-30.0,2.032074934782929,[-30.0 2.032074934782929],0.38604639928487533,False,True,3.074682150574226,220,59.99785047027138,556.892,in_progress,0.0,0
176,27.0,8.927718622712813,-0.04528684039889236,-80.38418663675566,5.568695037730301,3.2231111169455953,[5.568695037730301 3.2231111169455953],0.6583519349958378,False,True,3.2676897657694215,220,59.99785047027138,556.951,in_progress,0.0,0
176,28.0,8.920988669228308,-0.14843154020951682,-85.34503755277224,-15.83705228407607,0.5,[-15.83705228407607 0.5],0.33698791652547677,False,True,3.4394993767778215,221,59.99785047027138,557.028,in_progress,0.0,0
176,29.0,8.911540116491567,-0.2696697486123545,-90.13602720651194,-30.0,0.5,[-30.0 0.5],0.3485205345696303,False,True,3.6418028690661464,221,59.99785047027138,557.09,in_progress,0.0,0
176,30.0,8.895141257312034,-0.35422068263510054,-93.65975279248129,-7.782515328417254,1.9737420967596464,[-7.782515328417254 1.9737420967596464],0.5918450374969021,False,True,3.8117369418772973,221,59.99785047027138,557.155,in_progress,0.0,0
176,31.0,8.8778022947444,-0.4492929131447699,-96.01680376053424,-22.098220611859148,4.0,[-22.098220611859148 4.0],0.6467591642395886,False,True,3.972722139063811,222,59.99785047027138,557.225,in_progress,0.0,0
176,32.0,8.852288284113339,-0.5593703306428139,-99.11434127173013,-0.9707675194472927,0.5,[-0.9707675194472927 0.5],0.46655611025683497,False,True,4.161035542981805,222,59.99785047027138,557.296,in_progress,0.0,0
176,33.0,8.822798770668223,-0.666010404694135,-103.25755124322906,-30.0,0.5,[-30.0 0.5],0.384043943670034,False,True,4.367347008087885,222,59.99785047027138,557.366,in_progress,0.0,0
176,34.0,8.80762944273699,-0.7591419318484939,-102.25063192604604,30.0,4.0,[30.0 4.0],0.6937893968673526,False,True,4.5235895846418295,223,59.99785047027138,557.426,in_progress,0.0,0
176,35.0,8.797210184508451,-0.8406811436808932,-99.74251158186817,-12.11061934782779,4.0,[-12.11061934782779 4.0],0.8786929947668396,False,True,4.668380727804933,223,59.99785047027138,557.488,in_progress,0.0,0
176,36.0,8.79486372499761,-0.9423649019783783,-96.41442353256296,15.997751686526996,4.0,[15.997751686526996 4.0],0.7147011886545763,False,True,4.831179476070469,224,59.99785047027138,557.554,in_progress,0.0,0
176,37.0,8.78547131261212,-1.0615928332791735,-95.62911961091793,-29.31751847848131,4.0,[-29.31751847848131 4.0],0.734424649777946,False,True,5.049966830407127,224,59.99785047027138,557.625,in_progress,0.0,0
176,38.0,8.780308948557872,-1.1790571428150318,-94.46095355871127,-30.0,4.0,[-30.0 4.0],0.8174635012312916,False,True,5.238084343457605,225,59.99785047027138,557.684,in_progress,0.0,0
176,39.0,8.753266442436093,-1.3124498466967827,-97.91999845115267,-11.161217691989922,1.1107303528414667,[-11.161217691989922 1.1107303528414667],0.6693360166685931,False,True,5.456950136103145,226,59.99785047027138,557.752,in_progress,0.0,0
176,40.0,8.703713224255276,-1.4452952710761648,-105.46073481013107,-30.0,4.0,[-30.0 4.0],0.8616646637282992,False,True,5.696634934994238,227,59.99785047027138,557.813,in_progress,0.0,0
176,41.0,8.655840154130571,-1.5546306351406272,-110.53394370549368,-30.0,1.3307894427084515,[-30.0 1.3307894427084515],0.58482376024416,False,True,5.889167795396688,227,59.99785047027138,557.892,in_progress,0.0,0
176,42.0,8.587650501731575,-1.6813993840689858,-116.84446330381192,-14.294381196956824,4.0,[-14.294381196956824 4.0],1.1233069097785642,False,True,6.117299534001807,228,59.99785047027138,557.947,in_progress,0.0,0
176,43.0,8.530917306603556,-1.7709706518929371,-119.8767323365676,-30.0,0.8511697283017937,[-30.0 0.8511697283017937],0.552558783270091,False,True,6.289778739076035,229,59.99785047027138,558.021,in_progress,0.0,0
176,44.0,8.4523333786265,-1.8740024964051152,-123.19874799087452,-30.0,1.32464947465767,[-30.0 1.32464947465767],0.5656920913275669,False,True,6.486853798928649,230,59.99785047027138,558.082,in_progress,0.0,0
176,45.0,8.379958309226652,-1.9603230393686077,-125.91709795105889,-30.0,0.5,[-30.0 0.5],0.48281505175765593,False,True,6.637228014121144,230,59.99785047027138,558.159,in_progress,0.0,0
176,46.0,8.303392436346803,-2.03392750548453,-130.2649594226897,-4.171995039167221,0.5,[-4.171995039167221 0.5],0.6113674132167572,False,True,6.809270042640502,231,59.99785047027138,558.228,in_progress,0.0,0
176,47.0,8.235580799635276,-2.0822281571012913,-134.81461253144494,-30.0,1.1302469308184573,[-30.0 1.1302469308184573],0.5606219463757823,False,True,6.930936813996635,231,59.99785047027138,558.282,in_progress,0.0,0
176,48.0,8.183075992312583,-2.112736745455502,-138.45950179573285,-30.0,1.17823999807274,[-30.0 1.17823999807274],0.5673043533503491,False,True,7.031983866507674,232,59.99785047027138,558.366,in_progress,0.0,0
176,49.0,8.104148644942791,-2.1450598289484097,-144.65748226659085,-30.0,0.5502844356891021,[-30.0 0.5502844356891021],0.499687629581838,False,True,7.130817673649769,232,59.99785047027138,558.425,in_progress,0.0,0
176,50.0,8.038198658514613,-2.157880328117502,-151.59767878245813,-30.0,3.288219605904761,[-30.0 3.288219605904761],0.803714894693675,False,True,7.241913891296514,232,59.99785047027138,558.49,in_progress,0.0,0
176,51.0,7.953047355041088,-2.1612385800802825,-160.13974968464692,-30.0,0.5,[-30.0 0.5],0.5000911984186945,False,True,7.378487776010701,233,59.99785047027138,558.561,in_progress,0.0,0
176,52.0,7.881983895129873,-2.1493044378067143,-168.6219159594366,-6.693108330320104,1.4891458822029813,[-6.693108330320104 1.4891458822029813],0.7643681453701496,False,True,7.475608239160502,233,59.99785047027138,558.629,in_progress,0.0,0
176,53.0,7.81011439336404,-2.1404186055108747,-173.81748042270536,-30.0,2.191101376342703,[-30.0 2.191101376342703],0.7557529726993505,False,True,7.587276239560414,234,59.99785047027138,558.697,in_progress,0.0,0
176,54.0,7.721866019483825,-2.126721010667559,-179.06988392650422,-30.0,1.5530854905889215,[-30.0 1.5530854905889215],0.6822275980045494,False,True,7.713535944087624,234,59.99785047027138,558.761,in_progress,0.0,0
176,55.0,7.633216397719964,-2.0959049166442827,173.86534475620587,28.08295301576924,2.9746774040202437,[28.08295301576924 2.9746774040202437],0.8637866053387265,False,True,7.852560780157047,235,59.99785047027138,558.814,in_progress,0.0,0
176,56.0,7.547561634454021,-2.0654040255061497,169.09417770491245,-7.381779070681837,2.0877746544101132,[-7.381779070681837 2.0877746544101132],0.9493956452031009,False,True,7.986718149160154,235,59.99785047027138,558.885,in_progress,0.0,0
176,57.0,7.452087165971513,-2.037624411417641,166.91780484484306,30.0,0.5,[30.0 0.5],0.5669525073004391,False,True,8.141029269019972,235,59.99785047027138,558.958,in_progress,0.0,0
176,58.0,7.337407489908942,-2.007298962831473,166.13692717775518,-30.0,1.3538482520340733,[-30.0 1.3538482520340733],0.6265619510539655,False,True,8.325032569599177,236,59.99785047027138,559.034,in_progress,0.0,0
176,59.0,7.224430285844178,-1.9769444242568233,165.51289904420125,3.8089967429471514,0.6455619135703905,[3.8089967429471514 0.6455619135703905],0.6895452789025495,False,True,8.522352565436863,236,59.99785047027138,559.089,in_progress,0.0,0
176,60.0,7.141840126435552,-1.9450534225562486,162.9784690626587,30.0,3.5809467725911666,[30.0 3.5809467725911666],0.9065115868280031,False,True,8.656818105849851,236,59.99785047027138,559.15,in_progress,0.0,0
176,61.0,7.06115900517244,-1.9171543363950925,162.37196342853292,30.0,3.373076498787421,[30.0 3.373076498787421],0.8875253326358785,False,True,8.788479055431031,237,59.99785047027138,559.212,in_progress,0.0,0
176,62.0,6.95094745146655,-1.8996714309465508,165.83045782461684,-25.5867591963555,0.5,[-25.5867591963555 0.5],0.4989197171709641,False,True,8.977989769143313,237,59.99785047027138,559.291,in_progress,0.0,0
176,63.0,6.84198790064382,-1.890875587553377,170.28455350332635,4.742172717209719,0.5,[4.742172717209719 0.5],0.63110667098274,False,True,9.158917674125933,237,59.99785047027138,559.342,in_progress,0.0,0
176,64.0,6.757068598195292,-1.8842870602228068,172.49245287543084,22.33223933735148,1.9456699480223638,[22.33223933735148 1.9456699480223638],0.6720395501024243,False,True,9.299943294237112,238,59.99785047027138,559.415,in_progress,0.0,0
176,65.0,6.652148130469614,-1.8898128132740295,176.85384440974912,27.345238082913546,0.5,[27.345238082913546 0.5],0.514491547592013,False,True,9.479743757976788,238,59.99785047027138,559.48,in_progress,0.0,0
176,66.0,6.557352143646262,-1.9070991073812238,-178.40762427182892,30.0,4.0,[30.0 4.0],0.9229910960198602,False,True,9.6384668692847,238,59.99785047027138,559.548,in_progress,0.0,0
176,67.0,6.466246630315631,-1.933452520629864,-173.00383774545256,2.556750326536914,0.5,[2.556750326536914 0.5],0.6544433481622787,False,True,9.791451633671056,239,59.99785047027138,559.63,in_progress,0.0,0
176,68.0,6.377935536296206,-1.9707922103370377,-164.74472243778726,-7.037971930550526,2.896267877036018,[-7.037971930550526 2.896267877036018],1.1119638247684416,False,True,9.940277842004042,239,59.99785047027138,559.694,in_progress,0.0,0
176,69.0,6.2965345071420495,-2.0043064078740835,-159.8697296099553,-30.0,4.0,[-30.0 4.0],1.0392798873246376,False,True,10.081706224047204,239,59.99785047027138,559.755,in_progress,0.0,0
176,70.0,6.189296306338461,-2.0298530664737586,-162.12033377207888,-1.536652501994066,4.0,[-1.536652501994066 4.0],1.3131101420617326,False,True,10.260931112302774,240,59.99785047027138,559.815,in_progress,0.0,0
176,71.0,6.071852023467302,-2.0462145636826117,-166.74634854382433,-30.0,3.572441855374176,[-30.0 3.572441855374176],1.0065282603894627,False,True,10.45698562001931,240,59.99785047027138,559.899,in_progress,0.0,0
176,72.0,5.94105528983174,-2.062608036737784,-169.915523114532,-22.76271262099126,0.7398965731196987,[-22.76271262099126 0.7398965731196987],0.6390715892251939,False,True,10.677431696198258,240,59.99785047027138,559.954,in_progress,0.0,0
176,73.0,5.829025290399914,-2.0591666596836444,-176.38191758345772,-30.0,3.9482546197748496,[-30.0 3.9482546197748496],1.0833556938845665,False,True,10.86415334707963,241,59.99785047027138,560.029,in_progress,0.0,0
176,74.0,5.694726311369337,-2.040811237018393,175.17382602387255,-15.602134580698358,2.4425704153531345,[-15.602134580698358 2.4425704153531345],0.8906624029916517,False,True,11.089286364819095,241,59.99785047027138,560.092,in_progress,0.0,0
176,75.0,5.559221800467279,-2.001022358633287,164.96130374504193,-18.89862529439592,1.148535167853102,[-18.89862529439592 1.148535167853102],0.7217891390886819,False,True,11.315501373987825,242,59.99785047027138,560.166,in_progress,0.0,0
176,76.0,5.4338487555376735,-1.9488269664708893,154.48524545521258,-15.586078522993267,1.6276805997591464,[-15.586078522993267 1.6276805997591464],0.7986887131359249,False,True,11.524945499996786,242,59.99785047027138,560.229,in_progress,0.0,0
176,77.0,5.3315211410263865,-1.902100235938458,148.22208355209338,30.0,4.0,[30.0 4.0],1.0409760451819814,False,True,11.692991290926635,242,59.99785047027138,560.279,in_progress,0.0,0
176,78.0,5.221461352357665,-1.8465704516887043,144.58819646565294,30.0,0.5,[30.0 0.5],0.5912614496875711,False,True,11.876342365959347,243,59.99785047027138,560.349,in_progress,0.0,0
176,79.0,5.109562053827191,-1.8014551814589463,144.31826928534932,28.38426313970001,0.5,[28.38426313970001 0.5],0.5307621430050142,False,True,12.062775977386686,243,59.99785047027138,560.422,in_progress,0.0,0
176,80.0,5.005709684429386,-1.7669168637863004,146.63125511598565,15.788863574624386,3.8880329594897445,[15.788863574624386 3.8880329594897445],0.5353135980137385,False,True,12.234876252571336,243,59.99785047027138,560.491,in_progress,0.0,0
176,81.0,4.892152735223611,-1.7397988729246503,154.93459278948447,-30.0,1.3415864317329658,[-30.0 1.3415864317329658],0.27029858796662154,False,False,12.42403823613395,244,59.99785047027138,560.549,in_progress,0.0,0
176,82.0,4.816394313027102,-1.7232915556011876,159.9872920258311,30.0,0.7756410443127716,[30.0 0.7756410443127716],0.2715690921930911,False,False,12.550242011150647,244,59.99785047027138,560.611,in_progress,0.0,0
176,83.0,4.72382726006108,-1.6988563207349874,162.61414002266872,30.0,3.2965021621024135,[30.0 3.2965021621024135],0.2734903777547008,False,False,12.706411355859991,244,59.99785047027138,560.673,in_progress,0.0,0
176,84.0,4.625208510884119,-1.68584504627685,166.44152786615984,30.0,0.9836594755924655,[30.0 0.9836594755924655],0.27558622764565244,False,False,12.870785357077175,244,59.99785047027138,560.739,in_progress,0.0,0
176,85.0,4.530973037760516,-1.6862181691738727,171.48134647535224,30.0,0.5,[30.0 0.5],0.27752350237838924,False,False,13.027850002478969,245,59.99785047027138,560.809,in_progress,0.0,0
176,86.0,4.457533597442552,-1.6974822902267843,177.13693328528248,-30.0,0.5,[-30.0 0.5],0.2787371849574613,False,False,13.150832479012543,245,59.99785047027138,560.877,in_progress,0.0,0
176,87.0,4.392651667649767,-1.7080851163762196,-178.81172234487482,30.0,2.189000845671596,[30.0 2.189000845671596],0.27964345691377374,False,False,13.25895700884272,245,59.99785047027138,560.947,in_progress,0.0,0
176,88.0,4.32094998345137,-1.7174813161438114,-176.76144242752744,21.71704358349868,0.5,[21.71704358349868 0.5],0.280797130389235,False,False,13.378450002484964,245,59.99785047027138,561.013,in_progress,0.0,0
176,89.0,4.253348368069665,-1.7496793617000197,-169.30342957310683,-11.229537515578965,0.5,[-11.229537515578965 0.5],0.3522669640465829,False,False,13.491075218805303,246,59.99785047027138,561.072,in_progress,0.0,0
176,90.0,4.206343836705698,-1.7755049674780712,-164.7283969303827,30.0,0.5,[30.0 0.5],0.2821238184037255,False,False,13.569380272060794,246,59.99785047027138,561.146,in_progress,0.0,0
176,91.0,4.1577785094643085,-1.801275500318597,-161.7810131173326,-30.0,0.5,[-30.0 0.5],0.2825015882304192,False,False,13.65028682625975,246,59.99785047027138,561.218,in_progress,0.0,0
176,92.0,4.1148797100871395,-1.8295801346361809,-158.49589488333697,-30.0,3.2059377563437392,[-30.0 3.2059377563437392],0.28269049579512295,False,False,13.72140715498248,246,59.99785047027138,561.284,in_progress,0.0,0
176,93.0,4.071013955108359,-1.8471916698222388,-158.4729131572731,-30.0,4.0,[-30.0 4.0],0.28293421257000895,False,False,13.794510363890478,246,59.99785047027138,561.35,in_progress,0.0,0
176,94.0,3.9999552652128756,-1.8527278724039786,-163.2444005982425,-30.0,0.5,[-30.0 0.5],0.2841169396794885,False,False,13.91294292244918,246,59.99785047027138,561.431,in_progress,0.0,0
176,95.0,3.932646034789337,-1.8400614137640923,-171.42693128009338,-30.0,2.046938955393731,[-30.0 2.046938955393731],0.8622262359378072,False,True,14.025135458899907,247,59.99785047027138,561.486,in_progress,0.0,0
176,96.0,3.878028512579732,-1.8239786853848368,-177.02033880417213,7.814843041872393,0.5,[7.814843041872393 0.5],0.80385801996752,False,True,14.116176137017323,247,59.99785047027138,561.555,in_progress,0.0,0
176,97.0,3.8055440441194097,-1.8040783131169793,177.46049604042253,30.0,1.031582664250794,[30.0 1.031582664250794],0.5741134188888772,False,True,14.236618180948879,247,59.99785047027138,561.614,in_progress,0.0,0
176,98.0,3.7491300566275365,-1.8033947522820066,177.90682463391707,30.0,1.7816683672000027,[30.0 1.7816683672000027],0.5755418438614497,False,True,14.330644502586399,247,59.99785047027138,561.689,in_progress,0.0,0
176,99.0,3.677524037365104,-1.8216360605587854,-177.38485164099697,30.0,0.5,[30.0 0.5],0.650250072319839,False,True,14.450001607107533,247,59.99785047027138,561.752,in_progress,0.0,0
176,100.0,3.615420048244776,-1.8532067692467835,-170.58287233098773,-30.0,0.5,[-30.0 0.5],0.652315077515928,False,True,14.553528347494748,248,59.99785047027138,561.819,in_progress,0.0,0
176,101.0,3.5584826900851674,-1.884709133770935,-165.2700244004813,30.0,2.4070577695212396,[30.0 2.4070577695212396],0.9311731967889516,False,True,14.648443692714286,248,59.99785047027138,561.894,in_progress,0.0,0
176,102.0,3.496165094551576,-1.9221689294891557,-160.44517288289185,-30.0,2.992458388704288,[-30.0 2.992458388704288],1.019527775237557,False,True,14.752262037658891,248,59.99785047027138,561.949,in_progress,0.0,0
176,103.0,3.4305461712897594,-1.9655736560925838,-156.57007002145943,-30.0,4.0,[-30.0 4.0],1.287706114086444,False,True,14.86166502408005,248,59.99785047027138,562.026,in_progress,0.0,0
176,104.0,3.3479344317854367,-1.997705964388935,-157.35628483859838,-30.0,3.3332819037953727,[-30.0 3.3332819037953727],1.1868951149219396,False,True,14.999381498326414,249,59.99785047027138,562.076,in_progress,0.0,0
176,105.0,3.2467513445138687,-2.0168594593000937,-162.0043421430766,-30.0,1.0189651925941707,[-30.0 1.0189651925941707],0.8184464244443248,False,True,15.16804109538179,249,59.99785047027138,562.157,in_progress,0.0,0
176,106.0,3.1437946174350024,-2.0225903510008707,-168.00713010200064,-30.0,0.5,[-30.0 0.5],0.7394497265192134,False,True,15.339793469736874,249,59.99785047027138,562.217,in_progress,0.0,0
176,107.0,3.0580564227666236,-2.018305877166906,-173.8830531117554,-14.24925619226377,3.5443484008379453,[-14.24925619226377 3.5443484008379453],1.5585062884346257,False,True,15.482696391323515,249,59.99785047027138,562.283,in_progress,0.0,0
176,108.0,2.972502534725992,-2.00807118455217,-178.1053035334999,30.0,3.7287318876480215,[30.0 3.7287318876480215],1.2845269389007008,False,True,15.625293251690364,250,59.99785047027138,562.345,in_progress,0.0,0
176,109.0,2.8844438169688456,-1.9992580969517986,179.35048084453973,-24.087058419949045,1.384593590801726,[-24.087058419949045 1.384593590801726],0.9002172805519248,False,True,15.77206470841368,250,59.99785047027138,562.411,in_progress,0.0,0
176,110.0,2.787520714316165,-1.9961715255483572,178.86949611043585,30.0,2.0951309429701923,[30.0 2.0951309429701923],1.0259518034109207,False,True,15.933713650199632,250,59.99785047027138,562.486,in_progress,0.0,0
176,111.0,2.6789164185135457,-1.9940588648173883,179.02282331500285,-13.813095173197066,3.870281645022905,[-13.813095173197066 3.870281645022905],1.6691399017272643,False,True,16.114728918201283,251,59.99785047027138,562.537,in_progress,0.0,0
176,112.0,2.578636561562717,-2.0034387739642012,-178.8217934227106,0.9448815957767565,2.0878700369404624,[0.9448815957767565 2.0878700369404624],1.3002067687392003,False,True,16.28186068748,251,59.99785047027138,562.61,in_progress,0.0,0
176,113.0,2.430253167701865,-1.9990781528682482,179.74471693252087,4.969556824239042,3.1959691468219242,[4.969556824239042 3.1959691468219242],1.5551176500745312,False,True,16.529009483861714,251,59.99785047027138,562.687,in_progress,0.0,0
176,114.0,2.2959864751214853,-1.9807778409461503,176.04613862840267,-12.111790947325748,1.7334616988538571,[-12.111790947325748 1.7334616988538571],1.2518014822037038,False,True,16.752791755176933,252,59.99785047027138,562.755,in_progress,0.0,0
176,115.0,2.1521643121664313,-1.9517778180434777,171.84950122004224,-30.0,0.5,[-30.0 0.5],0.7947163284871538,False,True,16.992386290737638,252,59.99785047027138,562.823,in_progress,0.0,0
176,116.0,2.0348991058447643,-1.9158673773876027,167.01059176460183,16.68667017274194,1.2580850217408068,[16.68667017274194 1.2580850217408068],0.8512240471423989,False,True,17.18781010937198,253,59.99785047027138,562.885,in_progress,0.0,0
176,117.0,1.934281428313305,-1.882759490183466,163.5369781318795,30.0,0.6616601677143276,[30.0 0.6616601677143276],0.7596879167452404,False,True,17.35548901995767,253,59.99785047027138,562.948,in_progress,0.0,0
176,118.0,1.8406952573875606,-1.8617559889508646,163.79416658996465,1.7872030882446914,0.5,[1.7872030882446914 0.5],0.9221273250223629,False,True,17.511773656917807,253,59.99785047027138,563.026,in_progress,0.0,0
176,119.0,1.7559815708469064,-1.8425939250009988,164.8223904899595,30.0,0.5509211910987588,[30.0 0.5509211910987588],0.7498147497690065,False,True,17.652974253924945,254,59.99785047027138,563.086,in_progress,0.0,0
176,120.0,1.6898693113266083,-1.8268209518817842,165.27462412788563,30.0,0.5,[30.0 0.5],0.743851106274962,False,True,17.7631702899685,254,59.99785047027138,563.148,in_progress,0.0,0
176,121.0,1.6306980775197062,-1.8184975487496382,166.8871240646096,-2.9082274197784272,0.5,[-2.9082274197784272 0.5],0.9322539409627107,False,True,17.86179517824118,254,59.99785047027138,563.205,in_progress,0.0,0
176,122.0,1.583690396502964,-1.8152757909790636,168.75571728371455,6.115543866286046,0.5,[6.115543866286046 0.5],0.9336578837574168,False,True,17.94023350160707,254,59.99785047027138,563.294,in_progress,0.0,0
176,123.0,1.5367966831571023,-1.808657374640698,169.38054355467798,9.431220644148283,2.3683206506659813,[9.431220644148283 2.3683206506659813],1.323291147845042,False,True,18.018396215058907,254,59.99785047027138,563.35,in_progress,0.0,0
176,124.0,1.4950390267569496,-1.80109801511025,169.43511131742667,30.0,0.5,[30.0 0.5],0.6656383653179265,False,True,18.087999057552352,254,59.99785047027138,563.42,in_progress,0.0,0
176,125.0,1.4427724348550646,-1.8014141704584237,171.54985943932496,30.0,0.5,[30.0 0.5],0.6669977970484757,False,True,18.175112981857254,255,59.99785047027138,563.48,in_progress,0.0,0
176,126.0,1.4016652907267861,-1.8126680547435938,175.6692629074439,15.209254505060734,0.5,[15.209254505060734 0.5],0.7511487732482863,False,True,18.24362099876312,255,59.99785047027138,563.547,in_progress,0.0,0
176,127.0,1.3656122064506402,-1.825036115082391,179.24088023150748,30.0,1.7296703416293286,[30.0 1.7296703416293286],0.956977017469583,False,True,18.303704653534048,255,59.99785047027138,563.609,in_progress,0.0,0
176,128.0,1.3253093449809465,-1.8410936208372974,-176.84719600960696,22.68439152951545,0.5,[22.68439152951545 0.5],0.7523511881992372,False,True,18.37086944495582,255,59.99785047027138,563.685,in_progress,0.0,0
176,129.0,1.2869913065872158,-1.8632121803616046,-172.09594199680905,30.0,3.074371540179658,[30.0 3.074371540179658],1.183738748156779,False,True,18.434414314075177,255,59.99785047027138,563.744,in_progress,0.0,0
176,130.0,1.2410610776222082,-1.8926433697851164,-166.8189063460357,29.87777961447653,4.0,[29.87777961447653 4.0],1.340703661735125,False,True,18.510980152540192,255,59.99785047027138,563.822,in_progress,0.0,0
176,131.0,1.1863356106126637,-1.93487587993377,-160.28667998044227,-30.0,2.349475688808846,[-30.0 2.349475688808846],1.0666077865438113,False,True,18.602210777064087,255,59.99785047027138,563.882,in_progress,0.0,0
176,132.0,1.1248355552796425,-1.9801454671731582,-154.92216344083468,16.730530489391306,4.0,[16.730530489391306 4.0],1.482652547072064,False,True,18.704734098552933,256,59.99785047027138,563.95,in_progress,0.0,0
176,133.0,1.0527221381065741,-2.0206762569807255,-153.30064977325935,-30.0,3.184791024241555,[-30.0 3.184791024241555],1.336787048474038,False,True,18.82494494200564,256,59.99785047027138,564.025,in_progress,0.0,0
176,134.0,0.9655460107525599,-2.068198547766199,-152.4763104330253,23.155791654169377,0.5,[23.155791654169377 0.5],0.8416471554640657,False,True,18.97025895110591,256,59.99785047027138,564.086,in_progress,0.0,0
176,135.0,0.8898521069034475,-2.096304887798223,-154.8190952170435,-30.0,3.170399624793748,[-30.0 3.170399624793748],1.469168265303503,False,True,19.096433529450586,256,59.99785047027138,564.154,in_progress,0.0,0
176,136.0,0.7943848999851986,-2.1313526307990505,-157.05339535974366,-30.0,4.0,[-30.0 4.0],1.6488388391949447,False,True,19.255568140489242,257,59.99785047027138,564.22,in_progress,0.0,0
176,137.0,0.6882860472485878,-2.147685374949,-162.76830703785268,-30.0,3.453734959568626,[-30.0 3.453734959568626],1.5466826778487217,False,True,19.432413767907374,257,59.99785047027138,564.29,in_progress,0.0,0
176,138.0,0.5739404448109967,-2.1481953144320562,-170.4578471828503,-30.0,0.8711185557110573,[-30.0 0.8711185557110573],1.018301258719775,False,True,19.623025821555096,257,59.99785047027138,564.347,in_progress,0.0,0
176,139.0,0.4603728811415694,-2.131822063311336,179.08782566941179,-25.055221866564878,1.1554249254610987,[-25.055221866564878 1.1554249254610987],1.0856123171735625,False,True,19.812322998953924,258,59.99785047027138,564.421,in_progress,0.0,0
176,140.0,0.35685081397203633,-2.109571831999119,169.8895694890213,0.015933457172621956,0.5,[0.015933457172621956 0.5],1.1920768960296904,False,True,19.984881082003014,258,59.99785047027138,564.481,in_progress,0.0,0
176,141.0,0.2859079140950237,-2.0860891601354723,163.52434522810643,-9.314265334322563,4.0,[-9.314265334322563 4.0],2.1269661362981647,False,True,20.1031144405178,0,59.99785047027138,564.555,in_progress,0.0,0
176,142.0,0.20352994901859417,-2.0496038454078263,157.37291308062987,30.0,4.0,[30.0 4.0],1.5669206952363264,False,True,20.240430284253023,0,59.99785047027138,564.606,in_progress,0.0,0
176,143.0,0.1120685679799556,-2.0081788604188917,154.02148272153337,-1.866976555421914,3.370570077609093,[-1.866976555421914 3.370570077609093],1.8141244893264705,False,True,20.392887635334702,1,59.99785047027138,564.687,in_progress,0.0,0
176,144.0,0.0004786613048298194,-1.9574254074465747,153.28998931335553,23.716571138393164,4.0,[23.716571138393164 4.0],1.5861133268795293,False,True,20.578599892406203,1,59.99785047027138,564.748,in_progress,0.0,0
176,145.0,-0.11793260319459678,-1.9008563716108011,153.85195170267505,-6.855005198551154,0.5,[-6.855005198551154 0.5],1.0213633207940431,False,True,20.775903146768414,1,59.99785047027138,564.825,in_progress,0.0,0
176,146.0,-0.23915301792577087,-1.845497292175565,154.41710049572254,30.0,3.723602419490172,[30.0 3.723602419490172],1.4130333027821236,False,True,20.977889680509094,2,59.99785047027138,564.889,in_progress,0.0,0
176,147.0,-0.34791715073562335,-1.7885123249527126,153.64054820890294,20.008519849954958,0.5,[20.008519849954958 0.5],0.7365746743119415,False,True,21.15936564405422,2,59.99785047027138,564.958,in_progress,0.0,0
176,148.0,-0.470161514732478,-1.747164177125036,157.08066543677415,-9.882366786689559,0.5,[-9.882366786689559 0.5],0.4638230059859375,False,False,21.363099812026178,3,59.99785047027138,565.015,in_progress,0.0,0
176,149.0,-0.576950270880752,-1.7137810664695974,159.47119954339635,12.455610976358727,2.76609264160799,[12.455610976358727 2.76609264160799],0.4667233210651175,False,False,21.541076356851576,3,59.99785047027138,565.087,in_progress,0.0,0
176,150.0,-0.6681312143806778,-1.681904862986969,160.01584870106333,30.0,0.5,[30.0 0.5],0.37526052379466807,False,False,21.69385110757844,3,59.99785047027138,565.138,in_progress,0.0,0
176,151.0,-0.7677333610659444,-1.662580672655743,163.74370911637268,17.5915951391962,2.67046542585545,[17.5915951391962 2.67046542585545],0.3773706651324831,False,False,21.85988608999139,4,59.99785047027138,565.216,in_progress,0.0,0
176,152.0,-0.8714107712117651,-1.6511633722440073,167.59061462473474,16.64256026269573,3.7615364145219807,[16.64256026269573 3.7615364145219807],0.3795961115021677,False,False,22.03270298172673,4,59.99785047027138,565.27,in_progress,0.0,0
176,153.0,-0.995600629514608,-1.6504343077166654,173.09229216821888,30.0,3.710578348640911,[30.0 3.710578348640911],0.38239845636674763,False,False,22.239185151238345,4,59.99785047027138,565.35,in_progress,0.0,0
176,154.0,-1.1364899892798177,-1.6708206019363046,-178.9060760416884,-30.0,0.5,[-30.0 0.5],0.38568287505609855,False,False,22.474002117930553,5,59.99785047027138,565.421,in_progress,0.0,0
176,155.0,-1.2745506586057982,-1.7004460162349104,-169.9218767857528,30.0,0.5,[30.0 0.5],0.3888652303465927,False,False,22.703209556163344,5,59.99785047027138,565.481,in_progress,0.0,0
176,156.0,-1.364844972495537,-1.7143865897247907,-167.19012353037647,-11.893072610663758,2.9233183677189762,[-11.893072610663758 2.9233183677189762],0.48837104307816803,False,False,22.85372690410503,5,59.99785047027138,565.548,in_progress,0.0,0
176,157.0,-1.4896761443875912,-1.7341965537116755,-166.22517132046875,-11.431450161616468,0.7244821471023755,[-11.431450161616468 0.7244821471023755],0.4918881171995541,False,False,23.061816770780283,6,59.99785047027138,565.617,in_progress,0.0,0
176,158.0,-1.6215145000301294,-1.7328577950297486,-172.2449627745789,25.21924205032309,3.614045921714013,[25.21924205032309 3.614045921714013],0.39652505108975206,False,False,23.28193616073507,6,59.99785047027138,565.684,in_progress,0.0,0
176,159.0,-1.7320703237537927,-1.7305379694313714,-175.72831067011458,-1.9295678870208803,4.0,[-1.9295678870208803 4.0],0.4986567690013589,False,False,23.466200894181597,7,59.99785047027138,565.746,in_progress,0.0,0
176,160.0,-1.8532144803794655,-1.7346769887222147,-176.9897017225992,-16.690871011170806,0.5,[-16.690871011170806 0.5],0.40162296824341515,False,False,23.668117821079733,7,59.99785047027138,565.814,in_progress,0.0,0
176,161.0,-1.9654506931112583,-1.724932469952599,178.95495511677692,15.79133731493053,0.5,[15.79133731493053 0.5],0.404080681635344,False,False,23.856075227742608,7,59.99785047027138,565.882,in_progress,0.0,0
176,162.0,-2.0918997149971306,-1.7109066158451525,175.76207499894514,30.0,3.1877280185348185,[30.0 3.1877280185348185],0.4069217043628106,False,False,24.06684971376565,8,59.99785047027138,565.956,in_progress,0.0,0
176,163.0,-2.198671900470447,-1.7081445076093458,176.73602375390644,30.0,0.5,[30.0 0.5],0.40921049783794583,False,False,24.245130652248235,8,59.99785047027138,566.023,in_progress,0.0,0
176,164.0,-2.298348390955568,-1.7210652087466118,-178.3701966098319,22.90203532802466,1.4075268281483952,[22.90203532802466 1.4075268281483952],0.41129237329441803,False,False,24.41123798330179,8,59.99785047027138,566.09,in_progress,0.0,0
176,165.0,-2.3971101877227987,-1.7446895558484221,-173.82256192453147,13.35649081991393,0.5,[13.35649081991393 0.5],0.5166839720979804,False,False,24.575799245921132,9,59.99785047027138,566.15,in_progress,0.0,0
176,166.0,-2.4825087517831053,-1.7783033433190014,-168.3597864418531,11.552158113139917,0.5,[11.552158113139917 0.5],0.5187833944857432,False,False,24.71806758320089,9,59.99785047027138,566.219,in_progress,0.0,0
176,167.0,-2.5552872614186324,-1.817702089247597,-163.12668898630827,-26.29255084693825,4.0,[-26.29255084693825 4.0],0.41633809182667864,False,False,24.838352069205257,9,59.99785047027138,566.283,in_progress,0.0,0
176,168.0,-2.624608416246641,-1.8511480735837833,-160.6194511233089,16.92944587197301,2.1652790804371573,[16.92944587197301 2.1652790804371573],0.41757198117442995,False,False,24.953912594935872,9,59.99785047027138,566.357,in_progress,0.0,0
176,169.0,-2.7140810498023233,-1.889368579301671,-159.07771104473903,-14.984691408113571,3.17759091879185,[-14.984691408113571 3.17759091879185],1.881286143866501,False,True,25.103063136738896,10,59.99785047027138,566.425,in_progress,0.0,0
176,170.0,-2.810480922689786,-1.9361759902341715,-157.21441348732688,20.44108854473808,3.7375024925872604,[20.44108854473808 3.7375024925872604],1.6301301822653909,False,True,25.263764916866975,10,59.99785047027138,566.487,in_progress,0.0,0
176,171.0,-2.8969962245494525,-1.9713264009369207,-157.19351993082057,-19.46913395257091,0.7104239895645325,[-19.46913395257091 0.7104239895645325],1.0960540065193038,False,True,25.40766166287945,10,59.99785047027138,566.545,in_progress,0.0,0
176,172.0,-2.9876941945069717,-2.0148449485938675,-155.13600366707308,-30.0,1.2773414363494848,[-30.0 1.2773414363494848],1.2332845372520325,False,True,25.558927438659737,11,59.99785047027138,566.617,in_progress,0.0,0
176,173.0,-3.083556253625765,-2.0542708200437687,-156.04933012663605,-25.40977052595505,4.0,[-25.40977052595505 4.0],1.8782403642790748,False,True,25.7187911880319,11,59.99785047027138,566.689,in_progress,0.0,0
176,174.0,-3.1858770530224194,-2.089559100274787,-158.01400063932354,-17.617312528827505,0.5,[-17.617312528827505 0.5],1.1583639887202928,False,True,25.889361178295175,11,59.99785047027138,566.756,in_progress,0.0,0
176,175.0,-3.2784459575077984,-2.1003832428992473,-164.43124004762097,6.616664494539513,0.8318107049693741,[6.616664494539513 0.8318107049693741],1.5615367315897724,False,True,26.04367856559395,11,59.99785047027138,566.829,in_progress,0.0,0
176,176.0,-3.3870548888209853,-2.112312046755539,-170.16665494095247,30.0,1.337118834505775,[30.0 1.337118834505775],1.387309328159676,False,True,26.224733370555242,12,59.99785047027138,566.888,in_progress,0.0,0
176,177.0,-3.4591900059819927,-2.132122191524307,-168.75720704251324,-13.439486949431718,2.6571502496064174,[-13.439486949431718 2.6571502496064174],2.16963005184996,False,True,26.345110011649425,12,59.99785047027138,566.959,in_progress,0.0,0
176,178.0,-3.546868246352037,-2.1588798775140035,-166.861241250628,-15.64951565222932,2.1796042774201174,[-15.64951565222932 2.1796042774201174],1.6176666027105142,False,True,26.49126247924744,12,59.99785047027138,567.015,in_progress,0.0,0
176,179.0,-3.6656083341582475,-2.1733006073808583,-169.6212719836659,-30.0,3.3144933679932813,[-30.0 3.3144933679932813],1.9261491688954635,False,True,26.689178778405974,13,59.99785047027138,567.083,in_progress,0.0,0
176,180.0,-3.771152987746064,-2.173898410163493,-173.5917118422529,-12.763631053735892,0.5970338861693272,[-12.763631053735892 0.5970338861693272],1.5208891132867477,False,True,26.86509325706551,13,59.99785047027138,567.155,in_progress,0.0,0
176,181.0,-3.8854131838289425,-2.1604050631518197,-179.53356994638628,-30.0,0.5,[-30.0 0.5],1.197692524785049,False,True,27.05541151708853,13,59.99785047027138,567.222,in_progress,0.0,0
176,182.0,-3.9905511258827713,-2.1393335863315945,175.7277285486693,-30.0,3.4390449203571696,[-30.0 3.4390449203571696],1.989821438810642,False,True,27.230458558459745,14,59.99785047027138,567.285,in_progress,0.0,0
176,183.0,-4.077421306758201,-2.1164155113726024,172.08086113363274,-29.124742189327232,1.1210712406257142,[-29.124742189327232 1.1210712406257142],1.375002418771654,False,True,27.373566505228368,14,59.99785047027138,567.353,in_progress,0.0,0
176,184.0,-4.170774691522553,-2.07528656990391,165.58238189709894,-19.73749866858863,0.5,[-19.73749866858863 0.5],1.1121951426243646,False,True,27.527741171383695,14,59.99785047027138,567.414,in_progress,0.0,0
176,185.0,-4.243036424114103,-2.0369198120911296,161.16952732314914,-20.906731089762378,1.7286234984537117,[-20.906731089762378 1.7286234984537117],1.4199566009616926,False,True,27.646862247069947,15,59.99785047027138,567.485,in_progress,0.0,0
176,186.0,-4.307726012006121,-1.9907000792106877,156.07441591153807,30.0,0.5,[30.0 0.5],1.118123431041344,False,True,27.753100201055403,15,59.99785047027138,567.56,in_progress,0.0,0
176,187.0,-4.377117062290042,-1.9305410398201568,149.03227874073298,-9.31850179309,0.5,[-9.31850179309 0.5],1.274263736325102,False,True,27.872202725901005,15,59.99785047027138,567.622,in_progress,0.0,0
176,188.0,-4.431560774119799,-1.8800519445656658,144.4188583011915,30.0,1.353615760134168,[30.0 1.353615760134168],1.2150225525661043,False,True,27.96234475421842,15,59.99785047027138,567.696,in_progress,0.0,0
176,189.0,-4.477364572466909,-1.8422993845691467,143.56376748021725,-0.40500128632396226,0.5,[-0.40500128632396226 0.5],1.2783222864918122,False,True,28.038237741234553,15,59.99785047027138,567.743,in_progress,0.0,0
176,190.0,-4.522711889338144,-1.8105181435201299,144.0481266917797,30.0,1.534676834070169,[30.0 1.534676834070169],0.9102278390745009,False,True,28.11344069586508,16,59.99785047027138,567.822,in_progress,0.0,0
176,191.0,-4.579821351608125,-1.7783593252141168,145.84973368463574,30.0,3.57383150525746,[30.0 3.57383150525746],0.9120665222868679,False,True,28.208242957325808,16,59.99785047027138,567.881,in_progress,0.0,0
176,192.0,-4.651965662145532,-1.7552436371179412,150.69505727701937,30.0,4.0,[30.0 4.0],0.4583956147519933,False,False,28.39228294195594,16,59.99785047027138,567.952,in_progress,0.0,0
176,193.0,-4.738430857377357,-1.7441164664544104,158.14788184040236,30.0,0.5,[30.0 0.5],0.46012941009922487,False,False,28.537437838634787,17,59.99785047027138,568.015,in_progress,0.0,0
176,194.0,-4.827565557694382,-1.750189866306806,168.24452639394886,26.32347373419777,1.5599645567803893,[26.32347373419777 1.5599645567803893],0.4626532609047348,False,False,28.731651553001043,18,59.99785047027138,568.084,in_progress,0.0,0
176,195.0,-4.918811153683281,-1.7684702583665137,176.76301694115713,-30.0,2.1340116500991084,[-30.0 2.1340116500991084],0.4643961436426299,False,False,28.87742517574729,19,59.99785047027138,568.153,in_progress,0.0,0
176,196.0,-4.998233391851662,-1.7853924802198415,-178.63208007734846,-30.0,2.49217671675496,[-30.0 2.49217671675496],0.4665615607508395,False,False,29.049502992387914,19,59.99785047027138,568.21,in_progress,0.0,0
176,197.0,-5.103534693020698,-1.787008058357596,-178.9012836563985,-3.1135439351980594,1.3788415248150407,[-3.1135439351980594 1.3788415248150407],0.5858728885095752,False,False,29.21985690803423,20,59.99785047027138,568.28,in_progress,0.0,0
176,198.0,-5.196244637474233,-1.7771446997826703,178.50105679129,14.864429696965331,1.6980721631309283,[14.864429696965331 1.6980721631309283],1.6768346995550933,False,True,29.39118211362242,21,59.99785047027138,568.356,in_progress,0.0,0
176,199.0,-5.30702554261966,-1.7732086391967448,178.44370854693398,-30.0,2.836070930430128,[-30.0 2.836070930430128],1.621518830954764,False,True,29.65005131340733,22,59.99785047027138,568.418,in_progress,0.0,0
176,200.0,-5.41461195260556,-1.7731107888755082,178.87233630959489,-30.0,3.494694134377896,[-30.0 3.494694134377896],1.7863245380140478,False,True,29.830255069536577,22,59.99785047027138,568.481,in_progress,0.0,0
176,201.0,-5.528162231936056,-1.7572727114357898,175.7807634611042,-5.867694559955755,3.851497004577732,[-5.867694559955755 3.851497004577732],2.588381944663065,False,True,30.044122646952616,23,59.99785047027138,568.55,in_progress,0.0,0
176,202.0,-5.663490542359298,-1.7255275606160139,171.29941519587626,-30.0,0.5686301923425338,[-30.0 0.5686301923425338],1.2134233843145354,False,True,30.29362116628569,24,59.99785047027138,568.623,in_progress,0.0,0
176,203.0,-5.79751411225361,-1.6900959419777712,168.459896966702,-24.991159924493747,1.2050818585675773,[-24.991159924493747 1.2050818585675773],1.5166322881663312,False,True,30.501108992191988,25,59.99785047027138,568.678,in_progress,0.0,0
176,204.0,-5.901650004445553,-1.6530799559983078,165.18942357999364,-16.03940405313434,3.3558556513138367,[-16.03940405313434 3.3558556513138367],2.1534525995843627,False,True,30.68224469631373,25,59.99785047027138,568.746,in_progress,0.0,0
176,205.0,-6.007427286435795,-1.6070729863875213,161.40144191817728,19.010344581973698,0.5,[19.010344581973698 0.5],1.3227310884608772,False,True,30.84336278897726,26,59.99785047027138,568.813,in_progress,0.0,0
176,206.0,-6.102210058135504,-1.5574566051931171,156.8441175178166,-30.0,0.5,[-30.0 0.5],1.3274738139102462,False,True,30.990557978010216,26,59.99785047027138,568.886,in_progress,0.0,0
176,207.0,-6.199520434354464,-1.5118997577147062,155.77935600256632,3.5856160861663824,4.0,[3.5856160861663824 4.0],2.7134267271832617,False,True,31.133757681714386,27,59.99785047027138,568.956,in_progress,0.0,0
176,208.0,-6.2936665358101695,-1.463260959612252,154.68365158659017,-1.715350183145759,4.0,[-1.715350183145759 4.0],2.7173984962299453,False,True,31.215581274709166,27,59.99785047027138,569.016,in_progress,0.0,0
176,209.0,-6.388462801606401,-1.4166560061942883,154.27431891620125,18.4771108372763,0.5,[18.4771108372763 0.5],1.1147530334326063,False,True,31.338438690876487,27,59.99785047027138,569.086,in_progress,0.0,0
176,210.0,-6.505199678683885,-1.3759784254760747,157.39024144126827,-30.0,0.5,[-30.0 0.5],0.993701818086191,False,True,31.463247841564566,28,59.99785047027138,569.152,in_progress,0.0,0
176,211.0,-6.592671291292417,-1.3508668300022688,159.6382975410516,-18.510166757015654,3.929008904086377,[-18.510166757015654 3.929008904086377],0.4976291870412009,False,False,31.548261857875175,28,59.99785047027138,569.218,in_progress,0.0,0
176,212.0,-6.672367855843879,-1.3178478442969657,158.90737468138062,-21.77787547418043,2.580825251099384,[-21.77787547418043 2.580825251099384],0.4971191969938838,False,False,31.55136738965949,28,59.99785047027138,569.283,in_progress,0.0,0
176,213.0,-6.768789778467613,-1.253095601391477,153.44825727437942,-30.0,4.0,[-30.0 4.0],0.49767853718849264,False,False,31.622092327297338,28,59.99785047027138,569.359,in_progress,0.0,0
176,214.0,-6.854348889154665,-1.176192130751975,146.83085064989135,-30.0,2.724182831667148,[-30.0 2.724182831667148],0.4994534403635802,True,False,31.769967360405246,28,59.99785047027138,569.415,off_track,0.0,0
177,1.0,8.853069383589823,-1.2124704809070252,-114.1337465202856,-15.335474858109103,0.5299625212842749,[-15.335474858109103 0.5299625212842749],0.0,False,True,0.23332804655327166,225,59.99785047027138,569.561,prepare,0.0,0
177,2.0,8.853040526606529,-1.2124578067320135,-114.14792593615333,-30.0,1.547132355603453,[-30.0 1.547132355603453],0.2164097674925526,False,True,0.23333079296655734,225,59.99785047027138,569.623,in_progress,0.0,0
177,3.0,8.849106785255307,-1.2161935850082446,-114.59420829576852,-30.0,4.0,[-30.0 4.0],0.2460961563488045,False,True,0.24183977628616793,225,59.99785047027138,569.692,in_progress,0.0,0
177,4.0,8.828711728550022,-1.2304881558407672,-117.6791982884216,-30.0,3.4071757586658293,[-30.0 3.4071757586658293],0.21281544416778858,False,True,0.27840100246737665,225,59.99785047027138,569.755,in_progress,0.0,0
177,5.0,8.791654571467934,-1.2525289079362003,-122.97285855594258,30.0,1.900922330423065,[30.0 1.900922330423065],0.1744242481627718,False,True,0.33897719089580614,225,59.99785047027138,569.814,in_progress,0.0,0
177,6.0,8.762287927689867,-1.2732431098143397,-126.52000086183057,-30.0,0.5,[-30.0 0.5],0.13359849308580704,False,True,0.3918172664658326,226,59.99785047027138,569.89,in_progress,0.0,0
177,7.0,8.731363568596075,-1.3077724557610337,-127.42162820889529,-30.0,1.2819157342348004,[-30.0 1.2819157342348004],0.16554394359518695,False,True,0.46639357111060153,226,59.99785047027138,569.956,in_progress,0.0,0
177,8.0,8.697169165426528,-1.3335909290104462,-130.1523167063336,-23.568366290586578,2.262231092734101,[-23.568366290586578 2.262231092734101],0.208436771186976,False,True,0.5498581384289047,226,59.99785047027138,570.022,in_progress,0.0,0
177,9.0,8.639321725999663,-1.3587833190530283,-136.607974309586,-16.658927912872514,1.1196214872095867,[-16.658927912872514 1.1196214872095867],0.1656139491337004,False,True,0.6393056509125361,227,59.99785047027138,570.097,in_progress,0.0,0
177,10.0,8.569942112844947,-1.3803191265000077,-143.76928663925742,-30.0,2.934471014356414,[-30.0 2.934471014356414],0.23741507597951902,False,True,0.7346983077994751,227,59.99785047027138,570.166,in_progress,0.0,0
177,11.0,8.486725023963345,-1.3957592366001352,-152.0019405542177,-30.0,1.6909423572728859,[-30.0 1.6909423572728859],0.21537061758592257,False,True,0.874679260187694,227,59.99785047027138,570.227,in_progress,0.0,0
177,12.0,8.396151887728546,-1.3945099980457207,-161.69213811324832,30.0,0.5,[30.0 0.5],0.16087426449876174,False,True,0.9722758895787553,228,59.99785047027138,570.295,in_progress,0.0,0
177,13.0,8.307410750409938,-1.3936605347531257,-169.05129378991114,30.0,1.00857895776157,[30.0 1.00857895776157],0.1917793414437616,False,True,1.1075669106018537,228,59.99785047027138,570.358,in_progress,0.0,0
177,14.0,8.24102627928169,-1.4026038806045613,-170.02394976078514,19.440842646236405,0.5,[19.440842646236405 0.5],0.1563105524713666,False,True,1.1962542280971933,229,59.99785047027138,570.423,in_progress,0.0,0
177,15.0,8.171154308701942,-1.427458046205501,-167.14216544741598,-25.966518402188576,0.5,[-25.966518402188576 0.5],0.08553053800176642,False,False,1.3795248064801036,229,59.99785047027138,570.486,in_progress,0.0,0
177,16.0,8.12311006334096,-1.4531563473930638,-163.70770224342976,-30.0,4.0,[-30.0 4.0],0.0867366647088673,False,False,1.4686487052298247,230,59.99785047027138,570.556,in_progress,0.0,0
177,17.0,8.072493950377712,-1.4749976471415833,-162.09934634053272,13.751945517091833,4.0,[13.751945517091833 4.0],0.1179941344762157,False,False,1.6723578114739235,230,59.99785047027138,570.627,in_progress,0.0,0
177,18.0,7.994286394551932,-1.5012765441806872,-161.81959596828324,1.9971702930406536,3.828567661198311,[1.9971702930406536 3.828567661198311],0.12221182750366115,False,False,1.8070231304043283,231,59.99785047027138,570.694,in_progress,0.0,0
177,19.0,7.917791443231808,-1.535110469068289,-160.04104067707456,-29.23270166404296,1.343891275505638,[-29.23270166404296 1.343891275505638],0.10352919805719654,False,False,1.9909461164845488,232,59.99785047027138,570.756,in_progress,0.0,0
177,20.0,7.8332362666304824,-1.5650473697672764,-159.91749089613936,-17.92945007011566,2.142833523515224,[-17.92945007011566 2.142833523515224],0.11310880803751021,False,False,2.257875445615698,233,59.99785047027138,570.824,in_progress,0.0,0
177,21.0,7.7243353247989885,-1.586899283248571,-163.5296025608939,25.790805589289924,1.7905329109242212,[25.790805589289924 1.7905329109242212],0.12005996502022387,False,False,2.4824428857565084,233,59.99785047027138,570.882,in_progress,0.0,0
177,22.0,7.625695789911095,-1.6060868778579085,-165.70239384368696,-3.6187626868193767,0.5,[-3.6187626868193767 0.5],0.16079926969670444,False,False,2.7497272884938306,234,59.99785047027138,570.948,in_progress,0.0,0
177,23.0,7.527379323331912,-1.6312130993818679,-165.35285270738322,12.215213077487029,3.8695645977000765,[12.215213077487029 3.8695645977000765],0.1653456662422072,False,False,2.917864698391892,235,59.99785047027138,571.017,in_progress,0.0,0
177,24.0,7.41637413840322,-1.658442696722507,-165.59827402408732,15.983998757129768,0.511259523290598,[15.983998757129768 0.511259523290598],0.13758758041730776,False,False,3.126990464029722,235,59.99785047027138,571.085,in_progress,0.0,0
177,25.0,7.323455491228683,-1.695587439859268,-163.42820731439986,1.7293614092125935,0.5,[1.7293614092125935 0.5],0.17578080033040794,False,False,3.287986193230652,236,59.99785047027138,571.158,in_progress,0.0,0
177,26.0,7.236178717540814,-1.7329084093214961,-160.5783008055734,27.389122826584774,3.024660107965497,[27.389122826584774 3.024660107965497],0.144872945357646,False,False,3.4800440610822436,236,59.99785047027138,571.219,in_progress,0.0,0
177,27.0,7.149012598135662,-1.7743903090149078,-158.2478560248016,23.194753364357652,1.668914057892603,[23.194753364357652 1.668914057892603],0.14723237425091862,False,False,3.6289669709733463,236,59.99785047027138,571.287,in_progress,0.0,0
177,28.0,7.059397547815915,-1.8393813660574685,-152.54724159083665,-0.8341626096986481,2.1697996932800967,[-0.8341626096986481 2.1697996932800967],0.18725055454709455,False,False,3.784157548338496,237,59.99785047027138,571.354,in_progress,0.0,0
177,29.0,6.978410901573571,-1.8976473067102728,-149.51868411030358,-26.447696280899137,2.6093371440628648,[-26.447696280899137 2.6093371440628648],0.5014570492075281,False,True,3.924362309615148,237,59.99785047027138,571.423,in_progress,0.0,0
177,30.0,6.8731063247000455,-1.9545134336810652,-150.5363153607535,-11.896440734218434,3.353202273070094,[-11.896440734218434 3.353202273070094],0.785723507335361,False,True,4.1110675559014815,237,59.99785047027138,571.488,in_progress,0.0,0
177,31.0,6.731235450130306,-2.0098982010677355,-154.89145167983006,20.281712936507844,1.4356743886571037,[20.281712936507844 1.4356743886571037],0.4812706580711863,False,True,4.350824220934357,238,59.99785047027138,571.559,in_progress,0.0,0
177,32.0,6.625970716983364,-2.0485694824166085,-157.78094064439225,-30.0,2.7043598596262424,[-30.0 2.7043598596262424],0.6054629689091563,False,True,4.530543865415815,238,59.99785047027138,571.624,in_progress,0.0,0
177,33.0,6.492841687218437,-2.0937921904752104,-159.86049622527105,-17.731670694793713,1.7495732961108503,[-17.731670694793713 1.7495732961108503],0.5827341477531544,False,True,4.754398560351635,239,59.99785047027138,571.694,in_progress,0.0,0
177,34.0,6.351238373704116,-2.123017253302824,-164.17314291501586,-30.0,4.0,[-30.0 4.0],0.8353771182618704,False,True,4.992861874857491,239,59.99785047027138,571.759,in_progress,0.0,0
177,35.0,6.201720368523981,-2.1430093103294725,-168.6843419256801,-30.0,2.661222905398817,[-30.0 2.661222905398817],0.7170460591345443,False,True,5.242441936629616,239,59.99785047027138,571.826,in_progress,0.0,0
177,36.0,6.063241536100343,-2.1417801814085586,-174.7189746312813,30.0,2.4435604314181814,[30.0 2.4435604314181814],0.7114391889386501,False,True,5.473208233257376,240,59.99785047027138,571.894,in_progress,0.0,0
177,37.0,5.917272908044099,-2.1375465334264665,-179.47100353048927,-19.997930705297186,2.413399724113287,[-19.997930705297186 2.413399724113287],0.7271465520153461,False,True,5.717107352016648,240,59.99785047027138,571.958,in_progress,0.0,0
177,38.0,5.772528016114909,-2.137178571540221,179.31942744148884,21.709535929745016,0.514345673350803,[21.709535929745016 0.514345673350803],0.5247195551254682,False,True,5.958357289567672,241,59.99785047027138,572.022,in_progress,0.0,0
177,39.0,5.630303350550633,-2.127102270278255,176.7302192665195,-30.0,0.5,[-30.0 0.5],0.5353221867671056,False,True,6.195858643137797,241,59.99785047027138,572.084,in_progress,0.0,0
177,40.0,5.506256599752689,-2.1197788454967306,176.55925894688687,2.7472881899047223,1.6257329756214463,[2.7472881899047223 1.6257329756214463],0.8512958629205108,False,True,6.402675446922467,242,59.99785047027138,572.16,in_progress,0.0,0
177,41.0,5.383824609181024,-2.1165482539477596,177.57453319805427,12.086833559242578,0.5,[12.086833559242578 0.5],0.6922308931765713,False,True,6.606157126429446,242,59.99785047027138,572.224,in_progress,0.0,0
177,42.0,5.283097327745169,-2.125764995223161,-179.48521587680727,-30.0,3.93620057079262,[-30.0 3.93620057079262],0.987188610946708,False,True,6.774056538338746,242,59.99785047027138,572.293,in_progress,0.0,0
177,43.0,5.176444438251012,-2.1428063819193133,-175.93864760189282,-19.045420815604714,0.9258311792090794,[-19.045420815604714 0.9258311792090794],0.6201207138008487,False,True,6.951844768541305,243,59.99785047027138,572.353,in_progress,0.0,0
177,44.0,5.081094262785239,-2.136273890920963,-178.52958179214514,-30.0,2.572655590153238,[-30.0 2.572655590153238],0.8350166143657424,False,True,7.110672983597855,243,59.99785047027138,572.426,in_progress,0.0,0
177,45.0,4.983124493916861,-2.1215131015448003,177.73890283277996,-11.880137144053318,3.9465878186224685,[-11.880137144053318 3.9465878186224685],1.2741728834626185,False,True,7.273903712350704,243,59.99785047027138,572.486,in_progress,0.0,0
177,46.0,4.873933342720443,-2.092687632213562,172.52238129053094,19.26785847502191,2.5329946276643045,[19.26785847502191 2.5329946276643045],0.848151221271948,False,True,7.4557824597187405,244,59.99785047027138,572.543,in_progress,0.0,0
177,47.0,4.764901307381191,-2.0664972846847434,169.54658547327514,8.77273143034158,2.023254165877105,[8.77273143034158 2.023254165877105],0.9066764731890011,False,True,7.6378523378548335,244,59.99785047027138,572.62,in_progress,0.0,0
177,48.0,4.634684199234761,-2.052097487070937,171.3863138989393,8.331800406237235,0.5,[8.331800406237235 0.5],0.6883651102367303,False,True,7.8548925337757485,244,59.99785047027138,572.687,in_progress,0.0,0
177,49.0,4.505604070670094,-2.0523629521497804,175.31933387774933,30.0,1.4537892625338078,[30.0 1.4537892625338078],0.6777888535519434,False,True,8.070033713992597,245,59.99785047027138,572.753,in_progress,0.0,0
177,50.0,4.394851221554757,-2.0583957796953443,178.56036972535327,-12.914710817161701,0.5,[-12.914710817161701 0.5],0.7070572343360889,False,True,8.254767264976227,245,59.99785047027138,572.826,in_progress,0.0,0
177,51.0,4.287843826266064,-2.0666806194953713,-179.0950080749721,-13.658601881977365,1.8083217501378965,[-13.658601881977365 1.8083217501378965],0.9221840734106187,False,True,8.433106856323958,246,59.99785047027138,572.878,in_progress,0.0,0
177,52.0,4.195231561114307,-2.0618820633887043,179.4023098661505,30.0,3.119424184543531,[30.0 3.119424184543531],0.9110695415308752,False,True,8.587473273003987,246,59.99785047027138,572.958,in_progress,0.0,0
177,53.0,4.065409915219929,-2.0528516860413855,177.97042005726786,30.0,2.9969792676593907,[30.0 2.9969792676593907],0.9084804104483688,False,True,8.803745683095565,246,59.99785047027138,573.022,in_progress,0.0,0
177,54.0,3.9475036756966366,-2.0649816495011146,-178.56641689374297,4.021657248873197,1.7794021652288379,[4.021657248873197 1.7794021652288379],0.9492939035807461,False,True,9.000256915627658,247,59.99785047027138,573.094,in_progress,0.0,0
177,55.0,3.821538122369539,-2.0904797729104936,-174.03639077093888,-24.50444059881231,4.0,[-24.50444059881231 4.0],1.1620526228274037,False,True,9.210109103025166,247,59.99785047027138,573.152,in_progress,0.0,0
177,56.0,3.6953001964585677,-2.1119827186213116,-172.35027208190795,-17.711507757013877,3.0401002038358067,[-17.711507757013877 3.0401002038358067],1.0360106314109772,False,True,9.420524336157165,247,59.99785047027138,573.216,in_progress,0.0,0
177,57.0,3.534753915919929,-2.115714614961671,-175.83609908811263,-30.0,1.8879287211228704,[-30.0 1.8879287211228704],0.8827883414229846,False,True,9.688112981088848,248,59.99785047027138,573.285,in_progress,0.0,0
177,58.0,3.399380682003324,-2.1073535626048097,-179.4359798894664,-11.891654270142823,1.1390103098059594,[-11.891654270142823 1.1390103098059594],0.9766226204807366,False,True,9.91372110165063,248,59.99785047027138,573.355,in_progress,0.0,0
177,59.0,3.2603849580180406,-2.0916503281961867,177.03341364067524,30.0,0.5,[30.0 0.5],0.6939437552832158,False,True,10.145376539228302,249,59.99785047027138,573.428,in_progress,0.0,0
177,60.0,3.1298725617420136,-2.0690519391286424,172.93467104748612,28.183716705735087,1.5317912959909552,[28.183716705735087 1.5317912959909552],0.7918491235463234,False,True,10.362988923122662,249,59.99785047027138,573.489,in_progress,0.0,0
177,61.0,3.0155233078843247,-2.057101522676303,173.22139726471445,-30.0,1.1400706320700236,[-30.0 1.1400706320700236],0.7429972284667342,False,True,10.553580104059234,250,59.99785047027138,573.559,in_progress,0.0,0
177,62.0,2.90523875659808,-2.048842734269483,174.25344359185684,30.0,3.5592331376596253,[30.0 3.5592331376596253],1.1025757499120223,False,True,10.737395838525178,250,59.99785047027138,573.619,in_progress,0.0,0
177,63.0,2.809363925168022,-2.038239710956584,174.90490356073465,30.0,0.5218035321331365,[30.0 0.5218035321331365],0.6639851166003677,False,True,10.897274279665092,250,59.99785047027138,573.676,in_progress,0.0,0
177,64.0,2.7115867668160663,-2.039052034151081,176.64319350171775,-0.526529794574909,3.3861085852418276,[-0.526529794574909 3.3861085852418276],1.3652014056742428,False,True,11.06024139912024,251,59.99785047027138,573.746,in_progress,0.0,0
177,65.0,2.6125414810913474,-2.0382909727398726,177.41473777608934,30.0,3.3779031949657927,[30.0 3.3779031949657927],1.0987366981573239,False,True,11.225323363397688,251,59.99785047027138,573.815,in_progress,0.0,0
177,66.0,2.47278945992104,-2.040319809777951,179.24206361247002,30.0,2.5243185772469445,[30.0 2.5243185772469445],0.9843302233053182,False,True,11.458121158997203,251,59.99785047027138,573.9,in_progress,0.0,0
177,67.0,2.3541502949581394,-2.0630384423795,-175.66064286775907,30.0,0.503709932388055,[30.0 0.503709932388055],0.6861357352824415,False,True,11.655864609511646,252,59.99785047027138,573.957,in_progress,0.0,0
177,68.0,2.245517175061346,-2.0924394989520017,-170.81938388076665,16.732974896450386,1.0489953590708732,[16.732974896450386 1.0489953590708732],0.8460590693367067,False,True,11.836932022793768,252,59.99785047027138,574.016,in_progress,0.0,0
177,69.0,2.143050613248318,-2.1325902849803144,-165.16700861717547,-30.0,0.8781902255127647,[-30.0 0.8781902255127647],0.8234092304098319,False,True,12.007703098687827,252,59.99785047027138,574.084,in_progress,0.0,0
177,70.0,2.0572495761818193,-2.1701603340621647,-161.84194017157813,-30.0,3.333028146059961,[-30.0 3.333028146059961],1.2439098061963423,False,True,12.150736277984509,253,59.99785047027138,574.157,in_progress,0.0,0
177,71.0,1.9585414896650053,-2.2034991387977536,-161.56729995645495,2.513806360424894,0.8854619220437967,[2.513806360424894 0.8854619220437967],1.0428743287058018,False,True,12.315279008649815,253,59.99785047027138,574.232,in_progress,0.0,0
177,72.0,1.857194432420813,-2.2265893187245624,-164.54964768059176,-30.0,3.233951838720337,[-30.0 3.233951838720337],1.244048451358183,False,True,12.484158599762008,253,59.99785047027138,574.282,in_progress,0.0,0
177,73.0,1.7803826581397202,-2.2438418639002773,-165.79119839820808,-11.291791467440039,4.0,[-11.291791467440039 4.0],1.7261639484422733,False,True,12.612177348413134,253,59.99785047027138,574.362,in_progress,0.0,0
177,74.0,1.655653450009968,-2.2594692657827107,-169.01439689318264,-0.6024520162702629,3.1018461035413667,[-0.6024520162702629 3.1018461035413667],1.5477838083510016,False,True,12.820061860843168,254,59.99785047027138,574.422,in_progress,0.0,0
177,75.0,1.542440964030456,-2.2736497876988664,-170.8745282428785,-30.0,2.612496670214038,[-30.0 2.612496670214038],1.065744538130735,False,True,13.008726759510193,254,59.99785047027138,574.481,in_progress,0.0,0
177,76.0,1.4052770135051014,-2.2886956396473916,-172.33314973744746,30.0,4.0,[30.0 4.0],1.304066409573817,False,True,13.237333043817745,255,59.99785047027138,574.552,in_progress,0.0,0
177,77.0,1.2591887196316387,-2.3033218401671562,-172.97180896340564,-14.826366675817145,4.0,[-14.826366675817145 4.0],1.6502057852334544,False,True,13.480943783851007,255,59.99785047027138,574.62,in_progress,0.0,0
177,78.0,1.1000984062059105,-2.326389919489548,-172.4553300780722,-30.0,3.8092388511009534,[-30.0 3.8092388511009534],1.3063683999116682,False,True,13.746113764255497,256,59.99785047027138,574.685,in_progress,0.0,0
177,79.0,0.9386689699932638,-2.3320011403609167,-175.57196726603905,-23.404325696795695,2.3037743544266895,[-23.404325696795695 2.3037743544266895],1.0690174592461126,False,True,14.015182870382647,256,59.99785047027138,574.757,in_progress,0.0,0
177,80.0,0.7625711477936046,-2.3221679528842576,179.8762158223303,18.995011291858326,2.953470319390483,[18.995011291858326 2.953470319390483],1.1971338647038656,False,True,14.308685000297084,257,59.99785047027138,574.816,in_progress,0.0,0
177,81.0,0.5930942507747847,-2.3162963924414104,178.62214682199738,30.0,3.6664612801965473,[30.0 3.6664612801965473],1.338515218708471,False,True,14.590987307351512,257,59.99785047027138,574.879,in_progress,0.0,0
177,82.0,0.40844639767850466,-2.3303586127215543,-177.81494830728673,11.942397352303608,0.5,[11.942397352303608 0.5],0.9973850552658671,False,True,14.89873516223562,258,59.99785047027138,574.944,in_progress,0.0,0
177,83.0,0.2507785840970572,-2.361180970977157,-171.65894663509604,-13.491588579197142,2.2836964731288845,[-13.491588579197142 2.2836964731288845],1.4097784161655948,False,True,15.16155744856701,0,59.99785047027138,575.026,in_progress,0.0,0
177,84.0,0.05832644442662718,-2.4015209623181337,-167.44945238878387,-23.076011352322634,0.5,[-23.076011352322634 0.5],0.7458828916479209,False,True,15.482306664242557,1,59.99785047027138,575.093,in_progress,0.0,0
177,85.0,-0.0944458168023057,-2.4222732136314935,-168.44965196471875,-30.0,2.491033794580483,[-30.0 2.491033794580483],1.0880286988058352,False,True,15.737272255519258,1,59.99785047027138,575.153,in_progress,0.0,0
177,86.0,-0.23802760491760527,-2.43582418331318,-171.539702790897,30.0,0.5,[30.0 0.5],0.7619184091591327,False,True,15.976597155180656,2,59.99785047027138,575.226,in_progress,0.0,0
177,87.0,-0.4117392435305931,-2.438277538094643,-177.65737558908222,-30.0,3.222757428327791,[-30.0 3.222757428327791],1.238933258921511,False,True,16.26595543056621,2,59.99785047027138,575.291,in_progress,0.0,0
177,88.0,-0.5413938559399082,-2.4365642734773005,179.9514427746239,-30.0,1.7966480612851634,[-30.0 1.7966480612851634],1.002640228384326,False,True,16.482053619732255,3,59.99785047027138,575.352,in_progress,0.0,0
177,89.0,-0.6871459171101716,-2.413658189286362,174.86095690956816,2.009591277121693,4.0,[2.009591277121693 4.0],1.7467891990887434,False,True,16.724577438083713,3,59.99785047027138,575.422,in_progress,0.0,0
177,90.0,-0.8246601871091978,-2.3937472666309074,173.60326067278137,-30.0,1.1309477011293776,[-30.0 1.1309477011293776],0.9947343885438799,False,True,16.953802311177697,4,59.99785047027138,575.494,in_progress,0.0,0
177,91.0,-0.9768762018897121,-2.3812903727981602,174.54305748060403,10.127221497406225,1.291560251577178,[10.127221497406225 1.291560251577178],1.2955643905574894,False,True,17.207724247764503,4,59.99785047027138,575.548,in_progress,0.0,0
177,92.0,-1.1047929391623916,-2.3685956805550306,174.49777471087845,29.365972760803643,1.4242998642135503,[29.365972760803643 1.4242998642135503],1.070755446226397,False,True,17.420930827591846,5,59.99785047027138,575.621,in_progress,0.0,0
177,93.0,-1.2197315699841087,-2.366926817607806,176.41235783731562,-2.200158425589443,0.5,[-2.200158425589443 0.5],1.1175976081670111,False,True,17.612502647671576,5,59.99785047027138,575.692,in_progress,0.0,0
177,94.0,-1.3231316211341229,-2.3699726290229086,178.56049932956208,22.400455165211064,1.1337360723767675,[22.400455165211064 1.1337360723767675],1.0254947150174618,False,True,17.78521316337951,5,59.99785047027138,575.754,in_progress,0.0,0
177,95.0,-1.4174384978365002,-2.3718426889758417,179.45175072266883,-8.974074305452515,2.6902554621675865,[-8.974074305452515 2.6902554621675865],1.6780485125530404,False,True,17.942399738925943,6,59.99785047027138,575.828,in_progress,0.0,0
177,96.0,-1.5265380474659687,-2.3691453323666587,178.78763408405698,-30.0,4.0,[-30.0 4.0],1.6146637701887518,False,True,18.124234598721173,6,59.99785047027138,575.895,in_progress,0.0,0
177,97.0,-1.6331756591218067,-2.3486497553861123,174.63552487881694,23.91244650987212,0.5,[23.91244650987212 0.5],0.9133338230029312,False,True,18.301786008728428,6,59.99785047027138,575.948,in_progress,0.0,0
177,98.0,-1.7418666372448401,-2.322454078201857,170.83525827443722,-30.0,3.4839731670787404,[-30.0 3.4839731670787404],1.5277307963940594,False,True,18.482926507558375,7,59.99785047027138,576.021,in_progress,0.0,0
177,99.0,-1.8402064117917445,-2.3019980748088154,169.32861933473595,30.0,2.795814597623719,[30.0 2.795814597623719],1.393923515654203,False,True,18.646818241515533,7,59.99785047027138,576.083,in_progress,0.0,0
177,100.0,-1.9515886314363307,-2.2760420285285035,168.4172979232448,-30.0,4.0,[-30.0 4.0],1.6506737035874472,False,True,18.832238846730093,7,59.99785047027138,576.151,in_progress,0.0,0
177,101.0,-2.081601520297321,-2.247410987690092,167.4034419579358,12.446078780525077,1.7234325640781292,[12.446078780525077 1.7234325640781292],1.6225561313548984,False,True,19.048972724301464,8,59.99785047027138,576.224,in_progress,0.0,0
177,102.0,-2.1996750187892276,-2.2171734989392733,166.4119505780965,25.29930594477043,3.2750895263884483,[25.29930594477043 3.2750895263884483],1.6606022943469079,False,True,19.245778900155557,8,59.99785047027138,576.286,in_progress,0.0,0
177,103.0,-2.3275749585095875,-2.1972398608416888,168.69907001120654,27.018420601070694,4.0,[27.018420601070694 4.0],1.8393238955383056,False,True,19.45899303548012,8,59.99785047027138,576.352,in_progress,0.0,0
177,104.0,-2.476905459544025,-2.1936383454774533,173.9622915280916,30.0,2.9450384822212103,[30.0 2.9450384822212103],1.611179872576013,False,True,19.707893182186098,9,59.99785047027138,576.424,in_progress,0.0,0
177,105.0,-2.632090953919262,-2.2086595642022675,-179.51325762016268,8.814113481128722,3.474892685276354,[8.814113481128722 3.474892685276354],2.1880359008783263,False,True,19.96660987214692,9,59.99785047027138,576.494,in_progress,0.0,0
177,106.0,-2.826262677013059,-2.243136223893109,-172.8015936466886,-30.0,0.5,[-30.0 0.5],1.0670082683545965,False,True,20.29037547343816,10,59.99785047027138,576.55,in_progress,0.0,0
177,107.0,-2.976864337714889,-2.2681191570558203,-169.995252864596,8.491440191642631,1.2445334363015237,[8.491440191642631 1.2445334363015237],1.4374012849929245,False,True,20.54144281582522,11,59.99785047027138,576.625,in_progress,0.0,0
177,108.0,-3.12653211616317,-2.292042114247166,-170.06484173154269,-30.0,1.7480152277433012,[-30.0 1.7480152277433012],1.2711566345621736,False,True,20.790951265629047,11,59.99785047027138,576.69,in_progress,0.0,0
177,109.0,-3.261747437690853,-2.3189037841749056,-169.50833240677562,30.0,2.810134094178421,[30.0 2.810134094178421],1.5171243414256665,False,True,21.01646397722108,11,59.99785047027138,576.755,in_progress,0.0,0
177,110.0,-3.3947690315646057,-2.3482133085650103,-168.09466364522092,5.9486398383434675,4.0,[5.9486398383434675 4.0],2.2436018209282396,False,True,21.238257046139736,12,59.99785047027138,576.817,in_progress,0.0,0
177,111.0,-3.538540296440679,-2.393305677636818,-165.22985776838857,-30.0,0.5,[-30.0 0.5],1.0175746712323626,False,True,21.477529620462946,12,59.99785047027138,576.888,in_progress,0.0,0
177,112.0,-3.694143078749605,-2.4379351601726955,-163.20321894004823,-30.0,1.0181522099895965,[-30.0 1.0181522099895965],1.0405952854219747,False,True,21.736904954746976,13,59.99785047027138,576.955,in_progress,0.0,0
177,113.0,-3.8226768322048237,-2.46376117103184,-165.6611250660419,-30.0,1.9431754031431274,[-30.0 1.9431754031431274],1.240644799637185,False,True,21.953535987174916,13,59.99785047027138,577.029,in_progress,0.0,0
177,114.0,-3.9577824098305,-2.4816334118518704,-168.96851039371535,-30.0,0.5,[-30.0 0.5],0.9459772405397125,False,True,22.17887516046217,14,59.99785047027138,577.083,in_progress,0.0,0
177,115.0,-4.069639248785391,-2.4796275992322747,-175.11675365160463,-30.0,2.397597365840764,[-30.0 2.397597365840764],1.3523555763129145,False,True,22.37285598254614,14,59.99785047027138,577.147,in_progress,0.0,0
177,116.0,-4.180626999301349,-2.4665895300219307,178.73806504079874,-30.0,0.5,[-30.0 0.5],0.9560852088136249,False,True,22.557364273279717,14,59.99785047027138,577.21,in_progress,0.0,0
177,117.0,-4.290692388793986,-2.442777536499812,172.87090093737064,-2.5375437068347217,0.9986248408459633,[-2.5375437068347217 0.9986248408459633],1.3341609781342731,False,True,22.739971966280407,15,59.99785047027138,577.281,in_progress,0.0,0
177,118.0,-4.376813646805193,-2.4188179763572246,169.40714365403667,16.90833997993245,4.0,[16.90833997993245 4.0],1.7133121223895682,False,True,22.87748457858602,15,59.99785047027138,577.357,in_progress,0.0,0
177,119.0,-4.488641415111601,-2.388890773039131,167.26885853274516,13.861148685692953,2.459993176019477,[13.861148685692953 2.459993176019477],1.9120399560789159,False,True,23.06351142920441,15,59.99785047027138,577.424,in_progress,0.0,0
177,120.0,-4.613890032062818,-2.3760893530593186,170.1080533215244,-15.202376663929044,1.8548117096172656,[-15.202376663929044 1.8548117096172656],1.3947436455716922,False,True,23.272109588671867,16,59.99785047027138,577.493,in_progress,0.0,0
177,121.0,-4.741064611474114,-2.362169352663943,171.7182427976448,-23.514557231075003,4.0,[-23.514557231075003 4.0],1.915278151055172,False,True,23.456466273362807,16,59.99785047027138,577.56,in_progress,0.0,0
177,122.0,-4.876063490844502,-2.331692490814233,169.45796938247491,-21.56941339465407,1.9552353864150933,[-21.56941339465407 1.9552353864150933],1.435490951027778,False,True,23.68490741049669,17,59.99785047027138,577.622,in_progress,0.0,0
177,123.0,-4.998573997250399,-2.28903628806851,165.4483276110554,3.8858494239232186,4.0,[3.8858494239232186 4.0],2.4232762699181594,False,True,23.87843749760424,19,59.99785047027138,577.688,in_progress,0.0,0
177,124.0,-5.128869556584684,-2.2409311219047856,162.7037378202617,-0.4720812317593328,4.0,[-0.4720812317593328 4.0],2.4378995738049696,False,True,24.089916737203254,19,59.99785047027138,577.757,in_progress,0.0,0
177,125.0,-5.277457523854312,-2.1886861421844426,161.52105943301962,-26.620218989694372,3.970601707441624,[-26.620218989694372 3.970601707441624],1.9583174543185462,False,True,24.345125222817757,20,59.99785047027138,577.826,in_progress,0.0,0
177,126.0,-5.447007615464725,-2.1172736707990243,158.61853544795696,-17.45011384853371,4.0,[-17.45011384853371 4.0],1.9826384496261313,False,True,24.62399107167488,22,59.99785047027138,577.887,in_progress,0.0,0
177,127.0,-5.6074998986736375,-2.0285399454494857,153.8406519218597,-23.08681360103927,2.936466736120245,[-23.08681360103927 2.936466736120245],1.8929665730243865,False,True,24.92243763481568,23,59.99785047027138,577.957,in_progress,0.0,0
177,128.0,-5.763725976154659,-1.92560089741762,148.82649213126376,29.226136072248146,0.5,[29.226136072248146 0.5],1.2393844900197197,False,True,25.2193512544236,24,59.99785047027138,578.021,in_progress,0.0,0
177,129.0,-5.9032917782162055,-1.8191965486524742,141.8693475873789,-14.768957989837467,4.0,[-14.768957989837467 4.0],2.7768224901125502,False,True,25.493426816005055,25,59.99785047027138,578.08,in_progress,0.0,0
177,130.0,-6.048871776940087,-1.705985360928375,138.23994756705798,-30.0,3.034113934444216,[-30.0 3.034113934444216],1.805027410722742,False,True,25.767265026276092,26,59.99785047027138,578.151,in_progress,0.0,0
177,131.0,-6.187829539273633,-1.5770042658462438,134.01076626629165,-30.0,1.113148510881051,[-30.0 1.113148510881051],1.3220187986253749,False,True,26.028804075999645,27,59.99785047027138,578.218,in_progress,0.0,0
177,132.0,-6.325722533328044,-1.4267110743539315,127.87398924256422,-30.0,3.353434417270531,[-30.0 3.353434417270531],1.741354198389951,False,True,26.29006844626025,27,59.99785047027138,578.293,in_progress,0.0,0
177,133.0,-6.449755908670908,-1.2790470258501285,124.49575662767204,3.9099044023086975,4.0,[3.9099044023086975 4.0],2.3856601744141814,False,True,26.55136738965949,28,59.99785047027138,578.352,in_progress,0.0,0
177,134.0,-6.546107585803681,-1.1507791418020994,123.13970990469899,20.368712736806394,0.9215626211923842,[20.368712736806394 0.9215626211923842],0.9585280854822241,False,True,26.735804037210798,28,59.99785047027138,578.418,in_progress,0.0,0
177,135.0,-6.671284001147454,-1.0038853995811323,125.39517247685224,8.87256079525067,0.966195613764843,[8.87256079525067 0.966195613764843],0.6037266386158119,False,False,27.00882330649685,29,59.99785047027138,578.489,in_progress,0.0,0
177,136.0,-6.796284318103807,-0.8789258913277289,130.8922050807232,-7.333766688391815,1.4073275174614142,[-7.333766688391815 1.4073275174614142],0.6055404236893476,False,False,27.15516793631444,29,59.99785047027138,578.547,in_progress,0.0,0
177,137.0,-6.893796080945118,-0.7833614691403663,133.64590594537412,-30.0,1.3036499179454877,[-30.0 1.3036499179454877],0.48628180005206545,True,False,27.323651631589996,30,59.99785047027138,578.622,off_track,0.0,0
178,1.0,6.207520724563419,-2.1719386239551404,-179.33383818915834,18.586910102233354,1.7553673530396765,[18.586910102233354 1.7553673530396765],0.0,False,True,0.2333417681296912,239,59.99785047027138,578.761,prepare,0.0,0
178,2.0,6.206983369737609,-2.171632006207704,-179.38313030488746,30.0,4.0,[30.0 4.0],0.31330781711051486,False,True,0.23423132260056434,239,59.99785047027138,578.828,in_progress,0.0,0
178,3.0,6.199487330989396,-2.170290439707496,-179.68005183239603,8.070677560042014,0.5,[8.070677560042014 0.5],0.17651243444892986,False,True,0.24669802159179577,239,59.99785047027138,578.89,in_progress,0.0,0
178,4.0,6.180662466221435,-2.1725130305262033,-179.18530341993304,-17.456498495445636,4.0,[-17.456498495445636 4.0],0.2296119888734284,False,True,0.27811529660056733,240,59.99785047027138,578.948,in_progress,0.0,0
178,5.0,6.148870662146165,-2.1770150510967,-178.3043030261701,-5.502684589487444,0.8640714973258505,[-5.502684589487444 0.8640714973258505],0.17559055030709134,False,True,0.3311880758264385,240,59.99785047027138,579.029,in_progress,0.0,0
178,6.0,6.094510281796274,-2.1735705200681896,-179.01533188487082,-16.384104145466054,0.7683436512912458,[-16.384104145466054 0.7683436512912458],0.1523685657567752,False,True,0.4217182124654273,240,59.99785047027138,579.096,in_progress,0.0,0
178,7.0,6.038267938453539,-2.1626134381366753,178.24846821461503,30.0,2.265873656114075,[30.0 2.265873656114075],0.21704056467334176,False,True,0.5154541066252571,240,59.99785047027138,579.155,in_progress,0.0,0
178,8.0,5.989614220318982,-2.154651873275715,176.90343544040155,-4.28321384279738,3.4428001726197897,[-4.28321384279738 3.4428001726197897],0.33595602555224563,False,True,0.5965426145111641,240,59.99785047027138,579.228,in_progress,0.0,0
178,9.0,5.904702074544344,-2.15071425704992,176.81186466307256,-3.9348917326350197,4.0,[-3.9348917326350197 4.0],0.407412421393839,False,True,0.7380659807859402,240,59.99785047027138,579.302,in_progress,0.0,0
178,10.0,5.806913227387427,-2.1411463671766513,175.83633526446286,-7.808627595130961,0.5,[-7.808627595130961 0.5],0.2576589168286329,False,True,0.9010485090176323,241,59.99785047027138,579.354,in_progress,0.0,0
178,11.0,5.739470040190275,-2.1271896696004915,173.28930016334135,-15.119925672249243,3.4741640288834477,[-15.119925672249243 3.4741640288834477],0.3575257806992349,False,True,1.0134509644631695,241,59.99785047027138,579.428,in_progress,0.0,0
178,12.0,5.637976392499563,-2.09993700965922,170.05807928099242,30.0,0.5,[30.0 0.5],0.2349531941273603,False,True,1.1833223011218363,241,59.99785047027138,579.488,in_progress,0.0,0
178,13.0,5.545272453247126,-2.0768734000029303,168.5368483799875,-14.746538328163277,1.503258567309067,[-14.746538328163277 1.503258567309067],0.35003466814242057,False,True,1.3380462258953285,242,59.99785047027138,579.563,in_progress,0.0,0
178,14.0,5.4455377095416,-2.051859005350417,167.41293015136293,10.9941536290561,2.2542678317609215,[10.9941536290561 2.2542678317609215],0.422647269402066,False,True,1.5045065155419812,242,59.99785047027138,579.628,in_progress,0.0,0
178,15.0,5.336350182168616,-2.0272590807521436,167.49244064790014,3.275215422802873,1.6734436820474956,[3.275215422802873 1.6734436820474956],0.40751875515939207,False,True,1.6851418365259718,242,59.99785047027138,579.685,in_progress,0.0,0
178,16.0,5.254886313235964,-2.0182288647369515,169.40285963585129,-1.1348789656749396,2.7173340306291487,[-1.1348789656749396 2.7173340306291487],0.49664013999148976,False,True,1.8209053791916396,242,59.99785047027138,579.753,in_progress,0.0,0
178,17.0,5.13385864479978,-2.0100963642296676,172.33576852660855,-30.0,0.5,[-30.0 0.5],0.2825589451612229,False,True,2.0226123490423964,243,59.99785047027138,579.827,in_progress,0.0,0
178,18.0,5.011940108693708,-1.9941746343599815,173.18710237930804,-19.638713492177295,2.7521539515729527,[-19.638713492177295 2.7521539515729527],0.447145152024079,False,True,2.2253790102042648,243,59.99785047027138,579.888,in_progress,0.0,0
178,19.0,4.904483303344506,-1.9668026082893937,170.1333938672008,8.110896312754072,1.884996765723845,[8.110896312754072 1.884996765723845],0.5058527013579711,False,True,2.404372759306128,244,59.99785047027138,579.953,in_progress,0.0,0
178,20.0,4.7979466217418345,-1.9391251633529936,168.07544888519107,-8.919531946232944,1.5844781850382461,[-8.919531946232944 1.5844781850382461],0.45142644237495927,False,True,2.581831725837458,244,59.99785047027138,580.021,in_progress,0.0,0
178,21.0,4.6710867445802515,-1.903842035130362,166.32737026856609,-18.088721884778835,0.5,[-18.088721884778835 0.5],0.3040662607253174,False,True,2.7942597059135266,244,59.99785047027138,580.085,in_progress,0.0,0
178,22.0,4.5831242107421035,-1.8650225435926162,162.51809792111212,-1.9424059805540672,1.5676433779182037,[-1.9424059805540672 1.5676433779182037],0.47875478199584925,False,True,2.9408797195432324,245,59.99785047027138,580.143,in_progress,0.0,0
178,23.0,4.487800888145343,-1.8141794611562823,158.36068626430415,30.0,4.0,[30.0 4.0],0.5620918838711128,False,True,3.0997714184068714,245,59.99785047027138,580.221,in_progress,0.0,0
178,24.0,4.383360718753351,-1.7741624014785005,159.11071746377402,-2.9315776008948617,1.1915461626878714,[-2.9315776008948617 1.1915461626878714],0.3601778060241607,False,True,3.274343691128734,245,59.99785047027138,580.283,in_progress,0.0,0
178,25.0,4.282974520380819,-1.7458162518350337,161.7125659641221,30.0,4.0,[30.0 4.0],0.14719896094363136,False,False,3.441702324221596,246,59.99785047027138,580.348,in_progress,0.0,0
178,26.0,4.1761427354381375,-1.713574759956366,162.87707645358637,30.0,0.5,[30.0 0.5],0.1506913415295514,False,False,3.619809805425167,246,59.99785047027138,580.419,in_progress,0.0,0
178,27.0,4.072664439737624,-1.6937834706493216,165.02246669972007,30.0,0.8622601132265812,[30.0 0.8622601132265812],0.15384027813193815,False,False,3.7918378412801657,246,59.99785047027138,580.479,in_progress,0.0,0
178,28.0,3.9706406441845568,-1.686731382817467,169.55877527595723,25.572435637091246,4.0,[25.572435637091246 4.0],0.15683608591564874,False,False,3.9618871877646455,247,59.99785047027138,580.556,in_progress,0.0,0
178,29.0,3.8731280582398595,-1.6934915649975528,175.12112025237104,-30.0,0.64956221402042,[-30.0 0.64956221402042],0.15947720697468828,False,False,4.124410525207455,247,59.99785047027138,580.615,in_progress,0.0,0
178,30.0,3.791061489076159,-1.7085632336209755,-178.7312640504473,30.0,0.5,[30.0 0.5],0.16108221506544626,False,False,4.260707053778868,247,59.99785047027138,580.687,in_progress,0.0,0
178,31.0,3.716439995632521,-1.7259780778613327,-173.75049399679975,-27.757070062758196,0.5,[-27.757070062758196 0.5],0.16224831887754745,False,False,4.385089699393174,247,59.99785047027138,580.739,in_progress,0.0,0
178,32.0,3.6618826767784642,-1.7407660620134142,-171.6061291392034,-30.0,1.9655312436025436,[-30.0 1.9655312436025436],0.16222215984200677,False,False,4.476029493968414,248,59.99785047027138,580.817,in_progress,0.0,0
178,33.0,3.5977825040356954,-1.742743409818524,-173.35616297545258,30.0,0.5,[30.0 0.5],0.1628266029556481,False,False,4.582867963983473,248,59.99785047027138,580.888,in_progress,0.0,0
178,34.0,3.5301410016576855,-1.744584695583853,-174.7074726665683,-30.0,0.5,[-30.0 0.5],0.16367550641511924,False,False,4.695608790597683,248,59.99785047027138,580.954,in_progress,0.0,0
178,35.0,3.4822187148099326,-1.7484191428096427,-174.85540344741872,1.2576909106199423,2.8079616867462915,[1.2576909106199423 2.8079616867462915],0.20427971228134428,False,False,4.77536989748597,248,59.99785047027138,581.014,in_progress,0.0,0
178,36.0,3.4336747195252366,-1.7479101469689073,-175.68999539124363,26.337176351039567,0.5,[26.337176351039567 0.5],0.16327597653061626,False,False,4.856279044720901,248,59.99785047027138,581.083,in_progress,0.0,0
178,37.0,3.3835039975500574,-1.7568604862133814,-174.9240683727258,29.86723309377183,0.5,[29.86723309377183 0.5],0.16327692462043433,False,False,4.939906955076834,248,59.99785047027138,581.157,in_progress,0.0,0
178,38.0,3.343165380717406,-1.7736049856129477,-171.82726369177135,15.363928680391759,3.598873925665749,[15.363928680391759 3.598873925665749],0.16279668566067682,False,False,5.007153581046053,249,59.99785047027138,581.223,in_progress,0.0,0
178,39.0,3.2944063667297,-1.7991097309827844,-167.57159050760947,-12.60565780724641,1.6640624736017606,[-12.60565780724641 1.6640624736017606],0.20353766430668774,False,False,5.0884416076671934,249,59.99785047027138,581.286,in_progress,0.0,0
178,40.0,3.238090426009794,-1.8216010749623122,-164.9808160547181,-13.699727121081157,1.1297167652574192,[-13.699727121081157 1.1297167652574192],0.20413295068556375,False,False,5.182322587063847,249,59.99785047027138,581.354,in_progress,0.0,0
178,41.0,3.1689596091562366,-1.83436921498664,-166.26949725055678,-3.469017542692857,3.437126950329717,[-3.469017542692857 3.437126950329717],0.20560843208837654,False,False,5.297885980191297,249,59.99785047027138,581.419,in_progress,0.0,0
178,42.0,3.089312097374322,-1.8447141920329122,-168.2423323144943,-22.235532639991185,0.9265250332087567,[-22.235532639991185 0.9265250332087567],0.40940082781198683,False,True,5.430634627908382,249,59.99785047027138,581.477,in_progress,0.0,0
178,43.0,3.0192291124406725,-1.8523807884706265,-169.6547815608121,-30.0,0.9013390361579816,[-30.0 0.9013390361579816],0.41032024363801534,False,True,5.547442334059271,250,59.99785047027138,581.558,in_progress,0.0,0
178,44.0,2.931606604686108,-1.8549087116306289,-172.51630100089946,-9.328310662126743,2.1927154616068742,[-9.328310662126743 2.1927154616068742],0.6561929769942638,False,True,5.693484599081799,250,59.99785047027138,581.626,in_progress,0.0,0
178,45.0,2.8472741611527406,-1.8548243945615257,-174.9901283528445,30.0,0.5,[30.0 0.5],0.38582022925528725,False,True,5.834230948633534,250,59.99785047027138,581.685,in_progress,0.0,0
178,46.0,2.773471233953344,-1.856620666153804,-176.74196203238964,23.11280020583137,0.5127270676350802,[23.11280020583137 0.5127270676350802],0.3900951904193905,False,True,5.957238823713795,250,59.99785047027138,581.75,in_progress,0.0,0
178,47.0,2.709010833192761,-1.860870735815193,-177.2006986094505,-28.805261046598595,0.5,[-28.805261046598595 0.5],0.3911714315123303,False,True,6.064673356780315,251,59.99785047027138,581.812,in_progress,0.0,0
178,48.0,2.6564147131261158,-1.864796376066433,-176.88804907440633,19.875946469027205,1.2684536006892395,[19.875946469027205 1.2684536006892395],0.4590779448502564,False,True,6.152333634738594,251,59.99785047027138,581.887,in_progress,0.0,0
178,49.0,2.588869304208374,-1.877469652660125,-174.66688356905797,30.0,0.9472385665890662,[30.0 0.9472385665890662],0.43391560960671205,False,True,6.26490348051566,251,59.99785047027138,581.939,in_progress,0.0,0
178,50.0,2.536983669583659,-1.897932795633887,-171.08526091580939,28.410371422659303,0.5,[28.410371422659303 0.5],0.3956361230325089,False,True,6.351099236593627,251,59.99785047027138,582.016,in_progress,0.0,0
178,51.0,2.4761658416606203,-1.9302981599536648,-166.00438543814053,18.759567903742706,1.5443306552280678,[18.759567903742706 1.5443306552280678],0.4898373720097106,False,True,6.452472219539274,251,59.99785047027138,582.089,in_progress,0.0,0
178,52.0,2.4220437663303147,-1.963567563257266,-161.6748066023425,22.4629948369357,0.5,[22.4629948369357 0.5],0.4387426065839528,False,True,6.542685391224079,251,59.99785047027138,582.153,in_progress,0.0,0
178,53.0,2.3705446970087816,-2.002592925159746,-156.91129965049117,-30.0,3.736531680120199,[-30.0 3.736531680120199],0.7563118154285379,False,True,6.628527851040111,252,59.99785047027138,582.219,in_progress,0.0,0
178,54.0,2.313892815650757,-2.04585818840658,-153.14352385614777,-30.0,0.5,[-30.0 0.5],0.44169843682283905,False,True,6.722959464578981,252,59.99785047027138,582.282,in_progress,0.0,0
178,55.0,2.263128231054658,-2.063673002593014,-154.47980484836737,-10.283675293227944,0.5,[-10.283675293227944 0.5],0.5536016108254391,False,True,6.807573606988271,252,59.99785047027138,582.358,in_progress,0.0,0
178,56.0,2.202812913624918,-2.0783987501610213,-157.29716963096345,-30.0,0.5,[-30.0 0.5],0.445133424015354,False,True,6.908057711583537,252,59.99785047027138,582.417,in_progress,0.0,0
178,57.0,2.1666463159785403,-2.0874586337688084,-158.55304710755328,-30.0,1.4501134266361277,[-30.0 1.4501134266361277],0.587746383701209,False,True,6.968343880397654,252,59.99785047027138,582.479,in_progress,0.0,0
178,58.0,2.1041082256168444,-2.0900510703440607,-163.27497480745896,-30.0,1.9075466301879307,[-30.0 1.9075466301879307],0.6407455239535074,False,True,7.072579573556503,252,59.99785047027138,582.558,in_progress,0.0,0
178,59.0,2.037012242954047,-2.077570177016385,-170.45582326678533,2.1696800532764087,0.5,[2.1696800532764087 0.5],0.5630774642329253,False,True,7.184401457517387,253,59.99785047027138,582.625,in_progress,0.0,0
178,60.0,1.9709662664753096,-2.0647701871910016,-177.2054927853566,-27.670898283700694,3.6536744067489906,[-27.670898283700694 3.6536744067489906],0.7711795892808841,False,True,7.29447304491182,253,59.99785047027138,582.696,in_progress,0.0,0
178,61.0,1.9082522551301644,-2.052623957327135,178.44681444507995,23.42733219060991,2.0963542837059537,[23.42733219060991 2.0963542837059537],0.6178289093311646,False,True,7.399114230768955,253,59.99785047027138,582.752,in_progress,0.0,0
178,62.0,1.8419515388911938,-2.03138763356636,173.50549695369224,30.0,0.5,[30.0 0.5],0.45905271554171656,False,True,7.509626101406908,253,59.99785047027138,582.81,in_progress,0.0,0
178,63.0,1.7772467919954296,-2.0240416518394806,173.40274100095303,-30.0,2.3874666922454755,[-30.0 2.3874666922454755],0.6556444303504924,False,True,7.617473532447361,253,59.99785047027138,582.885,in_progress,0.0,0
178,64.0,1.7075226065024096,-2.019960604996604,173.98775964019123,-1.0566855419623025,0.5,[-1.0566855419623025 0.5],0.5815880567325077,False,True,7.7336859608976845,254,59.99785047027138,582.95,in_progress,0.0,0
178,65.0,1.6312887270761571,-2.002283050931293,171.64954111033384,30.0,0.6041633196638048,[30.0 0.6041633196638048],0.48014970273932556,False,True,7.860752570205443,254,59.99785047027138,583.024,in_progress,0.0,0
178,66.0,1.5723309187706103,-1.994825506871516,171.92948029698033,25.951394846082707,3.1460399251892004,[25.951394846082707 3.1460399251892004],0.7488929923452492,False,True,7.959065480478655,254,59.99785047027138,583.088,in_progress,0.0,0
178,67.0,1.5147733321984025,-1.9986989288072379,174.70837021556912,-4.951136635520143,1.9875177042789123,[-4.951136635520143 1.9875177042789123],0.7879837983152814,False,True,8.054996040440699,254,59.99785047027138,583.147,in_progress,0.0,0
178,68.0,1.442657527028536,-1.9989996854540995,176.3744181981555,0.9843774045370068,2.1553010039401252,[0.9843774045370068 2.1553010039401252],0.8162540170137953,False,True,8.17519317886688,255,59.99785047027138,583.22,in_progress,0.0,0
178,69.0,1.360402671395943,-1.9911511447026196,175.75995062562666,-18.497773794218766,2.5349419180575175,[-18.497773794218766 2.5349419180575175],0.6999566136330201,False,True,8.312293930627668,255,59.99785047027138,583.288,in_progress,0.0,0
178,70.0,1.268383426657446,-1.9729716073736734,173.25932606189707,30.0,3.6514366028846603,[30.0 3.6514366028846603],0.8289126165123326,False,True,8.46547598312507,255,59.99785047027138,583.358,in_progress,0.0,0
178,71.0,1.1467998364512964,-1.9522936543773297,172.34888024629817,18.466623607860548,2.794946030337777,[18.466623607860548 2.794946030337777],0.7486763630096658,False,True,8.668113618536054,255,59.99785047027138,583.416,in_progress,0.0,0
178,72.0,1.04056051357069,-1.9539457484433538,175.72014847755582,-11.315984347966335,2.096852587986919,[-11.315984347966335 2.096852587986919],0.8512096360378361,False,True,8.845186208258726,256,59.99785047027138,583.48,in_progress,0.0,0
178,73.0,0.9203769873635508,-1.9570083146986417,178.26120000017497,28.821043880839817,2.104683267024706,[28.821043880839817 2.104683267024706],0.6927852496791309,False,True,9.045489716754496,256,59.99785047027138,583.56,in_progress,0.0,0
178,74.0,0.7803909531093851,-1.959281616197213,179.68869189074456,-9.481198738182805,3.7067424480177276,[-9.481198738182805 3.7067424480177276],1.1143547056825325,False,True,9.278809219376027,257,59.99785047027138,583.61,in_progress,0.0,0
178,75.0,0.664806583122411,-1.9685837042726917,-178.37648620095365,30.0,3.397025055204086,[30.0 3.397025055204086],0.8680144051381036,False,True,9.47146121662027,257,59.99785047027138,583.676,in_progress,0.0,0
178,76.0,0.5175205217221085,-1.979746168562419,-176.8522594926117,21.287635641836545,1.5154414172760113,[21.287635641836545 1.5154414172760113],0.659978237141385,False,True,9.71717698780007,257,59.99785047027138,583.747,in_progress,0.0,0
178,77.0,0.38222590382330646,-2.005137934643284,-173.01196465038674,30.0,2.8588694668711017,[30.0 2.8588694668711017],0.8347816263176905,False,True,9.942658802831462,258,59.99785047027138,583.814,in_progress,0.0,0
178,78.0,0.2472076417215606,-2.041531131185585,-168.84211018270014,30.0,0.5,[30.0 0.5],0.5568131388457788,False,True,10.167634692188827,0,59.99785047027138,583.872,in_progress,0.0,0
178,79.0,0.13998426969816166,-2.0847467978408454,-162.9777606945362,-30.0,0.5,[-30.0 0.5],0.6145719870267676,False,True,10.346329747925381,1,59.99785047027138,583.949,in_progress,0.0,0
178,80.0,0.018849515254564075,-2.1362713598510847,-157.9025424635079,-2.055133088634811,3.2093195467815425,[-2.055133088634811 3.2093195467815425],1.2477019095245327,False,True,10.54815740676014,1,59.99785047027138,584.023,in_progress,0.0,0
178,81.0,-0.10292176702635114,-2.189370901918802,-156.32566366947086,7.472230514860165,2.6141073649808826,[7.472230514860165 2.6141073649808826],1.1602970815080302,False,True,10.751169240530402,1,59.99785047027138,584.089,in_progress,0.0,0
178,82.0,-0.2055064079650865,-2.24647118395421,-153.86041018929146,9.085366174649991,1.3787189032310325,[9.085366174649991 1.3787189032310325],0.9534078446142772,False,True,10.922206151331764,2,59.99785047027138,584.154,in_progress,0.0,0
178,83.0,-0.3147306095581808,-2.3227387174041074,-149.6077830076278,-21.071748647092797,0.5,[-21.071748647092797 0.5],0.591538206355203,False,True,11.104230207794103,2,59.99785047027138,584.216,in_progress,0.0,0
178,84.0,-0.40232075945166307,-2.389758100840249,-146.20197239546812,-30.0,3.9681015384821023,[-30.0 3.9681015384821023],1.0556789165712117,False,True,11.250241279026923,2,59.99785047027138,584.297,in_progress,0.0,0
178,85.0,-0.5040271574707387,-2.4542656096808,-146.85298264762193,7.047690492501644,4.0,[7.047690492501644 4.0],1.21633929834055,False,True,11.419779438568483,3,59.99785047027138,584.361,in_progress,0.0,0
178,86.0,-0.6151362375314413,-2.510774908077783,-149.64677198621834,19.752262627154565,1.4866695189324526,[19.752262627154565 1.4866695189324526],0.6747520927003356,False,True,11.604428842364698,3,59.99785047027138,584.427,in_progress,0.0,0
178,87.0,-0.7270767159759615,-2.5865193692257202,-148.29863382487926,-6.785971619774138,0.5,[-6.785971619774138 0.5],0.6217021552282882,False,True,11.790902943984776,3,59.99785047027138,584.493,in_progress,0.0,0
178,88.0,-0.8257204824654937,-2.6503513746972835,-147.81109068321157,14.126672153179129,0.5,[14.126672153179129 0.5],0.31365689788381323,False,False,11.955230797284528,4,59.99785047027138,584.556,in_progress,0.0,0
178,89.0,-0.9072403618507243,-2.6999932256934294,-148.01462943229245,-28.43090237279306,2.204636443004463,[-28.43090237279306 2.204636443004463],0.25256831919513206,False,False,12.09103655721377,4,59.99785047027138,584.625,in_progress,0.0,0
178,90.0,-0.9779135160031415,-2.7429211208849424,-148.4783196442408,-30.0,1.2912081157932465,[-30.0 1.2912081157932465],0.25384669335738946,False,False,12.209328274589026,4,59.99785047027138,584.686,in_progress,0.0,0
178,91.0,-1.077141191118032,-2.7827532666188812,-152.26005490787676,19.43163513537784,3.115636372790688,[19.43163513537784 3.115636372790688],0.25610248485057,False,False,12.374699898241829,5,59.99785047027138,584.751,in_progress,0.0,0
178,92.0,-1.1590392050705054,-2.810059970846581,-155.30339823132164,8.702559989025353,1.318895958415748,[8.702559989025353 1.318895958415748],0.3221968273926159,True,False,12.51119204489072,5,59.99785047027138,584.82,off_track,0.0,0
179,1.0,3.2076460832408578,-2.173136532848707,-179.96896552567122,-30.0,2.8633186908456785,[-30.0 2.8633186908456785],0.0,False,True,0.23334202445907115,249,59.99785047027138,584.955,prepare,0.0,0
179,2.0,3.2076462786374327,-2.1731290830287833,-179.9729072247168,30.0,4.0,[30.0 4.0],0.31211784844323925,False,True,0.2333416929151011,249,59.99785047027138,585.02,in_progress,0.0,0
179,3.0,3.2017738725377662,-2.1742346300507362,-179.40506278812737,30.0,1.5417231972906866,[30.0 1.5417231972906866],0.17138426663133374,False,True,0.24313025727864535,249,59.99785047027138,585.087,in_progress,0.0,0
179,4.0,3.184827380090751,-2.1822803470153613,-177.99015491303155,30.0,4.0,[30.0 4.0],0.22404540260933473,False,True,0.27137282292797327,249,59.99785047027138,585.152,in_progress,0.0,0
179,5.0,3.1560104096256043,-2.1975420406052173,-174.56476200003667,-30.0,2.9436243802156357,[-30.0 2.9436243802156357],0.19339156523263115,False,True,0.31939993551385326,249,59.99785047027138,585.222,in_progress,0.0,0
179,6.0,3.1183424860848508,-2.2103529347204947,-172.36854252413136,-28.178062981341874,3.623473301367871,[-28.178062981341874 3.623473301367871],0.22076280012747942,False,True,0.3821796293632551,249,59.99785047027138,585.286,in_progress,0.0,0
179,7.0,3.059569794765539,-2.2039187295947995,-175.60668916126156,-30.0,0.7357915807833275,[-30.0 0.7357915807833275],0.15280187930336298,False,True,0.48013884286209896,249,59.99785047027138,585.351,in_progress,0.0,0
179,8.0,3.009902439649966,-2.1859163763458977,179.806746725584,1.1933736806786825,3.4601405018578486,[1.1933736806786825 3.4601405018578486],0.3177616528542653,False,True,0.562924144455712,250,59.99785047027138,585.416,in_progress,0.0,0
179,9.0,2.959114334380365,-2.1652794392968304,175.12947662395638,30.0,0.5,[30.0 0.5],0.16085835758959732,False,True,0.6475779291046591,250,59.99785047027138,585.49,in_progress,0.0,0
179,10.0,2.9052844831044426,-2.15444945429416,172.31457409975877,12.67407495783096,0.7197826727844867,[12.67407495783096 0.7197826727844867],0.22113144228257578,False,True,0.7372996137228416,250,59.99785047027138,585.553,in_progress,0.0,0
179,11.0,2.855154973121894,-2.148956246714675,172.4700075042516,0.3290025387964768,1.2160262111106155,[0.3290025387964768 1.2160262111106155],0.252618172715582,False,True,0.8208670300029475,250,59.99785047027138,585.622,in_progress,0.0,0
179,12.0,2.7949970629223273,-2.146613800831996,173.6476730995676,28.680809732868937,2.756064448171736,[28.680809732868937 2.756064448171736],0.27458900870575853,False,True,0.9211356167110663,250,59.99785047027138,585.692,in_progress,0.0,0
179,13.0,2.7234522715650664,-2.152402592338169,176.87809249916415,3.2612536036533086,0.5,[3.2612536036533086 0.5],0.24277933243849723,False,True,1.0403766924208635,250,59.99785047027138,585.755,in_progress,0.0,0
179,14.0,2.6538837286456953,-2.1696284418612994,-178.05129849702,25.22005303607947,3.1563823377591698,[25.22005303607947 3.1563823377591698],0.3243812661220676,False,True,1.156315007845632,251,59.99785047027138,585.811,in_progress,0.0,0
179,15.0,2.588698922166446,-2.188767350709901,-173.97501305297604,-25.88838165692416,3.6479622014870463,[-25.88838165692416 3.6479622014870463],0.35988225627366244,False,True,1.2649453470133354,251,59.99785047027138,585.885,in_progress,0.0,0
179,16.0,2.50505536542827,-2.218783355334981,-169.23829286131593,-8.967782190918175,2.3746692392220607,[-8.967782190918175 2.3746692392220607],0.39654051931965856,False,True,1.4043774927411268,251,59.99785047027138,585.956,in_progress,0.0,0
179,17.0,2.402548949496489,-2.237931019182739,-169.3680641665069,-30.0,3.5053691153403443,[-30.0 3.5053691153403443],0.400395198501876,False,True,1.5752313693653375,252,59.99785047027138,586.023,in_progress,0.0,0
179,18.0,2.299062334136932,-2.245424821049543,-171.98226814761037,-30.0,2.5238660782026074,[-30.0 2.5238660782026074],0.37014069610129363,False,True,1.7477166997544424,252,59.99785047027138,586.083,in_progress,0.0,0
179,19.0,2.1785652918743987,-2.231295614790032,-178.51228181766623,23.639092531828368,1.0882727189801893,[23.639092531828368 1.0882727189801893],0.3093449312338913,False,True,1.948579054170485,252,59.99785047027138,586.16,in_progress,0.0,0
179,20.0,2.0553312087573574,-2.21242313049466,175.6007268860445,12.098991989033195,4.0,[12.098991989033195 4.0],0.6474198266434007,False,True,2.1539633015702497,253,59.99785047027138,586.211,in_progress,0.0,0
179,21.0,1.9496581402163817,-2.1999899788392403,173.95051394337113,30.0,1.5379378574952374,[30.0 1.5379378574952374],0.37444635174106344,False,True,2.3300826599324087,253,59.99785047027138,586.295,in_progress,0.0,0
179,22.0,1.8242081620507453,-2.1979201099377144,175.85907843324466,-3.6645528852927036,2.1939080029127584,[-3.6645528852927036 2.1939080029127584],0.5518210360310976,False,True,2.5391467577566607,253,59.99785047027138,586.356,in_progress,0.0,0
179,23.0,1.7131645661326482,-2.205840697707557,179.10839806239912,29.980988187585552,4.0,[29.980988187585552 4.0],0.5927910419690655,False,True,2.7242235384607794,254,59.99785047027138,586.42,in_progress,0.0,0
179,24.0,1.5763095031882075,-2.2246657086338586,-176.4047911998915,11.918919279059459,0.5,[11.918919279059459 0.5],0.43841725887410005,False,True,2.9523047735629637,254,59.99785047027138,586.486,in_progress,0.0,0
179,25.0,1.4763760039713325,-2.2612204662409887,-168.20945409479427,3.333265361771076,0.7398732639376688,[3.333265361771076 0.7398732639376688],0.47419105654767074,False,True,3.118845967690087,254,59.99785047027138,586.556,in_progress,0.0,0
179,26.0,1.3630041396404253,-2.3224816847684835,-156.89931548696742,6.8109821336285705,4.0,[6.8109821336285705 4.0],0.7573571218026819,False,True,3.307771318128827,255,59.99785047027138,586.626,in_progress,0.0,0
179,27.0,1.283719085105016,-2.373919667967779,-150.4046042706816,-30.0,0.5,[-30.0 0.5],0.3454340679330772,False,True,3.440088882531711,255,59.99785047027138,586.691,in_progress,0.0,0
179,28.0,1.1991509246601255,-2.4377559685995625,-142.11438043951233,30.0,2.875467637124196,[30.0 2.875467637124196],0.4873362962987375,False,True,3.5810684444696372,255,59.99785047027138,586.751,in_progress,0.0,0
179,29.0,1.1354429908281825,-2.4855516225064997,-138.47480793635967,30.0,0.5167835476573931,[30.0 0.5167835476573931],0.32198918579721275,False,True,3.687272786652429,256,59.99785047027138,586.82,in_progress,0.0,0
179,30.0,1.0745836858130724,-2.5427824166486848,-134.1470781070553,-9.878399288585634,0.7753941172575998,[-9.878399288585634 0.7753941172575998],0.35809640743828,False,True,3.788733321019344,256,59.99785047027138,586.886,in_progress,0.0,0
179,31.0,1.0031348596210992,-2.6042963076703836,-133.21385210352818,-30.0,0.5,[-30.0 0.5],0.2891805699411409,False,True,3.9078455397451473,256,59.99785047027138,586.955,in_progress,0.0,0
179,32.0,0.9533292784838164,-2.641275987044734,-135.29365929854805,-22.318003349941336,1.3121794324698117,[-22.318003349941336 1.3121794324698117],0.14463979417743006,False,False,3.9908973309826012,256,59.99785047027138,587.023,in_progress,0.0,0
179,33.0,0.8942795554804466,-2.674385113196737,-139.44469652609936,30.0,1.8660502542092705,[30.0 1.8660502542092705],0.14529159700860692,False,False,4.0893330283879425,256,59.99785047027138,587.079,in_progress,0.0,0
179,34.0,0.8278774688636253,-2.7052092186366457,-143.93986291340295,30.0,0.5,[30.0 0.5],0.14640076690760828,False,False,4.2000220014477785,256,59.99785047027138,587.154,in_progress,0.0,0
179,35.0,0.7668229601026827,-2.747855058258855,-144.37669896452152,-30.0,0.5,[-30.0 0.5],0.14721728314168422,False,False,4.301803728166098,257,59.99785047027138,587.224,in_progress,0.0,0
179,36.0,0.7192552987601113,-2.7821015127386324,-144.33856786306038,-21.122888664450652,1.6801959600307408,[-21.122888664450652 1.6801959600307408],0.1472997712107349,False,False,4.3811025199334335,257,59.99785047027138,587.29,in_progress,0.0,0
179,37.0,0.6676910074096342,-2.806967042791044,-146.59330553271968,-10.53768857453409,0.5768684498855355,[-10.53768857453409 0.5768684498855355],0.18456003099660473,False,False,4.467058075077057,257,59.99785047027138,587.353,in_progress,0.0,0
179,38.0,0.6153598117792599,-2.8232053102333117,-150.1545607143967,-9.561297627602386,0.5,[-9.561297627602386 0.5],0.18506020468172446,True,False,4.553531850212778,257,59.99785047027138,587.418,off_track,0.0,0
